1avuNoHeHR_shell
20.
0.010
19963.1
0.733
1.0
1.E-8
945
3.567 35.179 23.99 3.28197651502
4.335 34.481 25.066 3.374854362
3.576 34.543 26.403 3.374854362
2.158 33.997 26.307 3.29292659605
1.435 34.364 25.357 3.21343256117
1.765 33.205 27.19 3.21343256117
4.65 33.032 24.677 3.29292659605
5.224 32.854 23.488 1.7
5.591 31.522 23.002 2.0
5.777 31.509 21.476 2.0
4.488 31.5 20.694 1.74
3.441 30.65 21.041 1.86
2.263 30.639 20.313 1.86
2.122 31.467 19.213 1.86
3.159 32.307 18.847 1.86
4.334 32.318 19.58 1.86
7.767 31.783 23.987 1.4
11.673 33.134 21.987 2.97245262608
10.383 31.679 20.41 2.97245262608
14.127 25.693 20.509 4.32767651728
14.238 26.338 19.13 4.27849626329
14.035 25.617 18.13 4.23203245328
17.72 27.746 22.011 2.57789518755
18.8 26.937 22.752 2.57789518755
19.109 25.603 22.092 2.43285482807
18.582 25.277 21.028 2.28148428923
19.968 24.818 22.734 2.46421089331
18.257 28.3 20.677 2.43285482807
19.351 28.867 20.636 2.28148428923
17.773 28.783 18.316 3.41882014206
17.649 27.772 17.173 3.41882014206
18.579 26.575 17.294 3.41882014206
18.455 25.611 16.128 3.33906215107
18.322 26.073 14.974 3.26182836231
18.499 24.385 16.363 3.26182836231
16.835 29.968 18.057 3.33906215107
16.878 30.573 16.983 3.26182836231
15.995 30.297 19.037 2.41269401738
15.057 31.414 18.921 2.57789518755
13.806 31.108 18.113 2.43285482807
13.133 32.027 17.642 2.28148428923
12.283 29.388 17.254 2.57789518755
12.632 28.357 16.177 2.57789518755
13.458 28.943 15.044 2.43285482807
13.535 30.161 14.876 2.28148428923
14.077 28.072 14.254 2.46421089331
11.277 28.79 18.236 2.43285482807
11.67 28.126 19.195 2.28148428923
7.669 29.203 18.426 3.08311555793
7.915 29.453 16.98 3.08311555793
9.382 29.737 16.856 3.08311555793
8.797 26.997 18.882 2.98417189675
9.02 26.381 17.839 2.88653560143
8.243 24.958 20.12 2.97245262608
10.429 25.135 22.266 2.97245262608
6.745 22.155 16.397 3.87583860819
6.609 22.845 15.044 3.87583860819
7.692 23.874 14.776 3.81424376621
8.206 24.479 15.74 3.75551382604
8.027 24.084 13.591 3.75551382604
4.057 22.059 18.312 2.41269401738
1.712 21.685 18.951 2.57789518755
0.745 20.869 19.791 2.43285482807
1.066 20.458 20.906 2.28148428923
-0.45 20.637 19.26 2.46421089331
3.257 19.751 18.518 2.43285482807
2.813 19.464 17.404 2.28148428923
3.849 18.867 19.317 2.11633202144
4.097 17.485 18.91 2.32485688748
5.462 17.289 18.271 2.14243103283
5.645 16.383 17.457 1.94074133197
6.418 18.14 18.643 2.11633202144
7.794 18.043 18.157 2.32485688748
8.718 17.524 19.242 2.14243103283
9.813 16.888 18.831 2.85110369563
11.433 15.041 19.18 2.97245262608
10.454 14.272 18.469 2.81719981417
12.32 18.068 19.238 2.75923199067
11.726 22.095 19.626 2.65002772709
10.401 21.783 19.381 2.59344389372
9.704 22.475 18.419 2.53400746709
9.777 20.778 20.095 2.65002772709
18.531 14.372 22.084 2.65002772709
18.942 14.748 20.817 2.59344389372
19.316 13.787 19.905 2.53400746709
18.975 16.082 20.461 2.65002772709
18.595 17.046 21.381 2.65002772709
18.985 20.71 28.204 2.57789518755
19.879 21.352 27.138 2.57789518755
20.984 21.341 24.896 2.57789518755
20.394 19.166 25.982 2.57789518755
19.903 21.661 30.239 2.65003072421
19.905 22.452 31.469 2.78912757715
20.388 21.595 32.639 2.78912757715
20.267 22.289 33.869 2.61066977765
21.636 23.779 30.458 2.5427976846
21.381 25.863 32.308 3.374854362
20.614 26.996 33.003 3.374854362
20.389 26.735 34.482 3.29292659605
20.018 25.596 34.837 3.21343256117
20.573 27.671 35.289 3.21343256117
22.712 25.622 33.021 3.29292659605
23.674 26.363 32.811 3.21343256117
23.972 24.257 34.607 2.41516305987
22.428 23.87 36.622 2.41516305987
21.61 22.725 37.183 2.41516305987
24.873 23.467 36.83 2.41516305987
24.878 23.464 33.668 2.24769809506
24.511 22.374 33.224 2.06703446881
26.052 24.011 33.359 2.41269401738
27.005 23.345 32.462 2.57789518755
28.091 24.32 31.962 2.57789518755
28.612 25.073 33.065 2.36497245057
27.513 25.274 30.926 2.57789518755
27.674 22.126 33.108 2.43285482807
28.366 21.364 32.432 2.28148428923
27.468 21.952 34.412 2.41269401738
27.905 20.756 35.128 2.57789518755
27.924 21.029 36.626 2.57789518755
27.426 18.407 35.148 2.28148428923
24.754 17.675 37.067 1.86
25.199 17.667 38.378 1.86
25.104 18.814 39.146 1.86
24.566 19.966 38.599 1.86
24.265 19.655 31.95 1.4
23.374 17.218 30.861 2.57789518755
21.86 17.253 30.744 2.43285482807
21.184 17.928 31.522 2.28148428923
21.333 16.517 29.767 2.41269401738
17.924 10.328 29.931 2.85287250891
19.054 10.319 30.951 2.85287250891
20.399 10.011 30.307 2.85287250891
20.366 8.778 29.513 2.7203848681
20.627 8.682 28.206 2.73628278469
20.971 9.745 27.482 2.76116415538
20.554 7.495 27.613 2.76116415538
15.79 8.653 31.21 2.22402568616
15.244 7.671 32.147 2.41516305987
14.226 6.785 31.446 2.41516305987
17.388 6.586 32.136 2.06703446881
17.084 5.504 34.693 2.41516305987
18.22 6.345 35.255 2.41516305987
17.022 1.385 37.147 3.08311555793
17.446 1.274 35.725 3.08311555793
17.803 2.669 35.314 3.08311555793
16.716 3.421 38.599 2.98417189675
17.763 4.062 38.71 2.88653560143
15.847 3.255 39.594 2.57572842164
16.015 3.881 40.905 2.72232757201
16.188 6.191 40.155 2.53400746709
15.245 5.832 42.352 2.72232757201
15.381 3.01 41.992 2.59344389372
14.156 2.904 42.076 2.46178430194
16.221 2.396 42.821 2.41269401738
15.753 1.563 43.925 2.57789518755
15.443 0.141 43.494 2.43285482807
16.337 -0.59 43.065 2.28148428923
14.172 -0.246 43.602 2.41269401738
13.743 -1.623 43.341 2.57789518755
12.946 -2.149 44.539 2.57789518755
13.743 -2.114 45.829 2.43285482807
14.731 -2.832 45.98 2.28148428923
13.314 -1.279 46.769 2.46421089331
12.92 -1.776 42.058 2.43285482807
12.027 -2.623 41.985 2.28148428923
13.228 -0.963 41.049 3.32841402621
12.593 -1.081 39.734 3.41882014206
11.898 0.226 39.322 3.41882014206
12.789 1.461 39.291 3.41882014206
12.039 2.729 38.92 3.33906215107
10.848 2.855 39.277 3.26182836231
13.636 -1.502 38.7 3.33906215107
14.716 -0.916 38.621 3.26182836231
13.308 -2.533 37.925 2.49687256947
14.223 -3.08 36.925 2.65207782941
13.791 -4.502 36.539 2.65207782941
14.602 -5.17 35.432 2.65207782941
16.107 -5.144 35.674 2.65207782941
16.474 -5.34 37.077 2.49687256947
16.415 -6.499 37.734 2.51571213812
15.994 -7.611 37.136 2.54507232427
16.778 -6.544 39.011 2.54507232427
15.36 -1.863 35.196 2.37505611705
13.107 -1.779 35.209 1.7
13.007 -0.916 34.036 2.0
11.59 -0.97 33.465 2.0
11.0 -2.646 33.133 1.8
15.099 3.053 32.444 3.54436212661
14.681 2.125 31.358 3.54436212661
14.234 0.857 32.031 3.54436212661
10.08 3.613 35.803 2.72232757201
8.906 1.472 36.363 2.72232757201
9.207 2.123 33.964 2.72232757201
13.454 8.578 38.919 4.32767651728
12.477 9.525 35.844 2.22402568616
11.894 11.572 34.56 2.41516305987
13.87 11.942 36.745 2.06703446881
16.858 9.829 37.283 2.41516305987
18.033 9.941 35.086 2.41516305987
22.131 13.383 33.302 3.54436212661
23.604 12.5 31.584 3.43758922265
25.305 14.088 35.292 2.65207782941
25.9 13.158 36.36 2.65207782941
24.885 12.483 37.278 2.65207782941
24.91 10.963 37.161 2.65207782941
24.732 10.482 35.787 2.49687256947
23.585 10.054 35.254 2.51571213812
22.456 10.029 35.959 2.54507232427
23.568 9.647 33.989 2.54507232427
26.379 14.473 34.279 2.51571213812
27.038 15.504 34.423 2.37505611705
26.548 13.632 33.26 2.57572842164
27.492 13.898 32.18 2.72232757201
27.696 12.641 31.327 2.72232757201
28.847 12.778 30.345 2.59344389372
29.914 13.291 30.686 2.46178430194
28.639 12.308 29.12 2.62109821036
27.365 17.415 30.684 3.41882014206
28.301 18.569 31.089 3.41882014206
29.775 18.396 30.725 3.41882014206
30.502 17.36 31.567 3.33906215107
29.948 16.907 32.591 3.26182836231
31.64 16.997 31.205 3.26182836231
27.369 17.246 29.158 3.33906215107
26.675 17.981 28.453 3.26182836231
28.171 15.98 27.219 2.32485688748
29.418 15.155 26.862 2.32485688748
30.687 15.939 26.503 2.14243103283
31.004 17.018 27.527 2.32485688748
31.866 14.99 26.349 2.32485688748
26.906 15.256 26.733 2.14243103283
26.647 15.205 25.529 1.94074133197
24.919 13.951 27.327 3.374854362
24.592 12.966 28.457 3.374854362
23.569 11.912 28.053 3.29292659605
23.2 11.834 26.861 3.21343256117
23.134 11.149 28.941 3.21343256117
23.73 14.886 27.088 3.29292659605
23.382 15.687 27.957 3.21343256117
23.114 14.775 25.912 2.91219395265
21.934 15.576 25.564 3.0287949135
21.859 15.804 24.05 3.0287949135
22.931 16.737 23.506 3.0287949135
22.583 17.259 22.118 3.0287949135
22.468 16.147 21.084 3.0287949135
23.692 15.303 21.003 3.0287949135
20.685 13.699 26.51 2.41269401738
19.503 13.008 27.02 2.57789518755
18.648 12.416 25.916 2.43285482807
19.078 12.323 24.764 2.28148428923
16.482 11.426 25.333 2.57789518755
16.545 9.288 26.689 2.57789518755
15.815 8.375 27.649 2.57789518755
14.76 9.613 24.968 2.57789518755
15.222 12.429 23.512 2.85110369563
14.316 13.385 22.88 2.97245262608
7.011 13.729 21.69 2.41516305987
7.901 12.852 20.796 2.41516305987
8.295 11.527 21.415 2.41516305987
5.883 14.354 20.873 2.41516305987
6.24 15.167 24.142 2.06703446881
1.867 16.601 22.627 2.57789518755
2.791 15.947 21.774 2.36497245057
1.329 18.651 23.93 2.43285482807
0.474 19.485 23.339 2.41269401738
-0.629 20.13 24.048 2.57789518755
-1.96 19.597 23.508 2.43285482807
-2.068 19.314 22.313 2.28148428923
-2.977 19.455 24.381 2.7203848681
-4.292 18.985 23.928 2.85287250891
-5.05 18.742 25.238 2.85287250891
-4.397 19.643 26.223 2.85287250891
-2.946 19.651 25.841 2.85287250891
-5.049 19.989 23.051 2.73628278469
-5.967 19.593 22.329 2.61895377264
-5.262 22.287 22.246 2.57789518755
-4.831 23.697 22.672 2.57789518755
-5.217 24.126 24.078 2.43285482807
-6.269 23.521 24.768 2.49686919338
-6.614 23.93 26.046 2.49686919338
-5.921 24.966 26.644 2.43285482807
-6.265 25.38 27.908 2.36497245057
-4.886 25.59 25.977 2.49686919338
-4.542 25.172 24.703 2.49686919338
-4.845 22.062 20.794 2.43285482807
-3.913 21.303 20.517 2.28148428923
-5.528 22.741 19.874 2.41269401738
-5.221 22.631 18.446 2.57789518755
-6.496 22.788 17.606 2.57789518755
-6.479 21.997 16.301 2.57789518755
-7.357 20.748 16.335 2.57789518755
-7.211 19.941 17.549 2.41269401738
-7.789 18.756 17.744 2.43285482807
-8.551 18.204 16.804 2.46421089331
-7.595 18.108 18.888 2.46421089331
-4.167 23.651 17.996 2.43285482807
-3.961 23.845 16.796 2.28148428923
-3.512 24.303 18.956 2.22402568616
-2.404 25.216 18.667 2.41516305987
-1.851 25.886 19.946 2.41516305987
-2.852 26.901 20.48 2.41516305987
-1.241 24.51 17.973 2.24769809506
-0.999 23.322 18.196 2.06703446881
-0.527 25.255 17.134 2.49687256947
0.676 24.753 16.476 2.65207782941
0.81 25.351 15.072 2.65207782941
2.083 24.945 14.344 2.65207782941
1.88 24.858 12.84 2.65207782941
3.124 24.536 12.141 2.49687256947
3.7 23.333 12.114 2.51571213812
3.162 22.295 12.752 2.54507232427
4.835 23.165 11.443 2.54507232427
2.87 24.268 17.317 2.37505611705
1.921 26.199 17.995 1.7
3.528 28.026 18.248 2.0
3.895 28.035 16.792 1.74
5.135 27.57 16.376 1.86
5.479 27.571 15.035 1.86
4.579 28.035 14.091 1.86
3.337 28.497 14.492 1.86
2.999 28.494 15.836 1.86
1.791 27.294 20.675 1.4
1.703 30.145 24.216 3.54436212661
4.176 30.785 28.925 3.69904372689
6.314 32.131 28.921 3.63125461652
6.119 32.571 30.074 3.56629383662
7.045 32.708 28.088 3.56629383662
1.99 29.576 28.909 3.63125461652
1.085 30.308 28.505 3.56629383662
1.828 28.69 29.89 2.41269401738
0.546 28.501 30.569 2.57789518755
-0.346 27.442 29.94 2.43285482807
-1.361 27.061 30.525 2.28148428923
-0.728 25.92 28.064 3.32971220156
-1.401 28.0 23.909 3.28197456097
-1.454 28.871 24.9 3.23418633453
-1.064 28.25 26.061 3.28197456097
-0.504 24.572 28.748 3.24546073115
-1.506 23.676 28.689 2.97082338406
-1.34 22.326 29.228 3.08311555793
-2.767 21.774 29.247 3.08311555793
-3.484 22.526 28.183 3.08311555793
-2.833 23.873 28.077 3.08311555793
1.118 18.028 29.824 3.39902103994
1.835 16.009 27.991 2.78912757715
0.661 15.204 27.432 2.78912757715
0.502 15.427 26.041 2.61066977765
3.148 15.531 27.374 2.66677603688
3.233 15.313 26.163 2.5427976846
4.166 15.37 28.216 2.57572842164
5.722 13.528 27.733 2.59344389372
5.337 12.829 28.671 2.46178430194
6.328 13.029 26.656 3.08160126066
5.602 10.76 25.975 3.18635814682
5.506 10.738 24.453 3.18635814682
4.406 9.789 23.995 3.18635814682
4.654 9.258 22.591 3.18635814682
3.719 8.152 22.241 3.18635814682
8.854 8.845 24.062 1.4
10.71 9.026 21.987 3.374854362
11.455 9.795 20.887 3.374854362
10.864 9.563 19.504 3.29292659605
10.57 8.398 19.164 3.21343256117
10.697 10.549 18.755 3.21343256117
11.34 7.652 22.239 3.29292659605
11.652 7.316 23.381 3.21343256117
11.521 6.856 21.189 2.57572842164
12.088 5.514 21.333 2.72232757201
12.011 4.758 20.005 2.72232757201
10.672 4.652 19.556 2.53400746709
13.539 5.557 21.816 2.59344389372
14.393 6.173 21.175 2.46178430194
13.805 4.906 22.95 1.7
15.162 4.796 23.496 2.0
15.358 5.757 24.675 2.0
13.207 5.983 25.954 1.86
12.403 5.717 27.049 1.86
12.878 4.921 28.077 1.86
14.156 4.393 28.005 1.86
14.955 4.665 26.906 1.86
15.471 3.359 23.915 1.74
14.583 2.504 23.935 1.4
16.732 3.108 24.258 2.22402568616
17.209 1.753 24.535 2.41516305987
18.727 1.694 24.428 2.41516305987
16.759 1.228 25.897 2.24769809506
16.909 1.904 26.916 2.06703446881
16.209 0.016 25.892 2.11633202144
15.845 -0.697 27.115 2.32485688748
14.347 -0.529 27.464 2.32485688748
14.07 0.877 27.972 2.32485688748
13.46 -0.852 26.266 2.32485688748
16.155 -2.182 26.944 2.14243103283
16.239 -2.677 25.818 1.94074133197
16.331 -2.884 28.06 2.22402568616
16.488 -4.34 28.028 2.41516305987
16.863 -4.93 29.411 2.41516305987
15.755 -4.685 30.448 2.41516305987
16.118 -5.132 31.849 2.41516305987
18.192 -4.356 29.888 2.41516305987
15.321 -6.13 26.858 2.11633202144
14.184 -6.748 26.162 2.32485688748
14.642 -7.946 25.316 2.32485688748
14.08 -7.949 23.901 2.32485688748
14.781 -6.628 22.89 2.18262886222
13.975 -6.915 21.317 2.32485688748
13.058 -7.165 27.117 2.14243103283
11.936 -7.429 26.682 1.94074133197
13.369 -7.227 28.411 2.11633202144
12.367 -7.432 29.454 2.32485688748
13.07 -7.685 30.798 2.32485688748
12.281 -8.12 32.044 2.14243103283
11.789 -6.93 32.86 2.32485688748
11.128 -9.044 31.684 2.32485688748
11.416 -6.232 29.56 2.14243103283
10.233 -6.399 29.859 1.94074133197
11.175 -3.788 29.461 2.0
11.995 -2.8 30.294 2.0
12.435 -3.426 31.929 1.8
10.767 -3.129 28.137 1.74
10.568 -1.914 28.083 1.4
10.633 -3.924 27.077 2.22402568616
10.194 -3.405 25.778 2.41516305987
10.561 -4.368 24.623 2.41516305987
9.789 -4.033 23.351 2.41516305987
12.058 -4.326 24.353 2.41516305987
7.914 -4.02 26.225 2.06703446881
8.277 -1.981 25.326 2.41269401738
6.862 -1.644 25.171 2.57789518755
6.251 -0.81 26.284 2.43285482807
5.057 -0.51 26.24 2.28148428923
7.052 -0.433 27.28 2.11633202144
6.556 0.377 28.4 2.32485688748
7.597 0.515 29.54 2.32485688748
8.918 1.113 29.033 2.32485688748
9.821 1.62 30.137 2.32485688748
7.845 -0.837 30.194 2.32485688748
6.12 1.773 27.936 2.14243103283
6.708 2.324 27.003 1.94074133197
5.073 2.339 28.569 2.85110369563
4.703 3.727 28.271 2.97245262608
3.454 3.957 29.13 2.97245262608
2.894 2.601 29.367 2.97245262608
4.072 1.677 29.427 2.97245262608
5.802 4.717 28.655 2.8655882766
6.066 5.682 27.777 3.08160126066
7.096 7.133 25.599 3.0526522229
8.761 5.579 26.397 3.18635814682
5.302 8.155 28.612 3.32841402621
4.696 9.424 29.02 3.41882014206
3.187 9.41 28.76 3.41882014206
2.491 10.727 29.081 3.41882014206
1.205 10.929 28.299 3.33906215107
1.221 10.767 27.06 3.26182836231
0.176 11.265 28.923 3.26182836231
4.981 8.84 31.334 3.26182836231
5.229 11.012 30.771 3.08160126066
6.146 12.893 32.065 3.18635814682
3.275 11.793 32.64 3.00350354728
3.516 10.812 35.246 3.18635814682
2.946 9.392 35.236 3.18635814682
2.373 9.078 33.979 3.0526522229
3.434 12.181 37.25 2.11633202144
3.644 14.344 40.397 2.32485688748
4.014 14.96 37.995 2.32485688748
1.753 11.563 39.538 1.94074133197
3.602 8.352 40.933 2.32485688748
4.851 8.013 41.738 2.32485688748
4.395 10.584 43.071 1.94074133197
2.223 10.56 44.845 3.54436212661
0.95 11.351 45.191 3.54436212661
-0.354 10.706 44.737 3.54436212661
-1.574 11.267 45.444 3.47033660994
-1.546 12.447 45.855 3.39902103994
-2.57 10.525 45.583 3.39902103994
2.432 8.208 45.281 3.39902103994
2.462 9.593 47.065 3.18494045613
2.646 8.545 48.073 3.28331166428
1.497 7.52 48.022 3.28331166428
1.457 6.612 49.244 3.19656430018
1.822 7.063 50.351 3.11200838625
1.049 5.44 49.096 3.11200838625
4.013 7.87 47.909 3.19656430018
4.109 6.647 47.782 3.11200838625
5.064 8.689 47.904 2.11633202144
6.442 8.2 47.828 2.32485688748
6.996 8.354 46.407 2.32485688748
6.575 7.315 45.363 2.14243103283
7.18 7.669 44.013 2.32485688748
6.985 5.909 45.781 2.32485688748
7.345 8.942 48.82 2.14243103283
7.032 10.066 49.22 1.94074133197
8.467 8.313 49.223 2.7203848681
9.423 8.946 50.143 2.85287250891
10.479 7.854 50.368 2.85287250891
9.808 6.577 50.01 2.85287250891
8.846 6.921 48.917 2.85287250891
10.094 10.208 49.592 2.73628278469
10.378 11.132 50.356 2.61895377264
10.335 10.243 48.282 3.18494045613
11.021 11.374 47.643 3.28331166428
11.817 10.897 46.416 3.28331166428
10.988 10.337 45.26 3.28331166428
10.869 8.822 45.277 3.19656430018
10.814 8.233 46.377 3.11200838625
10.821 8.219 44.184 3.11200838625
10.076 12.515 47.239 3.19656430018
10.454 13.388 46.455 3.11200838625
8.859 12.515 47.782 2.41269401738
7.827 13.461 47.369 2.57789518755
7.165 12.995 46.086 2.43285482807
7.428 11.883 45.621 2.28148428923
6.286 13.832 45.507 2.97082338406
5.679 13.49 44.219 3.08311555793
4.708 14.652 43.959 3.08311555793
4.444 15.246 45.3 3.08311555793
5.705 15.056 46.088 3.08311555793
8.849 10.589 42.168 3.54436212661
8.396 12.258 39.389 2.85110369563
9.74 10.508 37.475 2.75923199067
7.227 7.612 37.412 3.18635814682
7.628 7.688 38.877 3.18635814682
9.075 7.275 39.098 3.18635814682
9.31 6.851 40.539 3.18635814682
10.757 6.734 40.867 3.18635814682
7.368 8.431 35.077 3.09401308242
7.176 6.829 33.233 2.72232757201
6.747 5.377 33.457 2.59344389372
6.96 4.824 34.538 2.46178430194
6.137 4.77 32.443 2.41269401738
5.637 3.402 32.551 2.57789518755
4.202 3.382 33.042 2.43285482807
3.378 4.181 32.594 2.28148428923
3.906 2.47 33.967 3.18494045613
2.559 2.321 34.514 3.28331166428
1.913 1.041 33.981 3.28331166428
1.753 1.02 32.468 3.28331166428
1.114 -0.256 31.955 3.19656430018
1.403 -1.339 32.507 3.11200838625
0.326 -0.178 30.989 3.11200838625
2.595 2.296 36.041 3.19656430018
2.971 1.289 36.644 3.11200838625
2.206 3.413 36.655 2.41269401738
2.184 3.544 38.113 2.57789518755
3.043 4.733 38.55 2.57789518755
4.512 4.372 38.683 2.43285482807
4.898 3.641 39.595 2.28148428923
5.338 4.884 37.778 2.46421089331
0.763 3.686 38.655 2.43285482807
-0.138 4.149 37.954 2.28148428923
0.58 3.287 39.912 2.7203848681
-0.74 3.257 40.542 2.85287250891
-0.734 2.297 41.74 2.85287250891
-2.035 2.228 42.537 2.85287250891
-3.272 1.99 41.677 2.85287250891
-3.171 0.729 40.829 2.85287250891
-2.865 -0.485 41.636 2.85287250891
-1.191 4.645 40.988 2.73628278469
-2.256 5.116 40.584 2.61895377264
-0.374 5.298 41.811 3.18494045613
-0.737 6.583 42.415 3.28331166428
-0.08 6.726 43.795 3.28331166428
-0.473 5.614 44.751 3.19656430018
-0.372 4.43 44.367 3.11200838625
-0.873 5.924 45.893 3.11200838625
-0.356 7.778 41.534 3.19656430018
0.11 8.801 42.037 3.11200838625
-0.572 7.651 40.225 2.41269401738
-0.239 8.177 37.856 2.57789518755
-1.258 9.856 39.406 2.43285482807
-2.436 9.686 39.087 2.28148428923
-0.791 11.009 39.884 2.11633202144
-1.642 12.195 40.009 2.32485688748
-1.335 13.617 42.13 2.32485688748
-0.69 15.166 42.795 2.18262886222
1.027 14.742 43.075 2.32485688748
-2.143 12.651 38.643 2.14243103283
-1.358 12.807 37.706 1.94074133197
-3.454 12.851 38.539 3.28197651502
-4.059 13.405 37.333 3.374854362
-5.571 13.154 37.326 3.374854362
-6.181 13.263 35.936 3.29292659605
-5.768 14.15 35.159 3.21343256117
-7.085 12.46 35.624 3.21343256117
-3.864 15.575 38.327 3.21343256117
-3.399 15.416 36.132 2.41269401738
-3.058 16.83 35.993 2.57789518755
-2.434 17.169 34.654 2.43285482807
-2.542 16.401 33.696 2.28148428923
-1.154 18.813 33.363 2.41516305987
-2.111 19.741 32.611 2.41516305987
-4.539 18.944 32.583 2.32218807228
-5.369 18.224 31.758 2.22402568616
-4.665 17.842 30.646 2.24769809506
-3.353 18.341 30.785 2.24769809506
-2.422 18.086 29.771 2.32218807228
-2.825 17.35 28.664 2.32218807228
-4.139 16.867 28.555 2.32218807228
-5.071 17.102 29.531 2.32218807228
0.145 19.562 33.647 2.24769809506
0.305 20.168 34.709 2.06703446881
1.065 19.514 32.686 1.7
3.926 15.962 33.498 1.86
3.485 17.026 32.728 1.86
2.224 24.999 32.57 2.85287250891
0.793 24.652 32.952 2.85287250891
0.051 25.831 33.583 2.85287250891
0.87 26.611 34.521 2.7203848681
0.389 27.415 35.471 2.73628278469
-0.92 27.576 35.645 2.76116415538
1.235 28.068 36.262 2.76116415538
6.08 27.361 31.201 2.8655882766
5.323 28.106 30.577 2.75923199067
6.953 29.183 32.586 3.69904372689
6.593 29.316 34.068 3.69904372689
5.099 29.261 34.352 3.69904372689
4.743 29.748 35.746 3.63125461652
5.193 30.849 36.131 3.56629383662
4.001 29.036 36.454 3.56629383662
8.368 30.989 31.805 2.49687256947
9.32 32.967 30.719 2.65207782941
10.506 33.89 30.472 2.65207782941
11.294 33.502 29.232 2.65207782941
12.423 34.406 29.019 2.49687256947
13.166 34.457 27.914 2.51571213812
12.918 33.653 26.883 2.54507232427
14.168 35.325 27.839 2.54507232427
10.237 32.136 32.902 2.51571213812
9.552 32.679 33.771 2.37505611705
12.276 32.255 34.266 2.41516305987
12.77 31.023 35.062 2.41516305987
11.61 30.083 35.349 2.41516305987
13.889 30.291 34.33 2.41516305987
13.451 33.194 33.98 2.24769809506
13.729 34.084 34.785 2.06703446881
14.651 35.342 32.343 2.97245262608
13.318 35.394 31.859 2.81719981417
16.473 33.81 33.209 2.8655882766
16.487 34.212 34.374 2.75923199067
18.821 33.093 33.349 2.85287250891
18.697 31.874 34.28 2.85287250891
19.787 31.826 35.342 2.73628278469
20.363 30.738 35.55 2.61895377264
20.069 32.871 35.967 2.61895377264
20.058 33.009 32.414 2.73628278469
20.309 33.951 31.666 2.61895377264
22.045 31.776 31.638 2.85287250891
23.101 30.937 32.36 2.85287250891
23.638 31.621 33.606 2.73628278469
22.945 32.505 34.155 2.61895377264
24.756 31.271 34.04 2.61895377264
21.682 31.154 30.294 2.73628278469
20.837 30.266 30.236 2.61895377264
22.356 31.599 29.231 3.18494045613
21.769 31.638 27.884 3.28331166428
21.225 30.266 27.423 3.28331166428
22.254 29.211 27.009 3.28331166428
23.68 29.512 27.436 3.19656430018
23.949 29.538 28.655 3.11200838625
24.537 29.703 26.548 3.11200838625
20.67 32.695 28.044 3.19656430018
20.865 33.645 28.807 3.11200838625
19.542 32.579 27.344 1.7
18.337 33.328 27.745 2.0
18.51 34.839 27.494 2.0
17.835 35.711 28.525 1.74
18.008 35.472 29.884 1.86
17.403 36.279 30.83 1.86
16.62 37.347 30.43 1.86
16.441 37.601 29.083 1.86
17.049 36.79 28.138 1.86
17.028 32.833 27.117 1.74
16.106 33.619 26.887 1.4
16.95 31.533 26.848 2.41269401738
15.685 30.88 26.531 2.57789518755
15.716 30.275 25.123 2.57789518755
15.515 31.316 24.033 2.43285482807
14.836 32.324 24.234 2.28148428923
16.097 31.069 22.867 2.46421089331
15.428 29.828 27.603 2.43285482807
18.091 30.224 29.489 2.28148428923
10.577 31.104 25.906 4.84418374331
10.976 26.378 35.63 3.54436212661
9.986 27.684 37.528 3.54436212661
9.095 28.861 37.898 3.54436212661
7.648 28.51 37.97 3.54436212661
5.747 25.242 37.738 3.54436212661
3.135 18.91 37.903 2.0
0.975 16.265 36.266 1.86
0.163 15.876 37.317 1.86
1.272 17.448 38.748 1.86
1.61 21.174 39.245 1.4
-1.463 22.376 36.917 2.0
-0.245 23.538 36.254 1.8
-1.834 20.24 38.216 1.74
-2.416 18.466 41.354 3.08311555793
-1.321 19.422 41.678 3.08311555793
-1.473 20.55 40.711 3.08311555793
-4.225 18.648 39.634 2.98417189675
-4.838 19.703 39.461 2.88653560143
-4.795 17.443 39.643 2.11633202144
-6.241 17.211 39.662 2.32485688748
-6.861 17.81 40.935 2.32485688748
-8.282 17.347 41.228 2.32485688748
-8.399 15.839 41.367 2.14243103283
-7.534 15.187 41.952 1.94074133197
-9.475 15.277 40.828 2.18262886222
-7.541 18.799 38.401 1.94074133197
-7.713 17.097 36.123 2.32485688748
-9.22 17.183 36.424 2.32485688748
-9.789 16.051 37.27 2.32485688748
-9.731 14.698 36.585 2.14243103283
-9.62 14.606 35.361 1.94074133197
-9.815 13.635 37.376 2.18262886222
-7.319 18.316 35.282 2.14243103283
-7.218 18.218 34.06 1.94074133197
-7.217 20.759 35.295 2.57789518755
-8.254 21.574 36.053 2.57789518755
-5.928 21.567 35.175 2.43285482807
-4.86 21.153 35.631 2.28148428923
-6.07 22.733 34.547 3.18494045613
-5.009 23.724 34.429 3.28331166428
-5.095 24.427 33.073 3.28331166428
-5.075 23.49 31.877 3.28331166428
-5.571 24.16 30.612 3.19656430018
-5.163 25.31 30.347 3.11200838625
-6.372 23.537 29.883 3.11200838625
-5.164 24.746 35.551 3.19656430018
-5.665 25.853 35.336 3.11200838625
-4.864 25.223 37.928 2.78912757715
-4.621 24.41 39.207 2.78912757715
-5.34 24.981 40.42 2.66677603688
-5.597 26.202 40.459 2.5427976846
-5.647 24.199 41.343 2.5427976846
-3.873 26.385 37.831 2.66677603688
-2.836 26.265 37.178 2.5427976846
-4.2 27.507 38.47 2.65003072421
-3.326 28.686 38.448 2.78912757715
-4.071 29.943 38.926 2.78912757715
-4.357 29.934 40.42 2.66677603688
-4.706 28.865 40.962 2.5427976846
-4.24 31.005 41.052 2.5427976846
-2.049 28.47 39.269 2.66677603688
-1.012 29.067 38.974 2.5427976846
-0.969 27.242 41.099 3.18635814682
-1.243 27.371 42.611 3.18635814682
-2.59 26.867 43.137 3.18635814682
-2.763 25.348 43.155 3.18635814682
-1.582 24.582 43.747 3.18635814682
-1.176 25.023 45.112 3.18635814682
0.81 25.664 40.601 1.7
1.389 24.415 40.108 2.0
1.497 24.461 38.58 2.0
2.769 24.183 40.727 1.74
3.583 25.105 40.8 1.4
3.023 22.953 41.169 2.85110369563
4.283 22.606 41.83 2.97245262608
6.588 23.103 41.27 3.62225757892
8.735 24.261 40.946 3.69904372689
8.122 25.651 40.962 3.63125461652
7.747 26.152 39.883 3.56629383662
8.029 26.249 42.055 3.56629383662
13.442 19.566 39.284 3.54436212661
14.943 18.606 40.957 2.11633202144
15.953 17.635 41.404 2.32485688748
17.382 18.203 41.212 2.32485688748
17.586 18.705 39.774 2.32485688748
18.44 17.164 41.573 2.32485688748
15.81 17.172 42.857 2.14243103283
15.513 17.963 43.754 1.94074133197
16.204 15.275 44.38 3.18635814682
14.916 14.596 44.847 3.18635814682
15.067 14.052 46.147 3.0526522229
18.341 14.373 45.141 2.11633202144
19.546 13.541 45.045 2.32485688748
20.798 14.267 45.592 2.32485688748
20.906 15.697 45.033 2.32485688748
21.087 15.785 43.531 2.32485688748
22.061 13.48 45.261 2.32485688748
19.339 12.22 45.79 2.14243103283
18.758 12.199 46.877 1.94074133197
19.539 9.773 45.69 3.374854362
19.342 8.827 44.491 3.374854362
18.377 7.68 44.784 3.29292659605
17.925 7.538 45.941 3.21343256117
18.075 6.912 43.847 3.21343256117
20.632 9.265 46.652 3.29292659605
21.347 10.07 47.252 3.21343256117
20.76 7.943 46.789 2.65003072421
21.56 7.326 47.852 2.78912757715
20.689 6.338 48.639 2.78912757715
19.518 6.975 49.323 2.66677603688
18.464 7.534 48.632 2.58878484312
17.581 8.012 49.49 2.72038202399
18.02 7.777 50.713 2.65003072421
19.229 7.128 50.636 2.72038202399
22.817 6.627 47.313 2.66677603688
23.913 7.187 47.378 2.5427976846
22.654 5.411 46.79 2.65003072421
23.761 4.644 46.213 2.78912757715
23.316 3.2 45.94 2.78912757715
24.472 2.282 45.57 2.66677603688
24.857 1.443 46.412 2.5427976846
24.991 2.39 44.439 2.5427976846
24.231 5.292 44.915 2.66677603688
25.426 5.309 44.612 2.5427976846
23.277 5.831 44.163 2.65003072421
23.539 6.394 42.845 2.78912757715
22.253 6.394 42.011 2.78912757715
21.659 5.005 41.839 2.66677603688
22.427 4.021 41.795 2.5427976846
20.418 4.901 41.741 2.5427976846
24.07 7.821 42.924 2.66677603688
25.092 8.147 42.319 2.5427976846
23.367 8.662 43.678 2.41269401738
23.565 10.106 43.617 2.57789518755
22.853 10.667 42.398 2.43285482807
23.268 11.684 41.839 2.28148428923
21.775 9.996 41.989 2.65003072421
21.019 10.373 40.796 2.78912757715
20.135 9.214 40.279 2.78912757715
19.645 8.444 41.383 2.61066977765
20.922 8.308 39.339 2.78912757715
21.523 14.999 39.96 2.65207782941
22.36 15.899 39.066 2.65207782941
22.375 17.986 41.024 2.54507232427
21.239 19.364 39.583 2.54507232427
15.267 11.115 40.43 2.65207782941
15.081 11.117 41.944 2.65207782941
15.66 9.846 42.557 2.65207782941
15.133 9.535 43.886 2.49687256947
16.367 11.139 45.02 2.54507232427
14.939 9.759 46.167 2.54507232427
13.813 13.649 38.99 2.41269401738
12.814 14.719 38.959 2.57789518755
12.305 14.965 37.528 2.57789518755
10.971 13.427 39.801 2.28148428923
10.675 14.936 43.147 2.32485688748
11.436 13.618 43.113 2.32485688748
11.505 16.017 43.832 2.32485688748
6.134 17.861 42.494 2.32485688748
5.442 19.216 42.595 2.32485688748
5.702 17.136 41.226 2.32485688748
8.059 18.585 43.903 2.14243103283
7.978 17.881 44.911 1.94074133197
8.825 20.531 45.169 2.78912757715
10.304 20.353 45.508 2.78912757715
10.552 20.639 46.873 2.61066977765
8.498 22.013 45.043 2.66677603688
8.195 22.501 43.952 2.5427976846
8.569 22.722 46.165 2.7203848681
8.207 24.133 46.211 2.85287250891
7.478 24.44 47.523 2.85287250891
7.024 25.884 47.708 2.85287250891
6.351 26.497 46.482 2.85287250891
5.21 25.658 45.914 2.85287250891
4.204 25.238 46.927 2.85287250891
9.436 25.019 46.046 2.73628278469
9.474 25.877 45.162 2.61895377264
10.441 24.802 46.891 2.41269401738
11.716 25.519 46.779 2.57789518755
12.428 25.608 48.143 2.57789518755
12.465 24.279 48.887 2.43285482807
12.509 23.209 48.279 2.28148428923
12.442 24.344 50.214 2.46421089331
12.614 24.887 45.709 2.43285482807
13.716 24.412 45.996 2.28148428923
12.129 24.905 44.469 2.91219395265
12.807 24.266 43.341 3.0287949135
11.745 23.687 42.389 3.0287949135
13.234 21.598 42.064 3.0287949135
12.701 20.541 43.019 3.0287949135
13.775 25.325 42.754 2.92608152912
14.62 25.816 43.508 2.8243183199
13.726 25.675 41.443 2.85110369563
12.602 26.444 39.546 2.97245262608
13.462 27.553 40.04 2.97245262608
14.076 27.108 41.344 2.97245262608
14.38 24.709 39.246 2.8655882766
15.44 25.338 39.21 2.75923199067
14.17 23.605 38.53 2.41269401738
15.14 23.151 37.531 2.57789518755
14.964 21.666 37.202 2.57789518755
17.297 21.146 36.412 2.57789518755
15.939 24.869 36.032 2.41269401738
16.753 27.029 35.148 2.57789518755
16.351 27.697 36.458 2.57789518755
17.504 24.517 33.64 2.28148428923
17.428 25.793 27.327 2.49917816808
19.954 25.779 27.158 2.34393302806
20.606 25.95 26.127 2.17953443166
20.314 26.3 28.327 2.37766287277
17.062 22.111 21.546 2.49917816808
19.338 21.662 20.459 2.49917816808
20.779 21.242 20.686 2.34393302806
21.432 21.702 21.624 2.17953443166
21.288 20.372 19.819 2.37766287277
16.01 21.656 19.404 2.7203848681
15.168 20.926 18.456 2.85287250891
14.768 21.831 17.287 2.85287250891
13.581 21.323 16.484 2.85287250891
13.253 22.264 15.337 2.85287250891
11.854 22.025 14.793 2.85287250891
11.466 23.059 13.794 2.85287250891
15.861 19.674 17.928 2.73628278469
17.073 19.67 17.705 2.61895377264
15.076 18.618 17.729 2.11633202144
15.595 17.343 17.245 2.32485688748
14.78 16.172 17.82 2.32485688748
16.846 14.686 17.836 2.32485688748
15.703 15.272 19.977 2.32485688748
15.518 17.331 15.72 2.14243103283
14.459 17.603 15.149 1.94074133197
16.636 17.016 15.069 3.18494045613
16.693 16.938 13.603 3.28331166428
17.913 17.707 13.065 3.28331166428
19.235 17.23 13.662 3.19656430018
19.42 16.008 13.846 3.11200838625
20.097 18.089 13.941 3.11200838625
16.694 15.485 13.109 3.19656430018
17.202 15.192 12.025 3.11200838625
16.109 14.594 13.912 2.7203848681
16.047 13.151 13.641 2.85287250891
15.297 12.848 12.337 2.85287250891
13.84 13.265 12.28 2.85287250891
13.246 12.778 10.967 2.85287250891
11.775 13.119 10.819 2.85287250891
11.242 12.601 9.528 2.85287250891
17.414 12.455 13.557 2.73628278469
18.126 12.645 12.57 2.61895377264
17.814 11.654 14.548 3.18494045613
17.258 11.602 15.907 3.28331166428
15.839 11.006 15.962 3.28331166428
14.95 11.703 16.989 3.28331166428
13.882 10.799 17.574 3.19656430018
13.274 10.014 16.816 3.11200838625
13.648 10.88 18.799 3.11200838625
18.217 10.732 16.724 3.19656430018
19.395 10.619 16.376 3.11200838625
17.723 10.138 17.811 2.57572842164
18.393 9.021 18.479 2.72232757201
18.561 7.844 17.506 2.72232757201
19.471 8.137 16.46 2.53400746709
19.74 9.403 19.093 2.59344389372
20.043 10.587 19.28 2.46178430194
