4pepNoHeHR_shell
20.
0.010
34574.2
0.723
1.0
1.E-8
1468
15.665 12.309 36.605 2.22402568616
13.857 11.864 35.132 2.24769809506
13.284 11.185 35.972 2.06703446881
15.378 9.356 34.78 2.41516305987
17.611 10.539 34.874 2.41516305987
15.673 8.347 33.611 2.41516305987
11.822 12.58 33.965 2.97245262608
11.632 11.695 32.713 2.8655882766
10.594 10.956 32.683 3.28197651502
10.236 10.031 31.579 3.374854362
7.796 9.984 31.716 3.21343256117
10.752 8.672 31.921 3.374854362
10.177 7.467 31.225 3.29292659605
10.711 6.428 31.628 3.21343256117
9.279 7.566 30.366 3.21343256117
7.568 11.204 29.265 4.15863791428
5.091 13.29 28.989 4.10530006652
5.211 13.17 30.209 4.05475951182
3.976 13.487 28.461 4.05475951182
5.297 9.262 26.118 2.98417189675
4.491 10.138 26.538 2.88653560143
5.297 7.267 27.503 3.08311555793
5.292 7.447 28.976 3.08311555793
5.655 8.889 29.3 3.08311555793
5.467 8.955 24.81 2.22402568616
4.743 9.636 23.755 2.41516305987
3.895 8.71 22.87 2.24769809506
4.392 7.626 22.626 2.06703446881
7.654 11.892 22.301 2.41516305987
5.845 12.375 24.067 2.41516305987
2.728 9.198 22.485 3.46048228099
1.804 8.477 21.62 3.54436212661
0.34 8.753 21.667 3.54436212661
-0.512 8.021 20.616 3.54436212661
-2.001 8.073 20.778 3.47033660994
-2.547 8.178 21.882 3.39902103994
-2.644 7.989 19.697 3.39902103994
2.309 7.602 19.394 3.08160126066
0.898 6.497 17.139 3.00350354728
3.822 6.621 17.66 3.18635814682
-0.204 8.78 15.903 2.85287250891
-2.541 10.751 14.471 2.78727419845
-3.448 9.708 16.396 2.78727419845
-3.819 10.865 13.936 2.78727419845
-4.744 9.8 15.902 2.78727419845
-4.913 10.386 14.663 2.73628278469
-6.193 10.481 14.169 2.68307619189
-0.171 7.59 13.826 2.11633202144
0.099 7.254 12.403 2.32485688748
1.458 7.7 11.892 2.14243103283
1.638 8.212 10.77 1.94074133197
-1.093 7.811 11.6 2.32485688748
-2.517 7.716 12.087 2.14243103283
-3.437 8.691 11.346 2.32485688748
-3.097 6.314 11.924 2.32485688748
3.981 9.425 11.94 3.63125461652
5.011 9.873 11.305 3.56629383662
4.624 7.12 11.293 3.69904372689
4.785 5.677 11.752 3.63125461652
4.298 4.822 10.981 3.56629383662
2.898 11.589 11.879 2.78912757715
3.623 13.633 12.792 2.5427976846
1.566 11.942 11.104 2.78912757715
1.446 10.898 10.086 2.61066977765
1.425 13.309 10.439 2.78912757715
2.436 13.203 15.264 3.69904372689
1.171 13.962 15.504 3.69904372689
-0.048 13.989 14.601 3.69904372689
-0.222 15.441 14.206 3.63125461652
0.78 16.128 14.035 3.56629383662
-1.425 15.739 14.118 3.56629383662
3.526 12.966 17.431 2.85110369563
3.53 13.321 19.757 2.8655882766
3.964 14.528 19.718 2.75923199067
5.382 11.955 18.651 2.97245262608
5.957 11.376 16.279 2.91219147086
6.415 10.511 15.283 2.91219147086
2.236 13.726 21.824 2.0
2.01 11.709 23.121 1.4
-1.167 12.966 21.987 1.86
-2.235 12.143 21.563 1.86
-2.308 11.784 20.216 1.86
2.422 13.002 25.594 2.97245262608
1.446 13.817 26.417 2.8655882766
1.164 13.227 27.596 2.41269401738
0.231 13.742 28.561 2.57789518755
0.951 14.543 29.649 2.43285482807
2.029 14.066 30.046 2.28148428923
-0.692 12.619 29.224 2.57789518755
-1.475 12.12 28.084 2.36497245057
-1.56 13.161 30.37 2.57789518755
0.829 16.5 31.068 2.97245262608
-0.341 16.876 31.982 2.8655882766
-0.078 17.33 33.215 2.41269401738
-1.153 17.74 34.146 2.57789518755
-0.873 19.22 34.465 2.43285482807
0.302 19.49 34.592 2.28148428923
-1.64 21.406 34.965 2.97245262608
-2.64 21.704 36.115 2.8655882766
-2.13 22.319 37.138 2.57572842164
-3.038 22.684 38.285 2.72232757201
-2.312 20.641 39.433 2.46178430194
-3.835 21.995 40.429 2.41269401738
-4.033 21.202 41.631 2.57789518755
-5.513 21.187 41.948 2.43285482807
-6.088 22.241 42.33 2.28148428923
-3.3 21.802 42.886 2.57789518755
-1.93 22.049 42.582 2.36497245057
-3.35 20.847 44.106 2.57789518755
-6.203 20.07 41.785 2.85110369563
-5.695 18.782 41.299 2.97245262608
-6.089 19.838 39.2 2.75923199067
-6.804 17.869 41.652 2.97245262608
-8.061 18.674 41.39 2.97245262608
-7.617 19.988 42.037 2.97245262608
-4.581 18.085 39.282 2.22402568616
-4.247 18.212 37.855 2.41516305987
-5.379 17.97 36.897 2.24769809506
-6.208 17.086 37.044 2.06703446881
-3.066 17.287 37.556 2.41516305987
-6.237 18.897 34.727 2.72232757201
-6.848 20.219 34.397 2.72232757201
-7.46 20.94 35.609 2.72232757201
-8.139 22.206 35.236 2.59344389372
-8.676 22.299 34.131 2.46178430194
-8.16 23.207 36.081 2.62109821036
-5.783 17.266 32.942 3.18494045613
-4.949 16.566 31.952 3.28331166428
-5.069 17.089 30.476 3.19656430018
-6.213 17.325 30.13 3.11200838625
-5.148 15.041 32.01 3.28331166428
-4.84 14.391 33.361 3.19656430018
-5.706 13.715 33.952 3.11200838625
-3.712 14.562 33.831 3.11200838625
-3.873 17.14 29.922 1.7
-3.858 17.677 28.471 2.0
-2.87 16.855 27.654 1.74
-6.399 21.222 29.157 1.86
-6.155 21.505 30.546 1.86
-3.062 16.861 26.302 3.08160126066
-3.581 15.803 23.762 3.0526522229
-3.302 13.824 25.225 3.18635814682
3.018 18.423 19.679 2.57789518755
1.715 17.969 19.067 2.57789518755
4.353 17.978 19.003 2.57789518755
1.863 16.55 18.436 2.57789518755
5.497 17.648 21.869 1.7
6.819 17.895 22.397 2.0
8.304 17.54 20.523 1.4
7.287 16.567 23.057 2.0
5.525 16.162 24.816 1.86
7.121 21.329 19.382 3.97461189274
7.382 22.106 18.11 3.91610941646
8.206 21.644 17.351 3.86046154913
6.743 23.2 17.907 3.86046154913
13.137 18.809 20.291 4.32767651728
10.848 23.728 16.947 2.72232757201
10.15 24.98 17.424 2.59344389372
9.923 26.006 16.71 2.46178430194
9.208 26.044 19.413 2.78912757715
7.768 26.061 19.202 2.78912757715
6.938 25.169 19.856 2.61066977765
9.264 27.103 21.534 2.65003072421
10.81 28.265 22.941 2.78912757715
7.376 27.802 23.527 2.65003072421
6.273 28.087 24.438 2.78912757715
5.354 25.812 24.007 2.5427976846
5.284 29.099 23.893 2.78912757715
6.594 30.653 22.526 2.5427976846
1.208 27.326 22.686 3.13412054803
-1.135 25.859 20.372 3.13412054803
-2.434 25.546 20.638 3.13412054803
-12.355 28.055 29.085 2.57789518755
-13.821 29.712 28.152 2.28148428923
-12.285 29.236 31.462 2.57789518755
-13.679 27.193 30.925 2.57789518755
-11.721 31.521 27.628 2.57789518755
-11.76 31.445 26.1 2.43285482807
-12.038 32.473 25.467 2.28148428923
-10.482 32.413 27.933 2.57789518755
-10.45 32.535 29.461 2.43285482807
-11.607 32.709 30.218 2.49686919338
-9.234 32.474 30.093 2.49686919338
-11.505 32.804 31.613 2.49686919338
-9.09 32.582 31.481 2.49686919338
-10.267 32.731 32.212 2.43285482807
-10.115 32.857 33.568 2.36497245057
-11.508 30.095 24.11 2.0
-12.834 29.6 23.566 1.74
-13.324 28.546 23.989 1.4
-13.337 30.398 22.635 2.22402568616
-14.621 30.085 21.959 2.41516305987
-14.391 29.421 20.599 2.24769809506
-15.37 28.87 20.044 2.06703446881
-15.519 31.302 21.877 2.41516305987
-16.736 31.107 22.589 2.16754538317
-13.174 29.438 20.07 2.22402568616
-12.855 28.842 18.773 2.41516305987
-13.319 27.403 18.619 2.24769809506
-13.502 26.682 19.619 2.06703446881
-11.41 28.927 18.338 2.41516305987
-10.806 30.169 18.609 2.16754538317
-13.498 26.982 17.365 2.22402568616
-13.96 25.592 17.144 2.41516305987
-14.399 25.57 15.668 2.41516305987
-15.572 24.612 15.467 2.24769809506
-16.884 25.205 15.955 2.41516305987
-15.616 24.257 13.993 2.41516305987
-11.699 24.666 17.443 2.85110369563
-9.273 24.085 17.606 2.97245262608
-12.671 23.789 22.12 1.74
-12.8 23.471 23.322 1.4
-11.441 25.944 22.165 2.0
-13.568 23.581 21.185 2.57572842164
-14.838 22.903 21.454 2.72232757201
-14.654 21.391 21.3 2.59344389372
-15.633 20.72 21.63 2.46178430194
-16.001 23.377 20.613 2.72232757201
-15.71 23.106 19.246 2.53400746709
-13.387 19.417 20.75 3.69904372689
-12.043 19.028 21.362 3.63125461652
-11.395 18.066 20.925 3.56629383662
-13.565 18.946 19.306 3.69904372689
-11.891 18.614 17.675 3.56629383662
-11.627 19.814 22.337 2.91219395265
-10.347 19.577 23.037 3.0287949135
-10.574 19.978 24.498 2.92608152912
-11.463 20.788 24.734 2.8243183199
-8.031 18.627 20.895 2.97082099925
-8.745 19.403 18.938 2.97082099925
-7.993 18.47 19.52 2.91219395265
-9.808 19.399 25.394 2.57572842164
-9.896 19.644 26.831 2.72232757201
-8.969 18.717 27.65 2.72232757201
-8.977 17.267 27.178 2.59344389372
-9.97 16.588 27.548 2.46178430194
-7.961 16.84 26.402 2.62109821036
-10.272 21.773 27.894 2.41269401738
-9.586 23.33 29.722 2.43285482807
-10.299 22.836 30.604 2.28148428923
-11.208 24.044 28.041 2.57789518755
-11.591 23.986 26.518 2.57789518755
-12.896 24.679 26.332 2.43285482807
-14.042 24.382 26.571 2.28148428923
-12.75 25.914 25.803 2.46421089331
-8.01 24.352 31.311 2.0
-8.971 25.402 31.911 1.74
-9.45 25.158 33.1 2.65003072421
-11.68 25.387 34.196 2.78912757715
-12.59 26.336 34.965 2.66677603688
-12.287 27.507 35.269 2.5427976846
-13.784 25.841 35.336 2.69295246139
-8.871 28.334 37.523 2.98417189675
-8.212 28.47 38.556 2.88653560143
-7.805 29.639 35.773 3.08311555793
-8.665 29.945 34.6 3.08311555793
-9.167 28.612 34.045 3.08311555793
-10.152 28.315 37.475 2.65003072421
-11.013 28.421 38.672 2.78912757715
-10.98 27.143 39.513 2.66677603688
-11.334 27.134 40.714 2.5427976846
-12.381 28.87 38.208 2.78912757715
-13.687 28.469 38.823 2.66677603688
-14.562 27.844 38.179 2.5427976846
-13.847 28.814 40.031 2.5427976846
-10.478 24.716 39.497 2.78912757715
-9.171 24.337 40.139 2.66677603688
-9.072 23.225 40.684 2.5427976846
-10.597 23.68 38.35 2.78912757715
-12.001 23.334 37.945 2.66677603688
-12.917 23.503 38.754 2.5427976846
-12.189 22.883 36.783 2.5427976846
-8.232 25.21 40.044 2.22402568616
-6.866 25.085 40.54 2.41516305987
-6.625 26.013 41.717 2.24769809506
-6.999 27.187 41.743 2.06703446881
-5.84 25.414 39.46 2.41516305987
-5.991 25.398 42.681 2.22402568616
-5.644 26.039 43.967 2.41516305987
-4.265 26.643 43.852 2.24769809506
-3.879 27.489 44.702 2.06703446881
-5.877 24.981 45.041 2.41516305987
-4.716 24.213 45.303 2.16754538317
-2.11 26.776 42.647 2.78912757715
-1.926 27.694 41.43 2.66677603688
-0.78 28.057 41.162 2.5427976846
-1.043 25.628 42.582 2.78912757715
-0.832 24.947 43.936 2.78912757715
-3.029 28.013 40.798 1.7
-3.487 30.835 41.013 1.4
-4.406 28.898 38.919 2.0
-5.038 30.987 37.641 1.86
-5.015 31.803 36.508 1.86
-4.295 31.319 35.382 1.86
-2.0 31.1 39.343 3.18494045613
-1.754 32.524 39.565 3.28331166428
-1.859 33.279 38.227 3.19656430018
-1.047 32.955 37.341 3.11200838625
-0.337 32.758 40.092 3.28331166428
-0.303 32.305 41.566 3.28331166428
1.048 32.319 42.204 3.19656430018
1.956 31.576 41.838 3.11200838625
1.065 33.177 43.123 3.11200838625
-2.787 34.206 38.095 2.22402568616
-2.904 34.964 36.83 2.41516305987
-1.879 36.058 36.589 2.24769809506
-1.262 36.451 37.558 2.06703446881
-4.175 35.814 36.871 2.41516305987
-1.781 36.506 35.333 2.57572842164
-0.874 37.617 35.024 2.72232757201
-1.636 38.457 33.988 2.59344389372
-2.64 37.959 33.494 2.46178430194
0.495 37.276 34.411 2.72232757201
1.156 36.115 35.158 2.72232757201
-1.139 39.635 33.702 2.57572842164
-1.807 40.475 32.68 2.72232757201
-1.872 41.918 33.178 2.72232757201
-0.647 42.23 33.827 2.53400746709
-0.985 40.402 31.383 2.59344389372
-1.236 41.23 30.485 2.46178430194
-0.033 39.49 31.262 2.41269401738
0.805 39.4 30.049 2.57789518755
0.001 38.621 28.984 2.43285482807
2.155 38.739 30.244 2.57789518755
3.12 39.384 31.198 2.57789518755
4.143 38.431 31.779 2.43285482807
4.369 38.351 32.988 2.28148428923
4.802 37.665 30.902 2.46421089331
-0.029 39.185 27.786 3.32841402621
-0.757 38.606 26.636 3.41882014206
1.46 37.937 25.968 3.26182836231
-1.479 39.602 25.736 3.41882014206
-0.796 40.809 25.158 3.41882014206
-0.234 40.985 23.784 3.33906215107
0.704 40.381 23.263 3.26182836231
-0.823 41.9 23.134 3.26182836231
-0.338 36.819 25.07 2.22402568616
0.499 35.936 24.276 2.41516305987
-0.128 35.85 22.85 2.24769809506
-1.333 35.746 22.698 2.06703446881
2.675 33.487 24.153 2.41516305987
0.844 35.924 21.954 2.65003072421
1.586 35.137 19.842 2.66677603688
2.768 35.512 19.907 2.5427976846
0.231 37.286 19.921 2.78912757715
0.047 37.047 18.52 2.61066977765
1.275 34.008 19.162 2.11633202144
2.3 33.206 18.48 2.32485688748
1.734 32.726 17.151 2.14243103283
0.546 32.362 17.065 1.94074133197
3.068 32.187 19.386 2.32485688748
2.656 31.522 20.737 2.32485688748
5.208 31.31 18.691 2.32485688748
2.628 32.803 16.167 2.57572842164
3.255 31.276 14.395 2.59344389372
4.49 31.372 14.45 2.46178430194
2.284 33.478 13.673 2.72232757201
3.496 34.243 13.742 2.53400746709
1.112 34.487 13.712 2.72232757201
3.45 29.043 13.514 2.65207782941
3.235 28.92 11.98 2.51571213812
2.425 29.634 11.348 2.37505611705
3.059 27.829 14.293 2.65207782941
3.047 27.768 15.811 2.51571213812
4.153 27.215 16.438 2.57572524911
1.95 28.208 16.561 2.57572524911
4.201 27.114 17.831 2.57572524911
1.995 28.108 17.959 2.57572524911
3.127 27.457 19.923 2.45240269655
3.968 27.956 11.469 2.41269401738
3.927 27.645 10.003 2.57789518755
2.549 27.07 9.661 2.43285482807
2.143 26.994 8.483 2.28148428923
0.463 26.12 10.563 2.72232757201
-0.721 26.971 10.944 2.59344389372
-1.859 26.565 10.675 2.46178430194
0.472 24.748 11.389 2.72232757201
0.744 25.087 12.793 2.53400746709
1.566 23.75 10.977 2.72232757201
-0.458 28.135 11.537 2.41269401738
-1.527 29.041 11.977 2.57789518755
-0.97 29.814 13.192 2.43285482807
0.24 29.833 13.494 2.28148428923
-1.912 30.423 13.859 2.57572842164
-1.807 31.244 15.034 2.72232757201
-2.63 30.846 16.262 2.59344389372
-3.548 30.04 16.206 2.46178430194
-2.662 32.528 14.67 2.72232757201
-1.928 33.123 13.631 2.53400746709
-2.288 31.548 17.332 2.22402568616
-3.009 31.381 18.61 2.41516305987
-2.795 32.702 19.401 2.24769809506
-1.73 33.314 19.22 2.06703446881
-2.627 30.105 19.343 2.41516305987
-1.283 30.156 19.975 2.41516305987
-4.789 35.094 20.381 3.18635814682
-3.953 36.004 19.547 3.0526522229
-5.828 35.869 21.13 3.18635814682
-3.692 34.322 23.52 2.57572842164
-3.46 34.767 25.954 2.59344389372
-2.867 35.827 25.655 2.46178430194
-3.78 35.522 29.421 2.57789518755
-5.207 35.052 29.197 2.57789518755
-3.694 37.065 29.582 2.57789518755
-5.729 34.122 30.306 2.57789518755
-1.275 34.457 32.377 2.75923199067
3.489 35.132 28.975 2.97245262608
-0.572 32.172 33.864 3.54436212661
0.746 29.16 37.115 2.51571213812
-0.386 29.448 37.587 2.37505611705
2.402 30.929 37.482 2.65207782941
3.472 31.905 37.064 2.51571213812
3.133 33.235 36.812 2.57572524911
4.786 31.499 36.938 2.57572524911
4.115 34.138 36.42 2.57572524911
5.784 32.398 36.534 2.57572524911
5.43 33.715 36.266 2.51571213812
6.369 34.62 35.878 2.45240269655
1.345 27.973 37.098 4.2720216845
0.622 26.843 37.796 4.32767651728
1.706 25.738 37.891 4.27849626329
1.306 24.643 38.508 2.57572842164
1.852 22.556 37.385 2.59344389372
0.666 22.306 37.222 2.46178430194
2.139 22.593 39.903 2.72232757201
2.461 23.609 40.932 2.53400746709
3.274 21.547 39.97 2.72232757201
2.831 21.286 35.558 3.54436212661
2.738 18.933 35.659 2.32219197539
3.367 17.583 35.879 2.49917816808
3.885 17.068 34.542 2.34393302806
3.013 16.965 33.688 2.17953443166
2.218 16.68 36.325 2.49917816808
1.909 17.13 37.784 2.49917816808
2.267 15.864 38.543 2.34393302806
1.399 14.987 38.564 2.17953443166
3.493 15.877 39.04 2.37766287277
5.174 16.816 34.43 2.85110369563
5.673 16.334 33.166 2.97245262608
6.407 14.054 32.889 2.11633202144
7.356 12.923 33.059 2.32485688748
7.653 12.551 34.521 2.14243103283
8.755 12.173 34.886 1.94074133197
6.642 12.686 35.318 2.11633202144
6.617 12.405 36.731 2.32485688748
7.327 13.447 37.528 2.14243103283
7.538 13.253 38.743 1.94074133197
7.72 14.583 36.979 2.11633202144
8.389 15.696 37.601 2.32485688748
7.333 16.736 37.947 2.14243103283
6.458 16.941 37.065 1.94074133197
10.624 15.257 36.381 2.32485688748
10.234 17.51 37.54 2.32485688748
11.815 15.923 35.634 2.32485688748
7.359 17.356 39.136 2.65003072421
6.321 18.406 39.415 2.78912757715
7.731 20.225 40.066 2.5427976846
5.646 18.43 40.771 2.78912757715
4.872 17.261 40.99 2.61066977765
7.517 25.9 38.886 2.75923199067
6.649 24.137 41.533 2.97245262608
8.099 24.038 41.489 2.81719981417
5.914 22.982 42.239 2.97245262608
5.541 26.575 39.589 2.41269401738
5.677 27.966 39.128 2.57789518755
7.087 28.767 37.286 2.28148428923
6.668 28.735 39.991 2.57789518755
6.375 28.655 41.483 2.43285482807
7.308 28.273 42.223 2.28148428923
5.161 28.995 41.883 2.46421089331
5.712 27.273 35.428 3.54436212661
6.932 27.188 32.227 3.48587667591
5.249 29.087 33.948 2.41269401738
5.275 31.329 32.874 2.57789518755
6.475 31.012 31.946 2.57789518755
4.645 33.94 32.607 2.57789518755
-3.458 30.431 31.352 2.97245262608
-5.911 30.141 31.757 2.97245262608
-8.319 32.595 23.85 3.41882014206
-8.828 32.373 22.424 3.33906215107
-10.051 32.232 22.226 3.26182836231
-7.917 34.048 24.088 3.41882014206
-7.943 34.482 25.529 3.41882014206
-7.507 35.893 25.81 3.33906215107
-8.182 36.578 26.548 3.26182836231
-6.479 36.284 25.248 3.26182836231
-8.263 32.04 20.072 2.97245262608
-8.341 33.284 19.083 2.97245262608
-6.949 33.636 18.855 2.81719981417
-9.202 34.385 19.728 2.97245262608
-7.107 29.075 17.993 4.53434578543
-7.889 28.895 16.674 4.48961384148
-8.71 27.985 16.428 4.44747948035
-7.647 29.848 15.783 2.7203848681
-8.362 29.829 14.483 2.85287250891
-7.85 28.746 13.534 2.73628278469
-6.668 28.404 13.564 2.61895377264
-8.101 31.257 14.014 2.85287250891
-6.675 31.471 14.474 2.85287250891
-6.727 30.99 15.941 2.85287250891
-8.708 28.191 12.688 2.41269401738
-8.18 27.14 11.767 2.57789518755
-8.834 25.796 12.107 2.43285482807
-9.304 25.53 13.227 2.28148428923
-8.818 24.991 11.053 2.65003072421
-9.374 23.633 11.078 2.78912757715
-8.201 22.723 11.429 2.66677603688
-9.95 23.311 9.683 2.78912757715
-8.834 23.334 8.801 2.61066977765
-6.988 23.215 11.274 1.7
-5.832 22.363 11.616 2.0
-5.474 20.751 13.288 1.4
-4.478 22.941 11.239 2.0
-2.525 21.399 10.834 1.86
-2.842 22.308 13.032 1.86
-1.403 20.718 11.292 1.86
-1.718 21.636 13.524 1.86
-0.996 20.83 12.628 1.86
-6.188 22.841 14.009 2.41269401738
-5.808 23.625 16.286 2.57789518755
-3.276 23.184 16.571 2.57789518755
-4.344 25.486 16.474 2.57789518755
-10.368 19.108 15.708 1.94074133197
-10.853 21.821 14.126 2.32485688748
-12.183 21.125 14.283 2.14243103283
-12.578 20.094 13.453 2.22402143089
-14.304 20.866 15.458 2.22402143089
-13.797 19.448 13.582 2.22402143089
-14.665 19.838 14.594 2.14243103283
-15.879 19.201 14.732 2.05369213118
-8.596 18.119 13.516 2.32485688748
-7.494 17.439 14.325 2.14243103283
-7.638 16.23 14.539 1.94074133197
-8.28 18.014 11.966 2.32485688748
-9.647 18.17 11.309 2.14243103283
-10.664 17.23 11.52 2.22402143089
-9.94 19.265 10.517 2.22402143089
-11.927 17.379 10.95 2.22402143089
-11.194 19.435 9.944 2.22402143089
-12.178 18.498 10.161 2.14243103283
-13.42 18.67 9.587 2.05369213118
-6.488 18.122 14.752 2.41269401738
-5.358 17.597 15.534 2.57789518755
-6.903 17.039 17.312 2.28148428923
-4.677 18.818 16.06 2.57789518755
-5.44 14.74 18.0 2.97245262608
-4.966 15.279 19.345 2.8655882766
-5.435 14.79 20.39 2.75923199067
-4.811 13.453 17.438 2.97245262608
-3.567 13.903 16.726 2.97245262608
-3.876 15.292 16.2 2.97245262608
-3.544 16.856 20.599 2.0
-4.266 18.155 20.981 1.74
-1.178 20.009 18.256 1.86
-1.046 18.01 16.879 1.86
-0.941 19.41 17.013 1.86
-6.001 18.578 24.489 4.27849626329
-6.943 18.146 23.865 4.23203245328
-5.72 17.956 25.528 4.23203245328
2.578 23.309 21.261 2.57789518755
1.576 23.111 20.07 2.57789518755
4.04 23.266 20.841 2.57789518755
1.778 24.059 18.856 2.57789518755
10.866 18.754 23.797 3.54436212661
17.117 28.588 22.664 3.54436212661
19.419 27.949 23.401 3.50233627526
20.58 27.161 23.408 3.50233627526
14.2 30.879 25.264 2.97245262608
14.148 32.063 24.323 2.8655882766
13.23 32.887 24.274 2.75923199067
14.765 31.277 26.646 2.97245262608
15.906 30.374 26.899 2.97245262608
16.194 29.493 25.706 2.97245262608
15.168 32.115 23.467 2.57572842164
15.306 33.187 22.48 2.72232757201
14.205 33.182 21.442 2.59344389372
14.144 34.248 20.781 2.46178430194
16.727 33.026 21.94 2.72232757201
16.713 32.661 20.583 2.53400746709
12.299 32.133 20.305 2.32485688748
10.988 31.998 21.02 2.14243103283
9.918 31.656 20.507 1.94074133197
12.6 31.149 19.131 2.32485688748
12.571 29.694 19.609 2.32485688748
13.974 31.483 18.467 2.32485688748
13.044 28.604 18.605 2.32485688748
11.103 32.343 22.325 2.85110369563
9.069 33.523 23.114 2.8655882766
9.615 34.585 23.527 2.75923199067
10.138 31.582 24.475 2.97245262608
7.835 33.36 22.662 2.57572842164
6.942 34.544 22.555 2.72232757201
5.624 34.225 21.918 2.72232757201
6.647 36.357 24.114 2.57572842164
6.444 37.039 25.386 2.72232757201
7.614 36.81 26.329 2.59344389372
7.479 37.231 27.515 2.46178430194
5.215 36.557 26.141 2.72232757201
3.986 36.978 25.57 2.53400746709
8.717 36.23 25.878 2.41269401738
9.866 35.946 26.737 2.57789518755
9.522 34.849 27.777 2.43285482807
10.298 34.609 28.737 2.28148428923
8.389 34.188 27.682 2.22402568616
7.926 33.152 28.624 2.41516305987
8.952 32.049 28.728 2.24769809506
9.525 31.42 27.827 2.06703446881
6.475 32.79 28.274 2.41516305987
9.319 31.8 30.036 2.65003072421
10.311 30.752 30.336 2.78912757715
10.444 30.532 31.928 2.78912757715
10.884 31.836 32.337 2.61066977765
11.528 29.537 32.338 2.78912757715
11.907 29.096 28.524 4.89901657786
14.596 23.273 32.033 1.4
13.669 22.012 29.143 2.0
16.102 21.528 29.431 1.86
17.172 20.735 29.857 1.86
13.791 24.937 30.767 3.46048228099
14.605 25.983 31.432 3.54436212661
15.112 26.115 33.74 3.39902103994
14.428 27.271 30.692 3.54436212661
15.279 27.275 29.409 3.47033660994
16.372 27.844 29.403 3.39902103994
12.28 26.074 34.427 2.72232757201
12.845 25.036 36.448 2.46178430194
10.802 26.326 34.447 2.72232757201
10.07 26.964 35.577 2.59344389372
10.541 28.029 36.029 2.46178430194
8.914 26.55 36.115 2.62109821036
17.803 24.323 37.205 2.06703446881
17.632 23.702 33.846 2.41516305987
19.871 24.894 33.996 2.32218807228
19.968 22.749 34.585 2.24769809506
21.145 24.626 34.337 2.22402568616
21.243 23.315 34.731 2.24769809506
19.794 21.422 34.916 2.32218807228
22.364 22.61 35.171 2.32218807228
20.888 20.699 35.335 2.32218807228
22.156 21.283 35.484 2.32218807228
16.382 26.732 37.077 3.374854362
16.022 26.411 38.54 3.29292659605
16.434 27.146 39.466 3.21343256117
15.638 27.913 36.482 3.374854362
16.163 28.533 35.2 3.29292659605
15.337 29.336 34.731 3.21343256117
17.268 28.272 34.691 3.21343256117
14.808 24.842 40.034 2.57789518755
15.538 23.573 40.426 2.43285482807
15.132 22.969 41.463 2.28148428923
13.282 24.589 40.015 2.57789518755
12.508 25.873 39.731 2.57789518755
11.033 25.608 39.559 2.43285482807
10.256 25.888 40.608 2.46421089331
16.55 23.09 39.753 2.41269401738
17.302 21.855 39.997 2.57789518755
16.459 20.57 39.976 2.43285482807
16.771 19.569 40.659 2.28148428923
14.437 19.509 38.975 2.41516305987
14.927 18.356 38.103 2.24769809506
14.295 17.288 38.056 2.06703446881
13.088 20.125 38.691 2.41516305987
11.013 21.449 38.886 2.41516305987
11.954 20.367 40.912 2.41516305987
16.053 18.524 37.438 2.22402568616
16.732 17.537 36.61 2.41516305987
18.211 17.605 36.965 2.24769809506
18.676 18.704 37.295 2.06703446881
15.271 17.175 34.698 2.41516305987
18.944 16.516 36.864 2.57572842164
20.378 16.461 37.17 2.72232757201
21.319 16.971 36.083 2.59344389372
22.344 17.668 36.384 2.46178430194
20.808 15.016 37.528 2.72232757201
19.706 14.12 37.655 2.53400746709
21.884 17.095 33.7 2.72232757201
22.554 15.977 32.933 2.72232757201
23.135 14.856 33.803 2.72232757201
23.068 13.555 33.019 2.59344389372
24.044 13.036 32.475 2.46178430194
21.835 13.047 32.967 2.62109821036
21.685 19.022 32.305 3.28197651502
21.034 20.032 31.467 3.374854362
20.829 19.545 30.021 3.29292659605
21.85 21.299 31.584 3.374854362
21.112 22.556 31.151 3.29292659605
19.894 22.407 31.075 3.21343256117
21.863 23.55 30.913 3.21343256117
21.243 16.949 28.245 2.72232757201
20.781 14.516 28.778 2.72232757201
23.093 15.557 28.926 2.72232757201
15.57 12.369 24.241 3.09401308242
14.538 12.27 24.933 3.00350354728
17.363 10.891 25.942 3.0526522229
14.26 11.724 22.265 2.72232757201
12.201 12.588 20.876 2.72232757201
13.556 14.194 22.146 2.72232757201
13.473 9.567 21.696 2.7203848681
13.903 7.058 21.78 2.85287250891
14.013 5.422 19.838 2.78727419845
13.505 4.338 19.106 2.78727419845
11.638 4.187 20.665 2.78727419845
12.329 3.765 19.525 2.73628278469
11.762 2.689 18.831 2.68307619189
11.521 6.49 16.888 2.46178430194
10.137 11.784 16.667 2.72232757201
9.219 11.09 18.87 2.72232757201
9.263 4.837 17.336 2.41516305987
8.782 4.873 15.886 2.24769809506
8.215 4.063 18.175 2.41516305987
7.045 4.793 18.003 2.16754538317
8.837 3.681 15.336 2.22402568616
8.384 3.489 13.926 2.41516305987
7.197 2.566 13.963 2.24769809506
6.729 2.014 14.979 2.06703446881
9.49 2.846 13.087 2.41516305987
10.538 3.82 12.96 2.16754538317
6.606 2.356 12.79 2.41269401738
5.47 1.437 12.64 2.57789518755
4.298 1.555 13.576 2.43285482807
3.636 0.524 13.875 2.28148428923
6.003 -0.003 12.807 2.57789518755
7.172 -0.268 11.865 2.43285482807
8.293 -0.604 12.265 2.28148428923
6.853 -0.075 10.595 2.46421089331
2.863 2.991 14.907 2.85287250891
3.02 2.217 16.226 2.73628278469
1.975 2.05 16.903 2.61895377264
1.542 2.629 14.229 2.85287250891
1.172 3.567 13.095 2.73628278469
1.867 4.484 12.639 2.61895377264
0.051 3.341 12.607 2.61895377264
4.325 1.091 17.868 2.85287250891
4.395 2.013 19.088 2.73628278469
4.875 3.132 18.901 2.61895377264
5.673 0.37 17.813 2.85287250891
5.62 -0.863 16.935 2.73628278469
6.597 -1.255 16.326 2.61895377264
4.557 -1.463 16.792 2.61895377264
3.983 1.508 20.278 2.57572842164
4.115 2.398 21.458 2.72232757201
5.597 2.309 21.796 2.59344389372
6.361 1.385 21.381 2.46178430194
3.206 1.964 22.597 2.72232757201
3.301 0.516 22.66 2.53400746709
6.114 3.258 22.591 2.41269401738
7.482 3.279 22.971 2.57789518755
8.343 4.494 22.855 2.43285482807
9.473 4.507 23.401 2.28148428923
7.851 5.513 22.163 2.85110369563
7.674 7.284 24.118 2.75923199067
7.708 7.661 21.001 2.97245262608
7.334 7.028 19.785 2.81719981417
10.795 9.987 24.704 2.24769809506
11.648 10.206 23.863 2.06703446881
9.724 6.626 26.27 2.41516305987
11.905 7.058 25.21 2.41516305987
9.942 13.74 24.387 2.41516305987
13.106 11.839 27.422 2.41269401738
14.892 10.579 28.561 2.57789518755
13.618 8.622 29.515 2.57789518755
16.145 8.742 29.58 2.57789518755
19.216 13.223 33.059 2.75923199067
19.079 11.62 30.965 2.97245262608
19.891 10.061 29.415 2.11633202144
19.932 7.887 28.46 2.14243103283
20.211 7.462 29.611 1.94074133197
21.604 9.673 27.67 2.32485688748
21.784 11.178 27.343 2.32485688748
22.115 8.855 26.442 2.32485688748
23.297 11.546 27.313 2.32485688748
19.146 5.691 27.764 3.69904372689
17.677 5.33 27.748 3.69904372689
17.418 3.935 28.316 3.63125461652
16.351 3.772 28.913 3.56629383662
18.279 3.033 28.14 3.56629383662
21.134 4.534 27.162 2.22402568616
22.184 3.875 26.418 2.41516305987
21.745 2.655 25.631 2.24769809506
22.484 2.213 24.719 2.06703446881
23.361 3.599 27.35 2.41516305987
24.014 4.844 27.609 2.16754538317
20.573 2.183 26.003 2.22402568616
19.995 1.013 25.326 2.41516305987
19.173 1.37 24.084 2.24769809506
18.831 0.444 23.347 2.06703446881
19.225 0.149 26.33 2.41516305987
17.906 -0.123 25.868 2.16754538317
18.056 3.081 22.687 2.49917816808
18.37 3.78 20.423 2.17953443166
17.255 4.378 22.985 2.49917816808
15.979 4.321 25.134 2.41269040159
14.928 3.392 23.217 2.41269040159
14.865 4.003 25.919 2.41269040159
13.807 3.065 23.97 2.41269040159
13.778 3.37 25.325 2.34393302806
12.664 3.043 26.05 2.27055054127
22.486 1.712 21.264 2.17953443166
23.928 5.282 21.269 2.41269040159
24.917 5.679 22.161 2.41269040159
24.546 6.197 23.394 2.34393302806
25.587 6.578 24.225 2.27055054127
24.143 1.747 18.985 2.72232757201
25.395 2.571 18.659 2.59344389372
25.335 3.657 18.066 2.46178430194
23.952 0.673 17.853 2.72232757201
24.239 1.519 16.682 2.53400746709
22.587 0.007 17.775 2.72232757201
26.517 1.991 19.064 2.41269401738
27.831 2.624 18.852 2.57789518755
27.83 3.823 19.82 2.43285482807
27.127 3.805 20.853 2.28148428923
28.609 4.813 19.41 2.57572842164
28.749 6.047 20.181 2.72232757201
27.93 7.182 19.579 2.59344389372
27.535 7.184 18.41 2.46178430194
30.209 6.431 20.348 2.72232757201
30.662 5.91 21.601 2.53400746709
27.681 8.128 20.476 2.22402568616
27.984 10.25 19.548 2.24769809506
29.121 10.247 20.04 2.06703446881
26.453 10.006 21.521 2.41516305987
25.212 9.704 23.695 2.41516305987
28.428 11.859 17.775 2.72232757201
27.847 13.217 18.165 2.59344389372
28.418 11.528 16.277 2.72232757201
28.739 10.088 15.894 2.59344389372
29.885 9.644 16.063 2.46178430194
27.767 9.319 15.388 2.62109821036
28.678 14.157 18.519 2.22402568616
28.219 15.493 18.926 2.41516305987
28.44 16.582 17.897 2.24769809506
29.557 16.738 17.406 2.06703446881
28.898 15.966 20.237 2.41516305987
28.612 15.011 21.34 2.24769809506
29.342 13.937 21.738 2.32218807228
27.444 15.048 22.176 2.24769809506
28.706 13.302 22.785 2.22402568616
27.548 13.961 23.065 2.24769809506
26.583 13.698 24.033 2.32218807228
25.508 14.558 24.076 2.32218807228
26.258 19.11 14.471 2.97245262608
26.57 16.699 14.949 2.97245262608
27.897 22.0 17.694 2.97245262608
26.604 22.643 17.227 2.8655882766
26.233 22.531 16.036 2.75923199067
29.145 22.793 17.329 2.97245262608
30.031 21.882 16.516 2.97245262608
29.263 20.588 16.232 2.97245262608
25.897 23.3 18.158 2.22402568616
25.299 25.128 16.921 2.24769809506
26.329 25.602 17.453 2.06703446881
23.683 24.464 18.8 2.41516305987
22.648 25.447 18.259 2.41516305987
25.362 26.561 14.994 2.97245262608
24.797 27.914 15.379 2.8655882766
25.607 28.854 15.554 2.75923199067
25.33 26.237 13.493 2.97245262608
23.517 28.036 15.566 2.22402568616
22.767 29.234 15.957 2.41516305987
20.86 27.944 16.746 2.06703446881
22.153 29.882 14.698 2.41516305987
21.324 31.13 14.94 2.41516305987
23.215 30.173 13.639 2.41516305987
21.806 29.407 18.193 3.18494045613
20.901 29.086 19.331 3.28331166428
19.594 29.81 19.262 3.19656430018
19.523 31.02 19.437 3.11200838625
21.664 29.389 20.621 3.28331166428
22.981 28.682 20.889 3.28331166428
23.769 29.127 22.091 3.19656430018
24.928 28.815 22.341 3.11200838625
23.104 29.874 22.855 3.11200838625
18.52 29.112 18.98 2.85110369563
17.135 29.644 18.836 2.97245262608
16.595 27.731 17.638 2.7203848681
15.886 26.274 15.758 2.85287250891
15.16 28.177 14.367 2.78727419845
12.46 27.606 14.768 2.78727419845
14.196 28.974 13.769 2.78727419845
12.861 28.672 13.976 2.73628278469
11.99 29.541 13.35 2.68307619189
20.011 26.074 13.963 2.97245262608
19.848 27.772 12.224 2.8655882766
18.78 28.277 12.559 2.75923199067
20.789 28.499 11.639 2.88830125379
23.092 22.655 13.004 2.97245262608
23.085 21.129 13.26 2.97245262608
24.695 22.635 11.231 2.57572842164
25.207 22.827 9.863 2.72232757201
26.09 20.623 9.517 2.46178430194
26.609 23.525 9.752 2.72232757201
26.358 24.9 10.212 2.53400746709
27.222 23.669 8.34 2.72232757201
27.596 19.707 5.107 3.374854362
27.168 19.454 3.661 3.29292659605
27.61 20.191 2.746 3.21343256117
28.643 18.699 5.583 3.374854362
29.453 19.18 6.769 3.29292659605
30.139 18.433 7.472 3.21343256117
29.444 20.386 7.063 3.21343256117
24.853 16.967 2.211 2.8655882766
24.55 16.481 3.303 2.75923199067
26.97 17.65 1.135 2.97245262608
27.781 16.617 1.703 2.81719981417
24.306 16.589 1.082 2.85110369563
23.296 15.552 0.887 2.97245262608
23.601 11.502 -1.803 2.66677603688
22.952 10.863 -0.953 2.5427976846
25.764 12.488 -0.788 2.78912757715
26.42 13.759 -1.103 2.61066977765
26.526 11.215 -1.105 2.78912757715
23.129 9.9 -3.626 2.32485688748
24.308 9.327 -4.416 2.14243103283
24.89 10.105 -5.201 1.94074133197
21.826 10.115 -4.347 2.32485688748
20.837 9.021 -4.018 2.32485688748
19.242 9.486 -4.779 2.18262886222
18.418 7.899 -4.83 2.32485688748
24.707 8.09 -4.215 3.18494045613
25.851 7.511 -4.954 3.28331166428
27.0 8.471 -5.263 3.19656430018
27.028 9.053 -6.374 3.11200838625
25.376 6.923 -6.275 3.28331166428
24.174 6.066 -6.494 3.19656430018
24.009 4.962 -5.949 3.11200838625
23.331 6.539 -7.297 3.11200838625
27.955 8.699 -4.398 2.41269401738
29.085 9.594 -4.641 2.57789518755
28.781 10.984 -5.175 2.43285482807
29.743 11.775 -5.285 2.28148428923
27.146 12.611 -6.009 3.54436212661
26.337 13.477 -5.065 3.47033660994
26.309 12.464 -7.297 3.54436212661
27.049 12.73 -8.602 3.54436212661
28.347 12.017 -8.853 3.47033660994
29.472 12.503 -8.897 3.39902103994
28.141 10.792 -9.031 3.39902103994
26.653 14.754 -5.063 2.41269401738
25.997 15.769 -4.223 2.57789518755
24.645 16.28 -4.693 2.43285482807
24.545 17.441 -5.146 2.28148428923
27.069 16.923 -3.996 2.57789518755
28.244 16.304 -3.359 2.36497245057
26.591 18.125 -3.177 2.57789518755
23.549 15.542 -4.616 2.22402568616
22.209 15.887 -5.023 2.41516305987
21.558 17.141 -4.463 2.24769809506
20.453 17.48 -4.954 2.06703446881
21.155 14.711 -4.833 2.41516305987
21.552 13.442 -5.635 2.41516305987
22.155 17.78 -3.48 2.57572842164
21.601 18.995 -2.838 2.72232757201
20.182 18.712 -2.336 2.72232757201
22.279 20.719 -1.292 1.7
23.016 21.395 -0.203 2.0
24.525 21.221 -0.335 1.74
22.395 20.939 1.12 2.0
25.031 21.76 -1.435 2.57572842164
26.449 21.755 -1.851 2.72232757201
27.129 22.958 -1.203 2.59344389372
26.507 24.042 -1.18 2.46178430194
26.562 21.717 -3.367 2.72232757201
26.003 22.894 -3.947 2.53400746709
28.331 22.737 -0.691 2.11633202144
29.037 23.849 -0.011 2.32485688748
28.419 23.984 1.393 2.14243103283
28.829 24.827 2.201 1.94074133197
27.42 23.175 1.704 2.11633202144
26.709 23.127 2.96 2.32485688748
25.548 24.066 3.196 2.14243103283
25.404 25.113 2.563 1.94074133197
24.71 23.671 4.176 1.7
23.543 24.494 4.536 2.0
23.163 24.454 6.03 1.74
22.379 24.045 3.721 2.0
22.032 25.106 6.284 2.41269401738
19.42 24.483 7.05 2.28148428923
21.288 26.543 8.209 2.57789518755
22.525 27.41 8.244 2.57789518755
23.429 27.168 9.416 2.43285482807
22.959 27.314 10.553 2.28148428923
24.634 26.791 9.099 2.46421089331
13.583 24.119 12.561 3.54436212661
10.046 21.759 13.418 4.82490210107
9.809 20.784 15.275 4.82490210107
8.795 16.977 16.018 2.66677603688
7.892 16.113 15.874 2.5427976846
10.393 16.369 17.96 2.78912757715
10.076 17.641 18.584 2.61066977765
11.774 15.782 18.261 2.78912757715
8.402 18.246 15.903 2.41269401738
7.137 18.854 15.579 2.57789518755
6.773 18.8 14.045 2.43285482807
5.619 19.082 13.675 2.28148428923
7.727 18.464 13.243 2.65003072421
7.545 18.347 11.761 2.78912757715
7.635 16.862 11.368 2.66677603688
8.236 20.529 11.352 2.61066977765
8.945 19.003 9.574 2.78912757715
6.67 16.377 10.591 2.65003072421
6.694 14.966 10.185 2.78912757715
8.315 13.491 9.087 2.5427976846
5.309 14.622 9.666 2.78912757715
4.296 15.283 10.389 2.61066977765
7.751 15.434 8.101 2.22402568616
7.717 15.449 5.738 2.41516305987
6.422 14.645 5.691 2.24769809506
5.57 15.084 4.502 2.41516305987
6.697 13.133 5.594 2.41516305987
9.307 19.713 5.404 4.32767651728
14.81 25.741 -0.244 3.54436212661
15.957 24.739 -0.129 3.54436212661
15.499 23.865 1.022 3.54436212661
12.028 24.382 -1.88 2.41269401738
11.288 23.819 -2.987 2.57789518755
12.08 23.436 -4.23 2.43285482807
11.761 22.389 -4.83 2.28148428923
10.103 24.788 -3.403 2.57789518755
10.801 25.952 -3.958 2.36497245057
9.148 25.07 -2.246 2.57789518755
13.015 24.312 -4.501 2.57572842164
13.9 24.179 -5.64 2.72232757201
14.802 22.976 -5.445 2.59344389372
14.903 22.308 -6.48 2.46178430194
14.87 25.333 -5.85 2.72232757201
15.813 25.401 -4.779 2.53400746709
16.26 21.677 -4.054 2.72232757201
15.974 19.318 -4.251 2.46178430194
17.242 22.021 -2.961 2.72232757201
12.252 19.633 -1.99 2.97245262608
11.149 18.537 -1.98 2.97245262608
12.755 19.545 -5.277 2.22402568616
12.369 19.072 -6.613 2.41516305987
13.413 18.156 -7.255 2.24769809506
13.024 17.115 -7.846 2.06703446881
12.017 20.27 -7.486 2.41516305987
14.66 18.523 -7.131 2.41269401738
15.79 17.741 -7.661 2.57789518755
15.764 16.358 -7.013 2.43285482807
15.895 15.348 -7.731 2.28148428923
17.117 18.463 -7.503 2.57789518755
17.194 19.798 -8.231 2.43285482807
16.22 20.33 -8.8 2.28148428923
18.407 20.378 -8.22 2.46421089331
15.581 16.334 -5.675 2.85110369563
16.886 16.109 -3.15 2.97245262608
12.141 13.431 -7.137 2.66677603688
11.624 12.318 -7.338 2.5427976846
10.835 15.232 -5.852 2.78912757715
10.318 15.989 -4.653 2.78912757715
8.873 15.824 -2.709 2.69295246139
12.903 14.073 -8.006 2.57572842164
13.274 13.622 -9.336 2.72232757201
14.164 12.383 -9.236 2.59344389372
13.822 11.363 -9.863 2.46178430194
14.0 14.675 -10.184 2.72232757201
13.077 15.25 -11.089 2.53400746709
15.222 12.543 -8.485 3.18494045613
16.201 11.499 -8.219 3.28331166428
15.568 10.253 -7.568 3.19656430018
16.283 9.227 -7.776 3.11200838625
17.282 12.043 -7.3 3.28331166428
18.074 13.233 -7.781 3.19656430018
18.233 13.441 -8.992 3.11200838625
18.579 13.99 -6.908 3.11200838625
13.892 9.083 -6.258 2.72232757201
12.666 8.497 -6.94 2.59344389372
12.147 7.403 -6.592 2.46178430194
12.133 9.169 -7.928 2.41269401738
10.986 8.795 -8.722 2.57789518755
9.63 9.22 -8.246 2.43285482807
8.594 8.517 -8.436 2.28148428923
9.636 10.408 -7.632 2.57572842164
7.766 11.872 -8.244 2.59344389372
8.519 12.681 -8.834 2.46178430194
6.467 11.734 -8.449 2.57572842164
5.771 12.55 -9.47 2.72232757201
4.458 13.009 -8.873 2.59344389372
3.821 12.212 -8.153 2.46178430194
5.57 11.733 -10.741 2.72232757201
5.218 12.516 -11.891 2.53400746709
4.095 14.236 -9.17 3.18494045613
2.867 14.854 -8.708 3.28331166428
1.679 14.209 -9.408 3.19656430018
1.585 14.12 -10.639 3.11200838625
2.723 16.364 -8.946 3.28331166428
1.821 17.027 -7.901 3.28331166428
2.139 18.453 -7.527 3.19656430018
2.937 19.195 -8.086 3.11200838625
1.444 18.77 -6.527 3.11200838625
-0.47 13.09 -9.043 2.78912757715
-1.507 14.198 -9.21 2.66677603688
-1.186 15.374 -8.947 2.5427976846
-0.644 11.869 -8.162 2.78912757715
-2.4 10.935 -6.786 2.69295246139
-2.689 13.835 -9.65 2.57572842164
-3.76 14.809 -9.882 2.72232757201
-4.286 15.48 -8.617 2.59344389372
-4.652 16.682 -8.698 2.46178430194
-4.852 14.261 -10.779 2.72232757201
-5.645 13.198 -10.317 2.53400746709
-4.821 15.307 -6.243 3.374854362
-3.738 15.989 -5.404 3.29292659605
-3.9 16.159 -4.175 3.21343256117
-5.618 14.242 -5.492 3.374854362
-6.047 13.032 -6.305 3.29292659605
-5.191 12.215 -6.714 3.21343256117
-7.282 12.944 -6.523 3.21343256117
-2.627 16.4 -5.977 2.41269401738
-1.535 17.057 -5.274 2.57789518755
-0.385 16.207 -4.769 2.43285482807
0.796 16.609 -4.892 2.28148428923
-0.657 15.045 -4.207 3.32841402621
0.306 14.091 -3.638 3.41882014206
1.565 13.806 -4.407 3.33906215107
-0.462 12.784 -3.369 3.41882014206
-1.906 12.97 -2.952 3.41882014206
-2.825 11.931 -2.407 3.33906215107
-4.012 12.176 -2.178 3.26182836231
-2.293 10.811 -2.205 3.26182836231
2.667 13.372 -3.832 2.22402568616
3.929 13.072 -4.511 2.41516305987
5.201 13.652 -3.967 2.41516305987
5.718 15.023 -4.087 2.41516305987
5.642 15.608 -5.81 2.28430885786
7.396 15.807 -6.131 2.41516305987
4.592 8.83 -5.814 2.24769809506
5.348 9.391 -6.621 2.06703446881
2.08 9.006 -6.151 2.41516305987
0.764 9.649 -5.728 2.41516305987
2.333 9.293 -7.635 2.41516305987
4.897 7.609 -5.361 2.22402568616
6.109 6.88 -5.775 2.41516305987
5.773 5.391 -5.802 2.24769809506
4.801 4.968 -5.138 2.06703446881
8.605 6.788 -5.38 2.41516305987
6.53 4.64 -6.576 2.85110369563
6.299 3.192 -6.707 2.97245262608
6.662 2.617 -8.07 2.97245262608
7.433 1.428 -7.969 2.81719981417
6.217 1.758 -4.865 1.7
7.895 0.117 -4.072 1.74
8.737 -0.117 -3.186 1.4
5.541 0.223 -3.06 2.0
4.211 1.306 -2.461 1.8
7.964 -0.302 -5.325 2.22402568616
9.094 -1.112 -5.775 2.41516305987
10.411 -0.342 -5.582 2.24769809506
11.441 -0.999 -5.361 2.06703446881
9.006 -1.453 -7.253 2.41516305987
7.855 -2.172 -7.637 2.16754538317
10.377 0.967 -5.688 2.22402568616
11.594 1.783 -5.535 2.41516305987
11.268 3.262 -5.627 2.41516305987
10.659 3.661 -6.828 2.16754538317
14.264 0.127 -1.334 2.28148428923
10.883 0.586 -0.85 2.57789518755
11.433 -0.233 0.36 2.57789518755
8.798 1.571 0.42 2.57789518755
13.773 -2.308 -2.647 3.374854362
14.945 -1.942 -3.555 3.29292659605
16.045 -2.496 -3.393 3.21343256117
13.044 -3.54 -3.131 3.374854362
11.704 -3.973 -2.599 3.29292659605
11.314 -5.088 -3.018 3.21343256117
10.983 -3.322 -1.811 3.21343256117
14.722 -1.037 -4.481 2.57572842164
15.71 -0.576 -5.45 2.72232757201
16.515 0.678 -5.148 2.59344389372
17.676 0.665 -5.643 2.46178430194
15.044 -0.364 -6.827 2.72232757201
13.628 -0.284 -6.805 2.53400746709
15.976 1.674 -4.435 2.22402568616
16.795 2.885 -4.215 2.41516305987
17.944 2.807 -3.217 2.24769809506
17.924 2.006 -2.263 2.06703446881
15.926 5.174 -6.145 2.41516305987
13.976 5.331 -4.651 2.41516305987
18.912 3.664 -3.468 2.85110369563
20.106 3.785 -2.631 2.97245262608
19.634 4.684 -1.472 2.8655882766
21.143 4.376 -3.576 2.97245262608
20.318 5.329 -4.411 2.97245262608
18.984 4.631 -4.578 2.97245262608
20.561 4.905 -0.579 3.46048228099
21.637 7.333 -0.573 3.39902103994
21.295 5.325 1.724 3.54436212661
21.271 3.97 2.371 3.47033660994
22.387 3.55 2.726 3.39902103994
20.19 3.373 2.526 3.39902103994
23.936 12.702 2.545 2.28148428923
24.764 9.709 2.64 2.57789518755
25.92 10.003 3.562 2.57789518755
24.589 8.215 2.408 2.57789518755
25.668 14.528 5.527 2.85110369563
28.153 14.906 5.109 2.97245262608
28.009 13.642 4.347 2.81719981417
29.52 14.736 5.758 2.97245262608
25.771 17.226 11.599 3.54436212661
28.801 17.657 10.317 3.18494045613
30.12 17.778 10.981 3.28331166428
31.006 16.65 10.459 3.19656430018
31.726 16.089 11.292 3.11200838625
29.985 17.801 12.507 3.28331166428
31.256 18.025 13.307 3.19656430018
31.616 19.178 13.617 3.11200838625
31.939 17.022 13.653 3.11200838625
31.009 16.27 9.191 2.41269401738
31.924 15.197 8.752 2.57789518755
31.481 13.769 8.998 2.43285482807
32.177 12.885 8.451 2.28148428923
30.425 13.519 9.75 2.22402568616
30.069 12.074 9.891 2.41516305987
28.924 11.868 8.899 2.24769809506
29.769 11.6 11.302 2.41516305987
28.984 12.633 12.086 2.41516305987
29.041 10.25 11.366 2.41516305987
28.872 10.671 8.352 2.41269401738
27.829 10.314 7.384 2.57789518755
26.801 8.696 8.862 2.28148428923
28.256 9.377 6.25 2.57789518755
29.19 9.982 5.221 2.57789518755
29.517 9.052 4.074 2.43285482807
30.0 7.932 4.227 2.28148428923
29.249 9.52 2.854 2.46421089331
24.219 9.769 8.268 3.28331166428
24.311 10.356 11.391 3.23418432231
25.067 10.625 12.547 3.23418432231
26.524 12.01 13.767 3.15786376808
20.954 7.313 6.304 2.98417189675
20.51 6.984 7.417 2.88653560143
23.056 6.147 5.415 3.08311555793
23.778 5.73 6.668 3.08311555793
24.288 7.017 7.332 3.08311555793
20.078 7.582 5.345 2.41269401738
18.63 7.513 5.4 2.57789518755
18.274 6.503 4.312 2.43285482807
17.178 9.322 7.531 2.57789518755
17.701 5.39 4.653 3.08160126066
17.469 2.995 4.349 3.18635814682
16.179 2.592 4.812 3.0526522229
12.284 4.332 2.033 3.11200838625
14.586 3.537 -0.174 3.28331166428
15.932 2.911 -0.16 3.28331166428
16.718 3.368 1.053 3.28331166428
13.706 2.863 2.963 2.57572842164
12.69 2.367 3.938 2.72232757201
12.165 3.464 4.864 2.59344389372
11.021 3.472 5.34 2.46178430194
13.266 1.177 4.719 2.72232757201
12.337 0.819 5.731 2.53400746709
12.988 4.462 5.132 2.41269401738
12.649 5.621 5.97 2.57789518755
10.928 7.255 5.576 2.28148428923
13.923 6.077 6.711 2.57789518755
8.716 5.286 3.235 2.46178430194
9.18 5.466 0.368 2.72232757201
7.664 5.397 -0.114 2.72232757201
6.037 6.329 3.349 2.41516305987
5.112 5.338 2.633 2.24769809506
4.641 5.668 1.522 2.06703446881
5.241 7.579 3.753 2.41516305987
5.011 9.83 4.881 2.41516305987
6.907 8.357 5.452 2.41516305987
4.859 4.197 3.236 2.41269401738
2.718 2.983 3.485 2.43285482807
2.827 2.64 4.668 2.28148428923
4.774 1.827 2.573 2.57789518755
3.949 0.661 2.084 2.57789518755
4.579 -0.58 1.543 2.43285482807
3.917 -1.381 0.861 2.28148428923
5.863 -0.776 1.827 2.46421089331
1.563 3.199 2.888 2.41269401738
0.25 3.059 3.56 2.57789518755
-0.72 2.468 2.53 2.43285482807
-1.073 3.122 1.54 2.28148428923
-0.268 4.327 4.225 2.57789518755
0.405 4.635 5.556 2.43285482807
1.406 5.386 5.557 2.28148428923
-0.072 4.119 6.604 2.28148428923
-1.114 1.241 2.781 2.41269401738
-2.015 0.456 1.939 2.57789518755
-1.786 0.665 0.446 2.43285482807
-2.631 1.316 -0.201 2.28148428923
-3.47 0.692 2.303 2.57789518755
-4.372 -0.492 2.001 2.43285482807
-5.247 -0.419 1.128 2.28148428923
-4.169 -1.511 2.696 2.28148428923
-0.713 0.147 -0.111 2.41269401738
-0.407 0.268 -1.548 2.57789518755
0.014 1.626 -2.1 2.43285482807
0.449 1.715 -3.275 2.28148428923
-1.564 -0.313 -2.374 2.57789518755
-1.277 -1.72 -2.872 2.43285482807
-1.234 -1.944 -4.096 2.28148428923
-1.096 -2.604 -1.998 2.28148428923
-0.108 2.648 -1.283 2.65003072421
0.281 4.009 -1.676 2.78912757715
1.671 4.266 0.254 2.5427976846
-0.708 5.044 -1.187 2.78912757715
-1.862 5.069 -1.989 2.61066977765
2.637 4.561 -1.76 1.7
3.965 4.917 -1.307 2.0
3.847 6.644 -3.03 1.4
4.516 7.251 -0.962 2.85110369563
3.566 9.526 -0.59 2.97245262608
3.749 9.362 0.854 2.81719981417
2.195 9.045 -1.036 2.97245262608
6.604 10.224 -0.996 3.08160126066
6.734 11.877 1.153 3.00350354728
8.217 12.07 -1.382 3.18635814682
9.615 13.12 2.65 3.47033660994
9.417 15.934 0.874 1.74
8.462 15.623 0.127 1.4
8.601 18.218 1.18 3.69904372689
7.551 18.228 2.233 3.69904372689
6.099 18.462 2.05 3.69904372689
5.383 19.535 2.802 3.63125461652
4.532 20.207 2.22 3.56629383662
5.707 19.674 3.998 3.56629383662
8.595 20.303 0.126 2.57572842164
8.944 21.653 -0.344 2.72232757201
7.092 22.901 0.684 2.46178430194
8.822 24.534 2.091 2.41516305987
8.377 23.985 3.431 2.41516305987
7.361 24.88 4.087 2.41516305987
6.682 23.989 5.533 2.28430885786
8.011 24.109 6.746 2.41516305987
9.757 26.689 1.694 3.46048228099
9.425 28.834 3.445 3.39902103994
10.657 28.696 0.582 3.54436212661
11.434 28.255 -0.646 3.47033660994
11.856 27.096 -0.803 3.39902103994
11.658 29.116 -1.53 3.39902103994
11.54 28.763 5.341 2.57789518755
12.726 29.731 5.452 2.43285482807
11.373 28.174 7.786 2.57789518755
10.506 26.556 6.127 2.57789518755
12.518 30.894 4.857 2.7203848681
13.523 31.936 4.826 2.85287250891
13.774 32.589 6.174 2.73628278469
12.837 33.136 6.782 2.61895377264
12.988 32.977 3.838 2.85287250891
11.493 32.836 3.974 2.85287250891
11.304 31.334 4.143 2.85287250891
15.041 32.465 6.518 2.41269401738
15.543 33.037 7.78 2.57789518755
16.575 34.085 7.34 2.43285482807
16.619 34.449 6.144 2.28148428923
16.011 32.013 8.872 2.57789518755
17.17 31.308 8.344 2.36497245057
14.862 31.087 9.297 2.57789518755
17.342 34.549 8.305 2.22402568616
18.367 35.567 8.024 2.41516305987
19.564 34.787 7.484 2.24769809506
20.05 35.119 6.386 2.06703446881
18.629 36.445 9.224 2.41516305987
19.509 35.853 10.16 2.16754538317
19.963 33.786 8.257 2.22402568616
21.103 32.925 7.896 2.41516305987
20.708 31.822 6.91 2.24769809506
21.284 30.714 6.927 2.06703446881
21.852 32.413 9.117 2.41516305987
21.212 31.347 9.782 2.16754538317
19.741 32.13 6.047 2.41269401738
19.277 31.202 5.032 2.57789518755
17.866 30.683 4.907 2.43285482807
16.885 31.098 5.541 2.28148428923
17.794 29.717 3.997 3.32841402621
16.83 27.677 4.442 3.33906215107
17.828 26.971 4.211 3.26182836231
16.306 28.736 2.194 3.41882014206
15.833 30.031 1.516 3.41882014206
14.552 29.803 0.771 3.33906215107
13.435 29.888 1.252 3.26182836231
14.871 29.504 -0.405 3.26182836231
15.915 27.451 5.388 2.22402568616
16.069 26.275 6.227 2.41516305987
16.024 27.364 8.602 2.24769809506
15.059 27.615 9.745 2.41516305987
17.286 26.616 9.002 2.41516305987
18.4 22.898 3.52 3.13412054803
18.606 22.625 2.171 3.08160126066
17.941 20.713 0.701 3.13412054803
11.803 22.415 8.502 2.72232757201
11.87 20.644 10.254 2.72232757201
12.551 23.625 9.032 2.72232757201
8.808 12.605 12.66 3.97461189274
8.252 13.611 13.662 3.91610941646
9.071 14.212 14.382 3.86046154913
7.026 13.714 13.649 3.86046154913
11.406 10.986 9.06 2.57789518755
13.254 9.588 9.523 2.28148428923
12.203 10.621 6.635 2.57789518755
9.907 11.284 6.989 2.57789518755
14.122 6.093 14.207 2.61895377264
11.857 7.508 12.99 2.85287250891
9.537 6.934 12.432 2.85287250891
9.392 7.526 11.099 2.7203848681
8.452 8.369 10.678 2.73628278469
8.474 8.816 9.401 2.76116415538
7.471 8.844 11.458 2.76116415538
16.258 6.696 12.602 2.57789518755
18.408 6.119 13.53 2.28148428923
16.699 6.874 11.112 2.57789518755
15.61 6.593 10.044 2.57789518755
14.971 5.224 10.294 2.43285482807
15.807 4.331 10.462 2.28148428923
13.658 5.023 10.39 2.46421089331
21.25 8.359 13.191 2.78727419845
20.145 8.595 10.672 2.78727419845
21.894 7.772 12.088 2.78727419845
21.328 7.899 10.821 2.73628278469
21.901 7.356 9.715 2.68307619189
17.315 7.927 23.246 2.78727419845
18.085 8.655 25.363 2.68307619189
24.552 18.558 26.472 4.27849626329
25.422 17.693 26.645 4.23203245328
24.441 19.488 27.281 4.23203245328
21.886 22.719 26.813 2.72232757201
23.328 24.285 27.667 2.46178430194
20.583 23.198 27.443 2.72232757201
19.328 23.223 26.622 2.72232757201
19.263 24.449 25.761 2.72232757201
19.368 25.677 26.563 2.57572842164
18.312 26.307 27.036 2.59344389372
17.102 25.747 26.926 2.62109821036
18.555 27.483 27.639 2.62109821036
24.956 22.426 29.088 2.57789518755
26.091 22.906 28.206 2.43285482807
26.835 23.86 28.461 2.28148428923
25.463 21.217 29.868 2.57789518755
26.172 22.111 27.144 2.22402568616
27.077 22.132 26.035 2.41516305987
26.745 22.791 24.703 2.24769809506
27.657 22.981 23.898 2.06703446881
26.939 20.641 25.496 2.41516305987
28.283 19.967 25.565 2.24769809506
29.266 20.687 25.819 2.06703446881
28.351 18.663 25.355 2.28430885786
26.011 23.218 21.081 2.06703446881
25.415 25.042 23.12 2.41516305987
23.556 26.274 24.127 2.06703446881
25.706 26.758 24.685 2.28430885786
28.018 20.215 21.617 3.54436212661
29.223 19.28 21.528 3.54436212661
30.459 19.966 22.091 3.54436212661
31.433 18.982 22.638 3.54436212661
23.734 10.203 17.265 2.59344389372
24.96 10.138 17.171 2.46178430194
23.254 12.218 15.864 2.72232757201
23.406 7.806 17.228 3.54436212661
21.609 5.264 15.019 3.28331166428
22.452 4.319 14.184 3.28331166428
23.774 4.315 14.897 3.28331166428
23.982 5.764 15.32 3.28331166428
19.519 4.437 15.946 2.22402568616
19.444 1.588 15.977 2.06703446881
17.152 3.871 16.667 2.41516305987
16.581 5.261 16.87 2.41516305987
16.703 3.429 15.278 2.41516305987
18.721 1.687 18.119 2.22402568616
18.904 0.259 18.419 2.41516305987
17.7 -0.444 17.777 2.24769809506
17.796 -1.675 17.524 2.06703446881
19.001 -0.018 19.912 2.41516305987
16.683 0.22 17.503 2.06703446881
