4chaNoHeHR_shell
20.
0.010
25049.6
0.733
1.0
1.E-8
1146
-4.948 -5.693 62.812 1.7
-4.328 -5.444 61.525 2.0
-3.414 -6.617 61.133 1.74
-3.039 -7.411 61.983 1.4
-3.539 -4.145 61.581 2.0
-2.052 -4.204 62.648 1.8
-3.146 -6.784 59.83 2.57572842164
-2.184 -7.782 59.309 2.72232757201
-1.596 -10.114 59.443 2.46178430194
-3.757 -9.614 59.758 2.11633202144
-4.159 -11.001 59.894 2.32485688748
-5.291 -11.276 58.916 2.14243103283
-6.47 -10.993 59.18 1.94074133197
-4.562 -11.315 61.353 2.32485688748
-5.091 -12.747 61.508 2.32485688748
-3.367 -11.101 62.294 2.32485688748
-4.94 -11.757 57.739 2.85110369563
-5.936 -11.991 56.699 2.97245262608
-6.923 -13.065 57.111 2.8655882766
-6.535 -14.045 57.767 2.75923199067
-5.094 -12.422 55.485 2.97245262608
-3.571 -12.061 57.276 2.97245262608
-8.194 -12.846 56.751 2.22402568616
-9.278 -13.802 56.999 2.41516305987
-9.036 -15.054 56.183 2.24769809506
-9.252 -16.184 56.644 2.06703446881
-10.611 -13.178 56.641 2.41516305987
-8.634 -14.824 54.935 2.11633202144
-8.241 -15.877 54.027 2.32485688748
-6.035 -15.051 53.598 1.94074133197
-8.745 -15.613 52.593 2.32485688748
-10.272 -15.457 52.56 2.32485688748
-8.335 -16.744 51.646 2.32485688748
-10.819 -14.74 51.323 2.32485688748
-6.214 -16.971 54.744 2.41269401738
-4.765 -17.103 54.922 2.57789518755
-4.387 -18.143 52.789 2.28148428923
-4.424 -18.27 55.863 2.57789518755
-5.137 -18.252 57.223 2.57789518755
-4.475 -19.203 58.214 2.43285482807
-3.927 -20.218 57.811 2.28148428923
-4.527 -18.87 59.508 2.46421089331
-2.173 -16.593 52.176 2.97245262608
-1.424 -17.911 52.143 2.8655882766
-1.166 -18.509 53.177 2.75923199067
-1.198 -15.405 52.272 2.97245262608
-1.228 -14.98 53.706 2.97245262608
-2.553 -15.368 54.264 2.97245262608
-1.068 -18.371 50.96 2.22402568616
-0.356 -19.631 50.863 2.41516305987
1.114 -18.815 49.137 2.06703446881
-1.208 -20.706 50.165 2.41516305987
-1.274 -20.483 48.648 2.41516305987
-0.641 -22.097 50.477 2.41516305987
1.982 -20.168 50.755 2.11633202144
3.308 -20.282 50.185 2.32485688748
3.875 -18.894 49.955 2.14243103283
4.905 -18.693 49.289 1.94074133197
3.215 -21.135 48.906 2.32485688748
4.316 -21.103 47.861 2.14243103283
5.667 -21.52 48.42 2.32485688748
3.915 -22.009 46.726 2.32485688748
3.509 -16.614 50.682 2.97245262608
3.35 -16.586 52.151 2.8655882766
3.814 -15.682 52.862 2.75923199067
3.17 -15.27 48.702 2.81719981417
2.672 -18.049 53.935 2.72232757201
3.736 -19.099 53.938 2.59344389372
3.894 -19.787 52.939 2.46178430194
4.55 -19.171 54.998 1.99639670258
5.666 -20.128 55.042 2.22693058289
5.944 -20.804 53.685 2.02565795104
5.195 -21.655 53.231 1.79544509739
5.414 -21.18 56.135 2.22693058289
5.252 -20.622 57.562 2.02565795104
5.07 -21.763 58.544 2.22693058289
6.465 -19.773 57.972 2.22693058289
6.945 -20.521 53.046 1.79544509739
6.321 -11.643 38.265 2.28148428923
6.138 -10.441 41.031 2.57789518755
5.811 -9.388 42.099 2.57789518755
7.124 -11.457 41.609 2.57789518755
9.027 -12.003 37.753 2.72232757201
10.913 -12.638 36.173 2.72232757201
10.048 -10.282 36.187 2.72232757201
8.888 -14.406 38.123 2.41269401738
9.118 -15.689 38.799 2.57789518755
8.276 -15.851 40.073 2.43285482807
8.613 -16.632 40.976 2.28148428923
10.615 -15.881 39.1 2.57789518755
11.382 -16.521 37.942 2.43285482807
11.317 -17.727 37.712 2.28148428923
12.118 -15.7 37.204 2.46421089331
7.175 -15.094 40.132 2.41269401738
6.23 -15.171 41.236 2.57789518755
5.168 -16.21 40.965 2.43285482807
5.302 -17.032 40.047 2.28148428923
2.993 -17.117 41.554 2.97245262608
3.196 -18.434 42.337 2.97245262608
3.79 -18.292 43.748 2.97245262608
5.299 -18.061 43.766 2.8655882766
6.011 -18.503 42.828 2.75923199067
5.765 -17.434 44.729 2.75923199067
0.6 -16.984 41.396 2.85110369563
-1.081 -16.58 43.125 2.8655882766
-0.895 -17.618 43.743 2.75923199067
-1.738 -17.237 40.8 2.97245262608
-3.16 -16.662 40.799 2.97245262608
-4.081 -17.433 39.859 2.8655882766
-3.72 -17.553 38.676 2.75923199067
-5.155 -17.915 40.3 2.75923199067
-1.981 -15.542 45.092 2.57789518755
-3.396 -16.109 45.254 2.43285482807
-4.142 -16.183 44.286 2.28148428923
-1.924 -14.152 45.667 2.57789518755
-3.74 -16.584 46.456 2.22402568616
-5.096 -17.001 46.699 2.41516305987
-5.467 -14.765 47.367 2.06703446881
-6.667 -18.272 48.239 2.41516305987
-4.233 -18.893 48.164 2.41516305987
-7.794 -14.402 46.046 2.97245262608
-8.204 -13.998 47.465 2.8655882766
-8.648 -14.836 48.263 2.75923199067
-9.016 -14.715 45.158 2.97245262608
-8.576 -15.896 44.326 2.97245262608
-7.654 -16.698 45.206 2.97245262608
-8.011 -12.709 47.769 2.57572842164
-8.391 -12.137 49.057 2.72232757201
-7.601 -11.92 51.302 2.46178430194
-6.332 -13.158 49.901 3.46048228099
-3.691 -14.481 49.324 3.43758922265
-4.383 -11.304 50.439 2.57572842164
-3.633 -10.091 50.686 2.72232757201
-4.637 -8.965 50.598 2.59344389372
-4.725 -8.236 49.598 2.46178430194
-2.503 -9.944 49.649 2.72232757201
-1.354 -12.008 48.583 2.65002772709
-6.653 -7.984 51.7 2.97245262608
-6.341 -6.483 51.739 2.8655882766
-7.244 -5.684 51.53 2.75923199067
-7.339 -8.433 52.983 2.97245262608
-6.224 -8.911 53.816 2.97245262608
-5.344 -9.65 52.872 2.97245262608
-4.278 -4.248 50.644 3.09401308242
-3.182 -7.098 54.882 3.13412054803
-2.782 -8.242 55.525 3.13412054803
-3.97 -5.176 49.756 2.85110369563
-5.69 -4.533 47.422 2.75923199067
-2.999 -6.037 47.637 2.97245262608
-2.608 -5.764 46.177 2.97245262608
-5.033 -2.156 46.187 2.97245262608
-6.329 -1.042 48.075 2.97245262608
-5.175 -1.568 43.887 3.08160126066
-5.359 -2.084 41.487 3.18635814682
-5.062 -1.591 40.184 3.0526522229
-6.723 5.606 38.73 2.46178430194
-7.524 2.657 37.992 2.72232757201
-7.501 1.152 38.046 2.72232757201
-8.874 0.531 37.984 2.59344389372
-9.867 1.174 37.619 2.46178430194
-8.942 -0.738 38.344 2.62109821036
-7.446 6.746 35.711 3.63125461652
-8.317 5.878 35.844 3.56629383662
-4.896 6.956 35.292 3.69904372689
-4.889 6.221 33.948 3.63125461652
-3.816 6.228 33.296 3.56629383662
-7.697 7.905 35.129 2.7203848681
-9.043 8.202 34.626 2.85287250891
-9.45 7.325 33.449 2.73628278469
-10.639 7.116 33.24 2.61895377264
-9.191 9.683 34.228 2.85287250891
-10.367 10.418 34.88 2.85287250891
-11.734 9.833 34.494 2.85287250891
-12.093 10.095 33.025 2.85287250891
-13.143 9.137 32.57 2.85287250891
-8.468 6.84 32.679 2.41269401738
-8.758 5.948 31.551 2.57789518755
-9.205 4.574 32.066 2.43285482807
-9.743 3.772 31.299 2.28148428923
-7.544 5.789 30.608 2.57789518755
-6.606 4.836 31.142 2.36497245057
-6.831 7.127 30.365 2.57789518755
-8.965 4.319 33.36 2.41269401738
-9.325 3.066 34.016 2.57789518755
-8.181 2.058 34.035 2.43285482807
-8.404 0.866 34.188 2.28148428923
-5.803 1.63 33.867 2.0
-5.055 1.921 32.529 2.0
-3.551 2.098 32.639 1.74
-3.005 3.335 32.883 1.86
-2.71 1.012 32.469 1.86
-1.62 3.485 32.97 1.86
-1.323 1.15 32.554 1.86
-0.775 2.393 32.806 1.86
-4.527 0.436 35.564 3.46048228099
-1.557 0.365 35.409 3.39902103994
-3.468 -1.291 36.996 3.54436212661
-1.052 -1.835 37.825 3.50233627526
-0.383 2.253 37.017 2.0
0.505 2.001 38.239 1.74
1.737 2.118 38.183 1.4
-0.449 3.76 36.707 2.0
-1.063 4.597 37.806 1.74
-2.444 4.776 37.871 1.86
-0.252 5.191 38.754 1.86
-3.01 5.546 38.88 1.86
-0.798 5.958 39.762 1.86
-2.181 6.135 39.824 1.86
0.574 1.398 40.602 2.0
2.616 3.388 40.76 1.8
-8.025 -1.731 51.657 3.54436212661
-3.58 0.802 56.484 2.41516305987
-4.599 0.841 58.658 2.06703446881
-2.386 1.771 56.689 2.41516305987
-2.755 3.225 56.362 2.41516305987
-1.178 1.339 55.856 2.41516305987
-1.762 4.244 56.922 2.41516305987
-7.024 2.07 57.572 2.78912757715
-6.948 3.529 57.958 2.78912757715
-6.302 3.789 59.289 2.66677603688
-5.647 4.809 59.442 2.5427976846
-6.487 2.878 60.253 2.69295246139
-9.41 2.082 57.119 3.62225757892
-11.883 2.009 57.02 3.69904372689
-12.498 0.605 57.066 3.69904372689
-13.908 0.55 57.658 3.63125461652
-14.406 1.572 58.196 3.56629383662
-14.516 -0.53 57.58 3.56629383662
-9.668 5.739 55.274 2.72232757201
-8.259 7.098 53.898 2.46178430194
-9.92 6.784 56.346 2.72232757201
-11.338 6.793 56.851 2.59344389372
-12.232 7.309 56.169 2.46178430194
-11.561 6.229 58.042 2.62109821036
-6.417 7.396 57.129 3.13412054803
-6.556 8.697 57.579 3.08160126066
-5.503 10.881 56.905 3.13412054803
0.501 5.832 46.833 4.32767651728
3.773 7.017 45.232 2.06703446881
5.514 9.089 45.844 2.41516305987
5.787 9.194 44.34 2.24769809506
5.205 10.035 43.671 2.06703446881
6.481 9.986 46.633 2.41516305987
7.007 8.376 42.391 2.85287250891
5.833 7.997 41.476 2.73628278469
5.906 8.205 40.263 2.61895377264
8.247 7.51 42.085 2.85287250891
8.0 6.029 41.97 2.73628278469
8.185 5.163 43.031 2.66237033299
7.587 5.291 40.895 2.78727419845
7.884 3.951 42.588 2.78727419845
7.517 3.97 41.304 2.7203848681
3.585 7.028 41.335 2.0
2.808 8.206 40.757 1.74
1.988 8.033 39.844 1.4
2.699 6.195 42.246 2.0
3.049 9.393 41.328 2.41269401738
2.427 10.632 40.875 2.57789518755
0.907 10.638 40.989 2.43285482807
0.229 11.203 40.132 2.28148428923
0.371 10.018 42.044 2.22402568616
-1.084 9.969 42.23 2.41516305987
-1.125 12.235 43.074 2.06703446881
-1.467 9.071 43.423 2.41516305987
-0.889 7.668 43.271 2.41516305987
-3.69 12.734 41.934 2.41516305987
-3.757 13.528 40.617 2.41516305987
-4.489 12.781 39.648 2.16754538317
-2.351 13.854 40.087 2.41516305987
-5.899 13.309 42.749 2.22402568616
-7.253 13.068 43.212 2.41516305987
-8.156 12.615 42.047 2.24769809506
-9.341 12.293 42.226 2.06703446881
-7.762 14.352 43.903 2.41516305987
-7.037 14.507 45.129 2.16754538317
-9.262 14.28 44.235 2.41516305987
-7.531 12.531 40.866 2.57572842164
-8.17 12.055 39.63 2.72232757201
-8.097 10.527 39.488 2.59344389372
-8.88 9.896 38.763 2.46178430194
-7.468 12.695 38.444 2.72232757201
-8.296 12.799 37.31 2.53400746709
-6.945 8.507 40.153 3.69904372689
-8.516 8.535 41.975 3.56629383662
-4.507 8.783 39.497 3.63125461652
-4.816 8.791 38.284 3.56629383662
-3.424 9.266 39.906 3.56629383662
-8.141 6.555 40.979 2.11633202144
-10.281 5.391 40.917 2.32485688748
-10.946 4.101 41.426 2.32485688748
-11.309 6.51 40.852 2.32485688748
-8.003 -1.737 44.83 1.94074133197
-9.565 -0.844 42.32 2.32485688748
-10.57 -1.987 42.147 2.32485688748
-9.864 0.244 41.323 2.32485688748
-9.924 -2.724 46.625 2.57789518755
-10.778 -3.958 46.415 2.43285482807
-11.835 -3.917 45.77 2.28148428923
-10.219 -2.116 48.005 2.57789518755
-10.292 -5.064 46.973 2.41269401738
-10.961 -6.354 46.888 2.57789518755
-10.9 -6.954 45.502 2.43285482807
-11.712 -7.801 45.128 2.28148428923
-9.925 -6.523 44.726 3.18494045613
-9.773 -7.016 43.371 3.28331166428
-8.789 -8.17 43.303 3.19656430018
-7.83 -8.254 44.083 3.11200838625
-9.322 -5.867 42.451 3.28331166428
-9.007 -6.251 40.997 3.28331166428
-8.857 -5.049 40.066 3.19656430018
-7.949 -4.229 40.277 3.11200838625
-9.656 -4.916 39.105 3.11200838625
-9.063 -9.103 42.411 1.7
-8.138 -10.193 42.172 2.0
-8.734 -11.565 42.558 2.0
-6.593 -12.858 42.988 1.86
-8.128 -13.685 41.358 1.86
-5.738 -13.934 42.739 1.86
-7.286 -14.766 41.096 1.86
-6.083 -14.896 41.788 1.86
-10.112 -8.623 37.83 3.56629383662
-9.341 -11.57 37.78 3.69904372689
-8.752 -11.995 36.458 3.63125461652
-8.64 -11.138 35.552 3.56629383662
-8.393 -13.179 36.298 3.56629383662
-8.202 -7.273 36.339 2.57789518755
-8.895 -7.418 34.972 2.43285482807
-9.198 -6.437 34.311 2.28148428923
-6.846 -6.552 36.239 2.57789518755
-6.257 -6.257 37.624 2.57789518755
-5.138 -5.22 37.635 2.43285482807
-4.299 -5.145 36.727 2.28148428923
-5.118 -4.409 38.68 2.46421089331
-9.196 -8.664 34.58 2.41269401738
-9.917 -8.901 33.337 2.57789518755
-11.407 -9.157 33.533 2.43285482807
-12.147 -9.294 32.548 2.28148428923
-11.849 -9.19 34.797 1.99639670258
-13.246 -9.468 35.156 2.22693058289
-14.254 -8.5 34.518 2.02565795104
-14.152 -7.271 34.651 1.79544509739
-13.417 -9.512 36.667 2.22693058289
-13.535 -10.851 37.085 1.9255854327
-15.239 -9.109 33.841 1.99639670258
-16.357 -8.405 33.199 2.22693058289
-17.026 -7.504 34.206 2.02565795104
-17.59 -6.445 33.882 1.79544509739
-17.341 -9.439 32.679 2.22693058289
-16.646 -10.615 32.272 1.9255854327
-16.974 -7.986 35.44 1.99639670258
-17.462 -7.334 36.648 2.22693058289
-17.232 -8.33 37.755 2.02565795104
-17.528 -9.524 37.587 1.79544509739
-18.955 -6.948 36.548 2.22693058289
-19.237 -5.774 37.312 1.9255854327
-16.549 -7.849 38.801 3.18494045613
-16.245 -8.612 39.994 3.28331166428
-16.717 -7.785 41.168 3.19656430018
-17.158 -6.66 40.969 3.11200838625
-14.723 -8.811 40.107 3.28331166428
-14.236 -10.262 40.209 3.28331166428
-13.034 -10.392 41.144 3.19656430018
-13.234 -10.318 42.38 3.11200838625
-11.888 -10.568 40.661 3.11200838625
-16.633 -8.316 42.381 2.7203848681
-17.01 -7.526 43.538 2.85287250891
-15.814 -6.737 44.025 2.73628278469
-14.999 -7.218 44.829 2.61895377264
-17.577 -8.415 44.661 2.85287250891
-19.089 -8.638 44.608 2.85287250891
-19.514 -9.543 45.737 2.85287250891
-20.916 -9.225 46.24 2.85287250891
-21.519 -10.422 46.872 2.85287250891
-15.695 -5.532 43.505 2.11633202144
-14.627 -4.631 43.885 2.32485688748
-15.223 -3.372 44.482 2.14243103283
-16.447 -3.185 44.516 1.94074133197
-14.527 -3.715 41.507 2.32485688748
-12.943 -5.518 42.208 2.32485688748
-13.76 -2.728 40.627 2.32485688748
-14.691 -1.262 45.572 2.72232757201
-14.421 -1.199 47.087 2.72232757201
-15.272 -2.124 47.964 2.72232757201
-14.973 -1.977 49.455 2.59344389372
-14.973 -0.871 50.013 2.46178430194
-14.717 -3.095 50.109 2.62109821036
-14.487 0.68 44.129 2.85110369563
-13.897 2.982 44.388 2.8655882766
-14.981 3.581 44.471 2.75923199067
-14.211 2.051 42.08 2.97245262608
-13.985 0.931 41.097 2.97245262608
-15.287 0.557 40.435 2.97245262608
-15.398 1.182 39.068 2.97245262608
-16.694 0.841 38.453 2.97245262608
-12.784 4.395 46.035 2.57789518755
-12.134 5.672 45.484 2.43285482807
-12.033 3.928 47.272 2.57789518755
-13.623 2.938 48.882 2.57789518755
-12.828 6.804 45.637 2.85110369563
-12.273 8.075 45.216 2.97245262608
-11.415 8.268 47.459 2.75923199067
-13.37 9.127 44.967 2.97245262608
-14.566 8.635 44.14 2.97245262608
-15.195 9.752 43.3 2.97245262608
-16.654 9.414 42.972 2.97245262608
-17.028 9.874 41.591 2.97245262608
-10.346 9.365 45.811 2.85110369563
-10.243 12.131 46.165 2.75923199067
-9.987 13.12 48.744 2.57789518755
-8.765 14.014 48.684 2.43285482807
-8.818 15.135 48.155 2.28148428923
-10.544 13.107 50.162 2.57789518755
-6.432 14.27 49.263 3.18635814682
-6.36 15.147 50.526 3.18635814682
-5.261 16.218 50.526 3.18635814682
-5.484 17.185 51.693 3.18635814682
-4.405 18.272 51.788 3.18635814682
-4.387 18.859 53.144 3.18635814682
-4.198 13.916 48.517 2.22402568616
-1.818 15.21 49.297 2.06703446881
-2.45 13.325 46.92 2.41516305987
-1.069 12.679 46.737 2.41516305987
-3.472 12.63 46.008 2.41516305987
-0.23 13.685 51.023 2.0
-0.518 13.331 52.498 2.0
-1.697 15.094 53.888 1.86
-2.857 15.659 54.423 1.86
-4.095 15.076 54.151 1.86
1.842 13.808 49.791 2.85110369563
4.101 13.788 50.529 2.8655882766
3.869 14.803 51.166 2.75923199067
3.616 13.905 48.07 2.97245262608
2.682 13.616 46.89 2.97245262608
1.914 14.876 46.506 2.97245262608
1.974 15.164 45.001 2.97245262608
2.497 16.552 44.755 2.97245262608
6.071 13.311 51.825 2.72232757201
6.969 14.432 51.253 2.59344389372
7.362 14.366 50.096 2.46178430194
7.976 12.146 53.197 2.59344389372
9.023 12.675 52.859 2.46178430194
7.783 11.668 54.435 2.62109821036
7.15 15.535 51.989 2.57572842164
7.892 16.698 51.48 2.72232757201
9.371 16.423 51.287 2.59344389372
10.048 17.155 50.548 2.46178430194
7.712 17.923 52.396 2.72232757201
8.268 17.702 53.67 2.53400746709
9.866 15.382 51.964 2.7203848681
11.262 14.949 51.842 2.85287250891
11.503 14.142 50.58 2.73628278469
12.647 13.769 50.295 2.61895377264
11.7 14.105 53.051 2.85287250891
11.475 14.752 54.422 2.85287250891
12.7 15.54 54.905 2.85287250891
12.645 16.983 54.457 2.85287250891
13.919 17.664 54.762 2.85287250891
10.436 13.834 49.832 2.7203848681
11.488 13.816 47.637 2.73628278469
11.28 15.008 47.371 2.61895377264
9.257 12.744 47.918 2.85287250891
8.926 12.611 45.402 2.78727419845
9.037 11.966 44.168 2.78727419845
9.742 10.052 42.897 2.68307619189
13.439 13.633 46.156 2.78912757715
14.877 13.417 46.657 2.78912757715
15.907 14.234 45.88 2.66677603688
15.765 14.414 44.68 2.5427976846
16.942 14.725 46.569 2.69295246139
12.612 13.702 43.897 2.57572842164
12.245 13.202 42.566 2.72232757201
13.448 12.771 41.702 2.59344389372
13.255 12.227 40.624 2.46178430194
11.391 14.253 41.834 2.72232757201
12.065 15.502 41.701 2.53400746709
15.857 12.637 41.378 2.32485688748
16.592 11.452 41.969 2.14243103283
17.111 10.585 41.251 1.94074133197
16.797 13.83 41.296 2.32485688748
16.218 15.142 40.788 2.14243103283
16.609 16.319 41.694 2.32485688748
16.69 15.379 39.379 2.32485688748
17.281 10.417 44.083 2.72232757201
16.299 9.269 44.333 2.59344389372
16.694 8.102 44.497 2.46178430194
17.758 11.052 45.402 2.72232757201
18.813 12.001 45.147 2.53400746709
18.24 10.003 46.414 2.72232757201
13.883 7.48 43.616 2.57789518755
14.047 7.896 42.147 2.57789518755
12.59 6.671 43.759 2.57789518755
12.968 8.842 41.607 2.57789518755
15.81 9.542 48.961 2.72232757201
16.71 9.694 51.196 2.62109821036
11.816 10.42 51.486 2.72232757201
13.105 10.575 52.289 2.59344389372
13.354 9.821 53.241 2.46178430194
13.942 11.549 51.916 2.62109821036
2.399 9.374 48.147 3.18635814682
3.307 10.356 47.654 3.0526522229
0.959 9.865 47.92 3.18635814682
-8.186 11.498 53.874 3.54436212661
-7.844 12.542 54.943 3.54436212661
-9.044 12.878 55.838 3.54436212661
-9.721 11.676 56.375 3.54436212661
-8.972 8.745 51.62 2.57572842164
-11.618 9.653 52.188 2.46178430194
-10.471 6.922 50.929 2.72232757201
-13.28 10.337 50.03 2.78912757715
-14.317 9.514 50.764 2.66677603688
-14.962 9.978 51.718 2.5427976846
-13.747 10.704 48.607 2.78912757715
-14.92 10.0 48.207 2.61066977765
-14.413 8.267 50.349 2.41269401738
-15.315 7.31 50.952 2.57789518755
-14.507 6.156 51.572 2.43285482807
-13.568 5.617 50.966 2.28148428923
-16.301 6.819 49.875 2.57789518755
-17.217 7.877 49.602 2.36497245057
-17.09 5.581 50.327 2.57789518755
-14.825 5.841 52.832 2.11633202144
-14.108 4.799 53.541 2.32485688748
-14.339 3.466 52.864 2.14243103283
-15.411 3.204 52.311 1.94074133197
-14.559 4.721 55.009 2.32485688748
-13.453 1.317 52.305 2.32485688748
-14.24 0.483 53.291 2.14243103283
-14.201 0.749 54.484 1.94074133197
-15.025 -0.463 52.822 2.57572842164
-15.728 -1.317 53.746 2.72232757201
-14.95 -2.6 53.911 2.59344389372
-14.732 -3.357 52.952 2.46178430194
-17.193 -1.578 53.309 2.72232757201
-17.29 -2.233 52.066 2.53400746709
-14.465 -2.793 55.121 1.7
-13.653 -3.958 55.397 2.0
-14.545 -5.199 55.435 1.74
-15.721 -5.146 55.829 1.4
-12.869 -3.789 56.718 2.0
-10.793 -2.838 57.745 1.86
-9.617 -2.084 57.735 1.86
-13.957 -6.306 54.995 2.57572842164
-14.619 -7.596 54.941 2.72232757201
-13.578 -8.695 55.089 2.59344389372
-12.49 -8.446 55.623 2.46178430194
-15.347 -7.728 53.614 2.72232757201
-14.418 -7.734 52.556 2.53400746709
-13.898 -9.909 54.624 2.32219197539
-12.965 -11.04 54.641 2.49917816808
-11.825 -10.796 53.672 2.34393302806
-10.679 -11.207 53.907 2.17953443166
-13.695 -12.324 54.209 2.49917816808
-13.817 -13.42 55.277 2.49917816808
-15.231 -13.996 55.339 2.34393302806
-16.053 -13.811 54.432 2.17953443166
-15.512 -14.699 56.419 2.37766287277
-12.158 -10.097 52.58 2.65003072421
-9.714 -8.208 50.612 2.5427976846
-11.991 -10.096 50.157 2.78912757715
-13.146 -9.253 50.134 2.61066977765
-12.413 -11.563 50.025 2.78912757715
-11.109 -7.518 52.24 2.41269401738
-10.578 -6.172 52.305 2.57789518755
-11.066 -3.731 51.764 2.57789518755
-11.811 -5.534 50.196 2.57789518755
-8.424 -6.631 56.176 3.54436212661
-9.442 -6.704 57.146 3.43758922265
-6.734 -4.235 56.621 2.41269401738
-5.523 -3.413 56.738 2.57789518755
-4.278 -5.17 57.891 2.28148428923
-5.775 -2.315 57.735 2.57789518755
-1.741 -2.37 58.467 2.75923199067
-0.428 -2.657 55.518 2.97245262608
0.193 -3.458 60.15 2.0
1.346 -2.552 59.781 1.74
0.701 -4.5 61.134 2.0
-0.603 -5.47 61.938 1.8
1.556 -1.514 60.576 2.11633202144
3.699 -0.837 61.461 2.14243103283
3.329 -1.115 62.614 1.94074133197
2.231 0.862 60.402 2.32485688748
1.478 1.424 59.184 2.14243103283
0.902 2.779 59.536 2.32485688748
2.388 1.555 57.986 2.32485688748
6.043 -0.909 62.125 3.08311555793
6.305 0.4 62.858 2.98417189675
5.662 1.406 62.54 2.88653560143
7.243 -1.283 61.255 3.08311555793
6.997 -0.551 59.951 3.08311555793
7.164 0.364 63.886 2.85110369563
7.624 1.575 64.574 2.97245262608
7.928 1.334 66.068 2.97245262608
6.999 0.456 66.692 2.81719981417
9.313 3.221 64.091 2.41269401738
11.752 2.868 64.123 2.43285482807
12.816 2.716 63.505 2.28148428923
10.737 5.125 63.731 2.57789518755
11.523 2.33 65.323 2.57572842164
12.561 1.638 66.098 2.72232757201
12.716 0.119 65.821 2.59344389372
13.711 -0.456 66.236 2.46178430194
12.309 1.839 67.582 2.72232757201
11.114 1.198 67.961 2.53400746709
11.758 -0.542 65.193 2.65003072421
11.955 -1.988 64.993 2.78912757715
12.944 -2.334 63.904 2.66677603688
13.194 -1.569 62.956 2.5427976846
10.628 -2.869 64.807 2.78912757715
9.332 -2.073 64.611 2.66677603688
8.283 -2.591 65.072 2.5427976846
13.48 -3.524 64.059 2.65003072421
14.467 -4.077 63.164 2.78912757715
13.999 -5.335 62.471 2.66677603688
13.552 -6.311 63.094 2.5427976846
15.759 -4.352 63.915 2.78912757715
16.883 -4.723 62.984 2.66677603688
16.96 -5.91 62.632 2.5427976846
17.676 -3.825 62.613 2.5427976846
14.061 -5.272 61.169 1.7
13.789 -6.377 60.318 2.0
15.659 -5.97 58.86 1.4
12.697 -5.99 59.298 2.0
10.475 -6.742 60.243 1.86
11.018 -4.421 60.345 1.86
9.25 -6.494 60.868 1.86
9.799 -4.154 60.97 1.86
8.907 -5.192 61.235 1.86
15.698 -7.791 60.215 1.99639670258
17.082 -8.2 59.928 2.22693058289
17.319 -8.757 58.542 2.02565795104
16.44 -9.39 57.933 1.79544509739
17.516 -9.218 60.949 2.22693058289
18.53 -8.537 58.068 1.99639670258
18.978 -9.072 56.808 2.22693058289
18.808 -10.574 56.844 2.02565795104
19.086 -11.203 57.876 1.79544509739
20.446 -8.684 56.574 2.22693058289
18.306 -11.13 55.758 2.41269401738
18.055 -12.55 55.668 2.57789518755
16.603 -12.929 55.927 2.43285482807
16.192 -14.028 55.588 2.28148428923
15.816 -12.029 56.529 2.22402568616
14.408 -12.337 56.772 2.41516305987
13.683 -11.184 57.49 2.41516305987
14.357 -10.856 58.706 2.16754538317
12.228 -11.548 57.811 2.41516305987
12.87 -13.634 55.439 2.22402568616
12.105 -13.931 54.249 2.41516305987
10.828 -13.138 54.304 2.24769809506
10.036 -13.249 55.252 2.06703446881
11.8 -15.435 54.109 2.41516305987
13.03 -16.155 54.075 2.16754538317
11.025 -15.731 52.814 2.41516305987
9.484 -11.45 53.296 2.0
8.652 -11.738 52.039 1.74
8.933 -12.699 51.336 1.4
5.764 -13.345 51.64 3.54436212661
7.535 -8.946 45.993 4.32767651728
1.084 -6.473 38.093 2.66677603688
0.751 -6.25 36.92 2.5427976846
-1.265 -6.238 38.854 2.78912757715
-3.211 -7.933 39.033 2.72038202399
-4.684 -6.175 42.955 2.72038202399
3.416 -5.941 37.654 2.97245262608
3.726 -7.047 36.664 2.8655882766
4.544 -6.724 35.657 2.57572842164
6.883 -5.35 32.147 2.72232757201
4.5 -5.923 32.0 2.72232757201
5.659 -11.427 35.042 2.78912757715
7.667 -12.724 34.686 2.5427976846
4.618 -12.534 34.798 2.78912757715
4.226 -12.504 33.427 2.61066977765
3.387 -12.351 35.697 2.78912757715
8.494 -11.077 32.457 2.78912757715
8.416 -11.958 31.175 2.78912757715
7.64 -13.282 31.239 2.78912757715
7.674 -14.031 29.902 2.78912757715
9.064 -14.133 29.427 2.65003072421
9.413 -14.664 28.242 2.66677603688
8.505 -15.148 27.39 2.69295246139
10.703 -14.712 27.904 2.69295246139
10.025 -9.259 31.918 2.41269401738
9.788 -7.789 29.972 2.43285482807
9.941 -8.727 29.175 2.28148428923
11.822 -7.596 31.444 2.57789518755
11.682 -5.05 31.488 2.49686919338
12.887 -6.079 29.703 2.49686919338
11.963 -3.784 30.967 2.49686919338
13.178 -4.825 29.167 2.49686919338
12.712 -3.683 29.806 2.43285482807
12.988 -2.439 29.295 2.36497245057
9.208 -6.747 29.629 2.28148428923
1.064 -10.143 25.822 2.22402568616
1.62 -9.198 26.797 2.41516305987
2.137 -9.952 28.005 2.24769809506
1.774 -11.101 28.21 2.06703446881
0.571 -8.201 27.226 2.41516305987
2.989 -9.309 28.806 2.41269401738
3.537 -9.959 29.991 2.57789518755
2.815 -9.449 31.245 2.43285482807
5.053 -9.707 30.078 2.57789518755
5.819 -10.379 28.938 2.43285482807
5.57 -11.538 28.58 2.28148428923
6.757 -9.652 28.362 2.46421089331
1.599 -8.982 31.044 2.57572842164
-0.134 -9.581 32.693 2.59344389372
-0.89 -10.232 31.955 2.46178430194
0.03 -7.255 31.736 2.72232757201
-0.558 -7.435 30.433 2.53400746709
0.974 -6.061 31.729 2.72232757201
-0.062 -9.784 33.992 2.85110369563
-0.885 -10.809 34.623 2.97245262608
-2.272 -10.262 34.888 2.8655882766
-2.433 -9.089 35.186 2.75923199067
-0.133 -11.082 35.934 2.97245262608
0.824 -9.094 34.954 2.97245262608
-3.292 -11.068 34.725 3.46048228099
-4.612 -10.609 35.046 3.54436212661
-5.688 -11.337 34.209 3.54436212661
-5.834 -10.795 32.785 3.47033660994
-5.151 -9.806 32.416 3.39902103994
-6.646 -11.362 32.009 3.39902103994
-4.234 -11.828 37.128 2.65003072421
-4.627 -13.641 38.722 2.78912757715
-5.934 -14.107 38.084 2.78912757715
-5.958 -15.559 37.65 2.78912757715
-6.307 -15.632 36.226 2.65003072421
-6.032 -16.689 35.455 2.66677603688
-5.412 -17.761 35.949 2.69295246139
-6.383 -16.662 34.185 2.69295246139
-3.209 -10.531 42.969 2.97245262608
-3.071 -9.847 45.342 2.97245262608
1.956 -12.121 40.841 2.57789518755
1.399 -12.307 39.424 2.57789518755
1.14 -13.761 39.09 2.43285482807
2.047 -14.607 39.112 2.28148428923
-0.107 -14.063 38.777 2.46421089331
2.197 -15.168 46.008 2.57789518755
0.4 -15.213 47.637 2.28148428923
1.383 -17.156 47.107 2.46421089331
6.669 -13.814 45.74 2.72232757201
7.306 -13.639 47.096 2.59344389372
7.571 -13.201 44.66 2.72232757201
8.101 -14.629 47.45 2.57572842164
8.871 -14.646 48.671 2.72232757201
10.279 -14.197 48.338 2.59344389372
10.79 -14.539 47.282 2.46178430194
8.867 -16.06 49.232 2.72232757201
8.773 -16.077 50.638 2.53400746709
10.901 -13.392 49.208 2.22402568616
12.247 -12.88 48.928 2.41516305987
12.916 -12.41 50.214 2.24769809506
11.727 -9.454 47.088 2.41516305987
9.942 -10.68 48.274 2.41516305987
14.249 -12.509 50.274 2.97082338406
15.017 -12.147 51.478 3.08311555793
16.251 -13.025 51.357 3.08311555793
16.5 -13.084 49.866 3.08311555793
15.128 -13.054 49.217 3.08311555793
18.059 -9.762 53.342 1.79544509739
15.492 -8.201 54.307 2.22693058289
13.81 -7.541 55.997 2.22693058289
19.47 -7.548 52.289 2.22693058289
19.878 -6.406 53.201 2.02565795104
19.063 -5.55 53.507 1.79544509739
19.878 -7.178 50.851 2.22693058289
19.994 -8.286 49.789 2.02565795104
18.621 -8.777 49.309 2.22693058289
20.779 -7.755 48.619 2.22693058289
21.105 -6.394 53.687 2.57572842164
21.545 -5.231 54.427 2.72232757201
21.911 -4.178 53.415 2.59344389372
22.194 -4.507 52.261 2.46178430194
22.738 -5.528 55.384 2.72232757201
23.545 -6.622 54.955 2.53400746709
21.876 -2.919 53.794 2.41269401738
22.2 -1.873 52.851 2.57789518755
23.642 -2.056 52.35 2.43285482807
21.992 -0.487 53.487 2.57789518755
20.533 -0.031 53.497 2.43285482807
20.236 1.058 53.97 2.28148428923
19.615 -0.856 52.978 2.46421089331
24.521 -2.63 53.178 2.41269401738
25.907 -2.862 52.757 2.57789518755
25.935 -3.851 51.582 2.43285482807
26.575 -3.583 50.578 2.28148428923
26.788 -3.361 53.92 2.57789518755
26.789 -2.408 54.986 2.36497245057
28.24 -3.582 53.468 2.57789518755
25.243 -4.989 51.724 2.41269401738
25.175 -5.98 50.642 2.57789518755
24.987 -5.619 48.267 2.28148428923
24.347 -7.209 51.057 2.57789518755
25.023 -8.056 52.132 2.43285482807
24.883 -7.768 53.324 2.28148428923
25.753 -9.097 51.719 2.46421089331
21.645 -3.093 48.96 2.0
26.521 -1.948 46.8 2.43285482807
27.04 -1.307 45.875 2.28148428923
26.198 -0.464 48.833 2.57789518755
25.932 1.49 50.434 2.57789518755
24.902 2.06 51.376 2.57789518755
25.334 3.307 52.037 2.57789518755
26.766 -3.241 47.023 2.41269401738
27.637 -4.005 46.155 2.57789518755
27.076 -3.98 44.727 2.43285482807
27.829 -4.15 43.756 2.28148428923
27.753 -5.452 46.673 2.57789518755
28.459 -5.606 48.024 2.57789518755
29.032 -7.014 48.229 2.57789518755
30.46 -7.15 47.684 2.57789518755
31.042 -8.508 47.961 2.57789518755
25.002 -3.69 43.364 2.57789518755
24.71 -2.271 42.876 2.43285482807
24.867 -1.97 41.682 2.28148428923
23.66 -4.382 43.537 2.57789518755
23.719 -5.854 43.895 2.43285482807
23.785 -6.806 42.899 2.49686919338
23.695 -6.274 45.228 2.49686919338
23.834 -8.141 43.186 2.49686919338
23.743 -7.609 45.538 2.49686919338
23.813 -8.538 44.51 2.43285482807
23.862 -9.877 44.809 2.36497245057
23.719 -0.08 43.485 2.49917816808
24.576 1.069 44.044 2.34393302806
24.305 2.222 43.747 2.17953443166
20.786 -0.708 42.022 2.34393302806
19.788 -1.705 41.88 2.34393302806
21.112 0.088 40.929 2.41269040159
19.12 -1.919 40.686 2.41269040159
20.453 -0.121 39.746 2.41269040159
19.466 -1.118 39.631 2.41269040159
25.544 0.763 44.917 2.41269401738
26.433 1.77 45.505 2.57789518755
25.73 2.961 46.161 2.43285482807
24.77 2.813 46.933 2.28148428923
26.247 4.153 45.836 2.41269401738
25.77 5.43 46.4 2.57789518755
24.292 5.722 46.101 2.43285482807
23.737 6.666 46.646 2.28148428923
26.629 6.61 45.907 2.57789518755
26.828 6.528 44.483 2.36497245057
27.997 6.636 46.606 2.57789518755
23.664 4.941 45.241 2.85110369563
22.256 5.15 44.971 2.97245262608
20.273 5.146 46.313 2.75923199067
21.826 4.425 43.69 2.97245262608
22.355 5.1 42.43 2.97245262608
21.988 4.332 41.154 2.97245262608
22.984 3.22 40.837 2.97245262608
24.387 3.715 40.637 2.97245262608
21.36 4.337 49.37 2.59344389372
22.459 4.557 49.91 2.46178430194
20.733 1.461 49.766 2.72232757201
20.116 5.878 50.816 2.97245262608
19.537 5.198 52.066 2.8655882766
19.036 4.066 52.02 2.75923199067
19.219 7.044 50.368 2.97245262608
19.947 8.267 49.798 2.97245262608
20.697 7.971 48.494 2.97245262608
21.41 9.236 47.998 2.97245262608
22.772 8.972 47.443 2.97245262608
19.617 5.937 53.18 3.18494045613
19.15 5.477 54.494 3.28331166428
17.67 5.078 54.507 3.19656430018
17.296 4.1 55.175 3.11200838625
19.408 6.574 55.518 3.28331166428
20.863 7.031 55.543 3.19656430018
21.358 7.585 54.528 3.11200838625
21.504 6.831 56.587 3.11200838625
16.839 5.819 53.798 2.57572842164
15.404 5.563 53.747 2.72232757201
14.669 6.866 53.507 2.72232757201
16.938 6.023 47.54 3.54436212661
15.191 -2.961 53.553 2.72232757201
13.356 -1.578 52.544 2.72232757201
14.753 -3.22 54.997 2.72232757201
16.554 -2.981 50.525 1.7
18.005 -3.956 48.82 2.0
15.224 -7.388 46.469 3.39902103994
15.546 -10.124 46.248 2.97245262608
17.687 -11.156 46.705 2.75923199067
17.212 -10.581 44.558 2.22402568616
18.454 -11.091 43.969 2.41516305987
18.533 -12.584 44.191 2.24769809506
19.604 -13.204 44.101 2.06703446881
19.671 -10.388 44.586 2.41516305987
17.197 -14.557 44.804 2.78912757715
16.429 -15.379 43.76 2.66677603688
15.976 -16.492 44.062 2.5427976846
16.441 -14.621 46.1 2.78912757715
15.329 -13.758 46.028 2.61066977765
16.254 -14.837 42.548 2.41269401738
15.533 -15.545 41.497 2.57789518755
14.135 -15.001 41.23 2.43285482807
13.384 -15.598 40.47 2.28148428923
13.805 -11.23 42.11 2.28148428923
11.531 -13.502 42.816 2.57789518755
11.17 -14.993 42.857 2.57789518755
12.095 -13.07 44.163 2.57789518755
11.844 -10.923 41.118 2.22402568616
12.005 -9.485 41.135 2.41516305987
10.718 -8.748 40.845 2.24769809506
13.089 -9.026 40.14 2.41516305987
10.554 -7.625 41.511 2.22402568616
9.426 -6.799 41.238 2.41516305987
9.639 -6.24 39.852 2.24769809506
10.79 -6.13 39.406 2.06703446881
9.29 -5.682 42.29 2.41516305987
9.069 -6.209 43.597 2.16754538317
8.576 -5.952 39.127 1.7
8.737 -5.453 37.777 2.0
7.71 -4.372 37.499 1.74
6.876 -4.06 38.336 1.4
7.782 -3.786 36.319 2.11633202144
6.882 -2.701 35.919 2.32485688748
5.407 -2.996 36.217 2.14243103283
4.806 -3.933 35.669 1.94074133197
7.104 -2.381 34.449 2.32485688748
8.365 -1.593 34.22 2.32485688748
9.762 -2.582 33.608 2.18262886222
11.052 -2.217 34.838 2.32485688748
4.845 -2.176 37.086 2.57572842164
3.469 -2.309 37.505 2.72232757201
3.391 -2.598 38.984 2.59344389372
4.497 -3.068 39.574 4.85576143625
5.592 -4.432 41.315 4.89901657786
5.243 -1.052 41.298 2.85110369563
5.535 0.179 42.043 2.97245262608
5.787 1.344 41.099 2.97245262608
7.091 1.308 40.568 2.81719981417
7.14 -9.329 56.912 2.0
6.235 -9.684 58.072 1.74
5.44 -8.85 58.507 1.4
8.458 -8.747 57.405 2.0
6.295 -10.915 58.54 2.32219197539
6.135 -11.039 60.961 2.34393302806
7.332 -11.315 61.138 2.17953443166
5.069 -12.813 59.532 2.49917816808
3.587 -13.081 59.823 2.49917816808
3.26 -14.579 59.86 2.49917816808
1.757 -14.801 60.004 2.49917816808
1.441 -15.871 60.999 2.49917816808
5.386 -10.441 61.867 2.32219197539
5.859 -10.148 63.225 2.49917816808
4.718 -10.336 64.202 2.34393302806
3.615 -9.812 63.98 2.17953443166
6.409 -8.722 63.361 2.49917816808
7.14 -8.505 64.688 2.49917816808
7.169 -7.049 65.129 2.49917816808
8.04 -6.899 66.35 2.49917816808
9.153 -5.964 66.104 2.49917816808
4.996 -11.097 65.266 2.41269401738
4.004 -11.41 66.299 2.57789518755
2.743 -11.964 65.634 2.43285482807
1.607 -11.68 66.044 2.28148428923
3.688 -10.175 67.164 2.57789518755
4.824 -9.806 68.116 2.43285482807
5.671 -10.637 68.477 2.28148428923
4.849 -8.553 68.529 2.46421089331
2.976 -12.744 64.596 2.41269401738
1.918 -13.424 63.869 2.57789518755
1.158 -12.534 62.894 2.43285482807
0.251 -13.009 62.228 2.28148428923
0.831 -10.33 61.902 2.97245262608
0.237 -9.146 62.68 2.97245262608
0.347 -11.775 57.06 2.72038202399
0.783 -13.02 56.647 2.65003072421
2.928 -13.869 55.674 2.72038202399
4.578 -12.106 55.41 2.72038202399
4.172 -13.451 55.292 2.72038202399
4.715 -5.675 59.955 3.18635814682
4.094 -6.356 61.044 3.0526522229
5.028 -4.226 60.353 3.18635814682
8.349 -3.1 55.847 2.32485688748
9.765 -1.392 54.902 1.94074133197
10.65 -4.204 55.998 2.32485688748
8.726 -5.069 57.327 2.32485688748
8.12 -1.08 45.868 2.32485688748
8.533 0.287 45.305 2.14243103283
8.065 -2.186 43.61 2.32485688748
9.844 0.515 45.157 2.85110369563
10.333 1.822 44.701 2.97245262608
11.008 1.767 43.323 2.8655882766
10.552 2.433 42.382 2.75923199067
12.104 1.041 43.215 2.11633202144
12.789 0.913 41.944 2.32485688748
13.659 -0.349 41.945 2.14243103283
13.851 -0.957 42.987 1.94074133197
13.609 2.193 41.579 2.32485688748
14.609 2.675 42.614 2.14243103283
14.382 3.506 43.689 2.22402143089
16.004 2.364 42.654 2.14243103283
15.553 3.721 44.395 2.11633202144
16.563 3.028 43.775 2.14243103283
16.834 1.586 41.853 2.22402143089
17.919 2.923 44.099 2.22402143089
18.161 1.482 42.167 2.22402143089
18.697 2.143 43.277 2.22402143089
14.138 -0.748 40.782 2.41269401738
14.955 -1.933 40.682 2.57789518755
15.645 -1.997 39.34 2.43285482807
15.776 -0.973 38.653 2.28148428923
16.08 -3.206 38.972 2.22402568616
16.757 -3.45 37.706 2.41516305987
15.965 -2.94 36.515 2.24769809506
14.733 -3.04 36.473 2.06703446881
17.058 -4.952 37.564 2.41516305987
17.309 -5.322 36.211 2.16754538317
16.696 -2.385 35.542 2.22402568616
16.111 -1.82 34.323 2.41516305987
15.353 -2.88 33.584 2.24769809506
14.299 -2.643 32.973 2.06703446881
17.232 -1.331 33.42 2.41516305987
18.024 -0.342 34.036 2.16754538317
15.887 -4.073 33.732 2.57572842164
15.539 -5.229 32.979 2.72232757201
14.421 -7.376 33.408 2.46178430194
16.859 -5.713 32.376 2.72232757201
17.056 -5.137 31.068 2.53400746709
16.964 -7.25 32.328 2.72232757201
13.926 -6.771 36.122 2.0
14.678 -8.068 36.344 1.74
14.084 -9.139 36.542 1.4
12.48 -7.089 35.696 2.0
11.397 -5.637 35.435 1.8
16.855 -9.106 36.464 2.97245262608
16.403 -9.02 38.801 2.75923199067
18.322 -8.669 36.355 2.97245262608
19.182 -9.666 36.856 2.81719981417
16.499 -11.07 37.854 2.41269401738
16.221 -11.775 39.11 2.57789518755
17.493 -11.987 39.94 2.43285482807
17.466 -12.632 40.998 2.28148428923
15.523 -13.116 38.817 2.57789518755
16.356 -13.942 37.981 2.36497245057
14.164 -12.902 38.137 2.57789518755
18.605 -11.439 39.431 2.57572842164
19.917 -11.513 40.083 2.72232757201
20.296 -10.22 40.774 2.59344389372
21.346 -10.148 41.431 2.46178430194
21.002 -11.845 39.068 2.72232757201
20.942 -13.202 38.636 2.53400746709
19.68 -7.877 41.169 2.72232757201
18.565 -7.562 42.148 2.59344389372
17.394 -7.785 41.84 2.46178430194
19.74 -6.84 40.034 2.72232757201
20.734 -7.242 39.096 2.53400746709
20.072 -5.437 40.563 2.72232757201
17.859 -6.788 44.322 3.54436212661
17.048 -5.562 43.972 3.47033660994
17.533 -4.622 43.326 3.39902103994
15.787 -5.613 44.363 2.85110369563
14.899 -4.5 44.181 2.97245262608
14.742 -2.274 45.067 2.85110369563
12.549 -0.679 45.756 2.75923199067
10.064 -3.243 47.885 3.02722347308
12.246 -4.771 47.154 3.02722347308
9.886 -4.364 47.091 3.02722347308
10.971 -5.124 46.728 2.98417189675
10.762 -6.223 45.944 2.93964069245
13.79 1.164 55.99 2.97245262608
15.145 1.477 56.566 2.97245262608
16.219 0.925 55.733 2.85110369563
16.764 -0.272 55.968 2.8655882766
16.346 -1.024 56.987 2.88830125379
17.734 -0.733 55.189 2.88830125379
9.958 1.669 55.255 2.85110369563
7.716 1.168 56.083 2.97245262608
10.12 1.874 58.048 2.57572842164
11.266 3.58 59.461 2.59344389372
11.025 4.32 60.428 2.46178430194
11.694 1.017 59.658 2.72232757201
11.221 0.167 60.72 2.53400746709
13.095 1.571 59.97 2.72232757201
12.519 5.364 58.269 2.57789518755
11.492 6.466 57.927 2.43285482807
11.834 7.657 57.972 2.28148428923
13.578 5.342 57.202 2.57789518755
9.205 7.035 57.153 2.72232757201
7.939 6.98 57.98 2.59344389372
10.744 8.122 54.872 2.72232757201
7.827 6.026 58.884 2.41269401738
6.187 6.924 60.598 2.43285482807
7.478 4.334 61.458 2.57789518755
5.112 3.999 60.581 2.57789518755
7.18 7.615 61.166 2.41269401738
6.874 8.71 62.067 2.57789518755
5.099 10.284 61.821 2.28148428923
8.15 9.298 62.692 2.57789518755
8.659 8.489 63.884 2.43285482807
7.928 7.697 64.494 2.28148428923
9.933 8.685 64.225 2.46421089331
6.508 10.098 60.082 2.41269401738
5.758 11.061 59.277 2.57789518755
3.386 11.257 59.031 2.28148428923
6.492 11.395 57.965 2.57789518755
5.382 13.475 56.879 2.49686919338
4.573 13.758 55.792 2.41269401738
3.551 12.337 53.992 2.49686919338
1.752 8.494 62.06 2.22693058289
1.346 9.935 62.392 2.02565795104
0.233 10.17 62.837 1.79544509739
2.522 7.844 63.225 2.22693058289
2.73 6.333 63.081 2.22693058289
1.44 5.512 63.146 2.02565795104
0.327 6.05 63.214 1.79544509739
1.59 4.197 63.126 2.07047405937
2.253 10.898 62.176 1.99639670258
1.921 12.307 62.401 2.22693058289
0.833 12.801 61.437 2.02565795104
-0.085 13.542 61.818 1.79544509739
3.176 13.164 62.265 2.22693058289
4.181 12.92 63.358 2.22693058289
5.561 13.474 63.047 2.02565795104
6.068 13.368 61.921 1.79544509739
6.177 14.072 64.049 2.07047405937
0.941 12.4 60.181 2.65003072421
-0.057 12.788 59.179 2.78912757715
0.382 12.301 57.786 2.78912757715
1.729 12.744 57.535 2.61066977765
-0.53 12.856 56.68 2.78912757715
-2.795 10.39 60.354 2.41516305987
-3.375 11.107 61.582 2.24769809506
-4.582 11.378 61.648 2.06703446881
-2.665 8.884 60.664 2.41516305987
-2.232 6.531 60.0 2.41516305987
-2.513 11.401 62.565 1.99639670258
-2.918 12.068 63.807 2.22693058289
-3.556 13.422 63.573 2.02565795104
-4.52 13.801 64.256 1.79544509739
-1.705 12.227 64.722 2.22693058289
-3.019 14.14 62.582 1.99639670258
-3.438 15.509 62.25 2.22693058289
-4.615 15.589 61.264 2.02565795104
-5.189 16.672 61.092 1.79544509739
-2.262 16.257 61.681 2.22693058289
-4.983 14.474 60.624 2.32219197539
-6.046 14.516 59.612 2.49917816808
-7.176 13.499 59.869 2.34393302806
-7.563 13.299 61.031 2.17953443166
-5.412 14.327 58.221 2.49917816808
-4.455 15.461 57.865 2.34393302806
-4.871 16.496 57.326 2.17953443166
-3.161 15.285 58.159 2.37766287277
-7.782 12.946 58.932 2.17953443166
