dim2sodNoHeHR_shell
20.
0.010
31412.7
0.718
1.0
1.E-8
1444
-20.479 24.715 -21.334 2.22402568616
-19.117 24.539 -21.395 2.41516305987
-18.188 25.156 -20.384 2.24769809506
-18.585 26.109 -19.712 2.06703446881
-18.552 25.096 -22.776 2.41516305987
-16.983 24.656 -20.38 2.57572842164
-15.779 24.977 -19.623 2.72232757201
-17.095 25.59 -17.759 2.46178430194
-14.964 26.252 -20.059 2.72232757201
-14.115 25.803 -21.193 2.53400746709
-14.004 26.912 -19.102 2.72232757201
-15.248 24.327 -17.369 3.08160126066
-15.325 25.557 -15.237 3.18635814682
-15.742 25.429 -13.695 3.18635814682
-15.069 26.795 -13.14 3.18635814682
-13.534 26.397 -13.205 3.18635814682
-13.682 24.886 -12.728 3.18635814682
-16.954 21.127 -12.84 3.39902103994
-19.111 21.164 -10.141 2.72232757201
-20.505 21.669 -9.771 2.72232757201
-18.45 20.659 -8.834 2.72232757201
-21.448 14.551 -10.762 1.8
-21.754 16.607 -7.867 2.22402568616
-23.563 14.526 -6.824 2.06703446881
-22.512 17.34 -5.672 2.41516305987
-23.502 18.036 -6.686 2.41516305987
-23.349 17.078 -4.435 2.41516305987
-21.647 13.974 -5.883 2.57572842164
-22.761 12.23 -4.426 2.59344389372
-22.158 12.312 -3.32 2.46178430194
-24.023 11.798 -4.557 2.85110369563
-24.726 11.427 -3.279 2.97245262608
-25.502 9.716 -4.633 2.75923199067
-25.798 12.427 -2.918 2.97245262608
-27.132 12.085 -3.621 2.97245262608
-27.968 10.975 -2.965 2.97245262608
-28.884 11.483 -1.817 2.97245262608
-28.003 12.164 -0.748 2.97245262608
-25.821 9.363 -2.448 2.41269401738
-26.513 8.075 -2.603 2.57789518755
-27.216 7.723 -1.293 2.43285482807
-27.172 8.491 -0.335 2.28148428923
-27.865 6.577 -1.27 3.18494045613
-28.601 6.052 -0.1 3.28331166428
-27.536 5.415 0.856 3.19656430018
-28.025 5.069 1.923 3.11200838625
-29.794 5.07 -0.208 3.28331166428
-30.29 4.959 -1.631 3.19656430018
-30.101 3.904 -2.253 3.11200838625
-30.826 6.021 -2.06 3.11200838625
-26.311 5.355 0.415 2.41269401738
-25.251 4.818 1.274 2.57789518755
-24.501 5.993 1.897 2.43285482807
-24.938 7.148 1.817 2.28148428923
-23.367 5.688 2.498 2.7203848681
-22.494 6.69 3.121 2.85287250891
-21.507 7.401 2.22 2.73628278469
-20.701 8.263 2.705 2.61895377264
-21.768 5.808 4.163 2.85287250891
-21.451 4.567 3.419 2.85287250891
-22.806 4.3 2.642 2.85287250891
-21.482 7.106 0.943 2.22402568616
-20.654 7.623 -0.131 2.41516305987
-21.205 8.975 -0.657 2.24769809506
-22.358 9.163 -0.963 2.06703446881
-20.5 6.621 -1.263 2.41516305987
-20.708 5.196 -0.774 2.41516305987
-20.343 11.245 -1.079 2.72232757201
-20.467 12.082 0.301 2.72232757201
-19.112 12.642 0.609 2.72232757201
-18.657 14.0 0.919 2.59344389372
-18.306 14.376 2.118 2.46178430194
-18.544 14.968 -0.042 2.62109821036
-19.084 12.734 -2.531 2.57572842164
-17.906 13.313 -3.116 2.72232757201
-19.558 14.583 -4.229 2.46178430194
-17.388 15.287 -4.35 2.57572842164
-17.547 16.409 -5.23 2.72232757201
-15.224 16.138 -5.895 2.46178430194
-17.673 17.8 -4.561 2.72232757201
-16.422 18.564 -4.82 2.53400746709
-17.974 17.73 -3.079 2.72232757201
-15.825 16.172 -8.663 3.54436212661
-14.096 20.455 -10.468 3.18635814682
-14.596 20.894 -9.114 3.09401308242
-14.081 20.43 -7.904 3.03669634378
-15.615 21.733 -8.818 3.13412054803
-14.789 21.002 -6.937 3.13412054803
-15.73 21.79 -7.455 3.08160126066
-13.854 20.506 -15.176 1.74
-12.305 21.836 -16.446 3.69904372689
-11.471 22.685 -15.521 3.69904372689
-10.085 22.167 -15.271 3.69904372689
-9.717 21.394 -14.061 3.63125461652
-10.411 20.568 -13.427 3.56629383662
-8.482 21.718 -13.721 3.56629383662
-12.145 22.143 -18.715 2.22402568616
-11.614 21.98 -20.075 2.41516305987
-10.275 22.702 -20.071 2.24769809506
-10.313 23.851 -19.574 2.06703446881
-12.561 22.573 -21.052 2.41516305987
-9.221 22.065 -20.49 2.7203848681
-7.872 22.649 -20.629 2.85287250891
-7.61 21.99 -22.057 2.73628278469
-7.098 20.904 -22.224 2.61895377264
-6.647 22.547 -19.88 2.85287250891
-6.398 22.837 -18.484 2.85287250891
-6.857 24.191 -17.983 2.85287250891
-6.878 24.124 -16.43 2.85287250891
-5.454 24.402 -15.948 2.85287250891
-8.163 22.762 -22.956 2.41269401738
-8.189 22.543 -24.361 2.57789518755
-8.161 21.35 -25.167 2.43285482807
-7.107 21.192 -25.893 2.28148428923
-9.093 20.482 -25.291 3.18494045613
-9.037 19.239 -26.166 3.28331166428
-9.113 18.119 -25.072 3.19656430018
-9.769 16.995 -25.24 3.11200838625
-7.998 19.326 -27.266 3.28331166428
-8.1 19.867 -28.681 3.19656430018
-8.513 19.157 -29.715 3.11200838625
-7.728 21.058 -29.104 3.11200838625
-8.594 18.366 -23.886 2.41269401738
-8.574 17.522 -22.718 2.57789518755
-9.481 18.021 -21.625 2.43285482807
-9.862 19.169 -21.669 2.28148428923
-7.05 17.41 -22.21 2.57789518755
-6.65 16.117 -22.668 2.36497245057
-6.854 17.674 -20.725 2.57789518755
-12.232 17.588 -19.751 2.41516305987
-12.768 16.984 -21.033 2.41516305987
-7.373 18.602 -14.517 2.41516305987
-7.177 19.238 -16.894 2.41516305987
-9.557 14.918 -12.176 2.06703446881
-11.539 16.402 -8.924 2.8655882766
-9.424 17.611 -9.668 2.97245262608
-10.272 18.762 -9.498 2.81719981417
-8.32 17.66 -10.782 2.97245262608
-11.196 16.095 -7.689 2.41269401738
-12.141 15.972 -6.622 2.57789518755
-11.794 14.953 -5.563 2.43285482807
-10.763 14.307 -5.629 2.28148428923
-12.721 14.872 -4.621 2.65003072421
-12.641 13.95 -3.484 2.78912757715
-13.979 13.111 -3.512 2.66677603688
-12.458 14.419 -2.068 2.78912757715
-13.33 15.29 -1.405 2.61066977765
-14.8 10.949 -2.756 3.54436212661
-15.565 10.258 -0.585 2.41269401738
-15.475 9.72 0.737 2.57789518755
-16.621 8.748 0.994 2.43285482807
-17.628 8.727 0.281 2.28148428923
-15.636 10.904 1.812 2.57789518755
-16.985 11.337 1.417 2.36497245057
-14.582 11.988 1.714 2.57789518755
-16.295 8.079 2.101 2.41269401738
-17.324 7.089 2.601 2.57789518755
-17.367 5.863 1.703 2.43285482807
-18.419 5.532 1.146 2.28148428923
-16.224 5.22 1.646 2.22402568616
-16.056 4.027 0.752 2.41516305987
-15.28 2.928 1.453 2.24769809506
-14.79 2.977 2.6 2.06703446881
-16.872 4.659 -2.57 2.41516305987
-15.176 1.854 0.688 2.57572842164
-14.496 0.552 1.043 2.72232757201
-13.043 0.901 -0.734 2.46178430194
-15.534 -0.475 0.443 2.72232757201
-16.528 -0.536 1.515 2.53400746709
-14.949 -1.829 0.1 2.72232757201
-12.033 0.572 1.145 3.18494045613
-10.683 0.756 0.671 3.28331166428
-10.301 -0.011 -0.578 3.19656430018
-10.613 -1.224 -0.607 3.11200838625
-9.645 0.373 1.766 3.28331166428
-10.114 -0.672 2.784 3.28331166428
-10.782 -0.213 4.062 3.19656430018
-11.917 0.27 4.238 3.11200838625
-9.964 -0.42 5.046 3.11200838625
-9.658 0.589 -1.537 2.57572842164
-9.211 0.012 -2.813 2.72232757201
-9.771 0.815 -3.991 2.59344389372
-9.612 0.296 -5.195 3.46048228099
-11.934 -0.533 -6.698 3.39902103994
-9.28 0.199 -7.635 3.54436212661
-7.835 0.402 -7.158 3.47033660994
-6.972 0.902 -7.835 3.39902103994
-7.609 0.037 -5.968 3.39902103994
-14.774 1.043 -6.821 3.18635814682
-14.615 1.388 -5.37 3.09401308242
-15.686 1.712 -4.57 3.03669634378
-13.516 1.386 -4.583 3.13412054803
-15.233 1.922 -3.375 3.13412054803
-13.944 1.73 -3.36 3.08160126066
-14.617 6.188 -11.226 2.0
-13.621 8.465 -11.61 1.86
-17.698 1.728 -14.658 3.50233627526
-24.303 6.653 -16.203 3.54436212661
-23.558 5.401 -15.76 3.47033660994
-23.269 3.276 -15.599 3.50233627526
-26.311 10.443 -20.503 2.46178430194
-26.126 7.128 -21.33 2.72232757201
-25.882 7.599 -22.8 2.72232757201
-27.204 7.352 -23.559 2.59344389372
-28.213 7.958 -23.198 2.46178430194
-27.15 6.494 -24.542 2.62109821036
-27.727 10.195 -16.415 1.4
-29.794 9.612 -18.678 2.0
-30.014 8.858 -19.924 1.74
-29.922 7.465 -19.922 1.86
-30.254 9.549 -21.122 1.86
-30.07 6.737 -21.124 1.86
-30.422 8.836 -22.309 1.86
-30.338 7.427 -22.287 1.86
-30.057 12.775 -15.246 2.8655882766
-30.553 13.672 -14.462 2.75923199067
-30.7 11.637 -15.366 3.28197651502
-31.967 11.239 -14.793 3.374854362
-31.867 10.555 -13.44 3.29292659605
-31.349 9.463 -13.229 3.21343256117
-32.657 10.411 -15.891 3.374854362
-34.1 10.119 -15.496 3.29292659605
-34.808 9.618 -16.367 3.21343256117
-32.439 11.277 -12.479 2.41269401738
-32.491 10.959 -11.066 2.57789518755
-34.273 10.774 -9.377 2.28148428923
-31.958 12.223 -10.414 2.57789518755
-31.206 12.076 -9.145 2.43285482807
-30.926 11.121 -8.424 2.28148428923
-30.732 13.359 -8.802 2.46421089331
-36.021 9.77 -11.199 2.72232757201
-36.042 8.445 -10.569 2.59344389372
-36.925 8.273 -9.719 2.46178430194
-36.929 10.129 -12.401 2.72232757201
-36.765 9.172 -13.439 2.53400746709
-36.549 11.558 -12.881 2.72232757201
-35.022 6.218 -10.234 2.57789518755
-33.651 6.13 -9.568 2.43285482807
-32.983 5.148 -9.598 2.28148428923
-35.135 5.138 -11.321 2.57789518755
-35.584 3.859 -10.604 2.57789518755
-35.449 2.589 -11.435 2.43285482807
-35.518 1.618 -10.674 2.28148428923
-35.276 2.69 -12.782 2.46421089331
-33.205 7.181 -8.937 2.41269401738
-31.909 7.287 -8.275 2.57789518755
-30.815 7.106 -9.295 2.43285482807
-30.98 7.589 -10.406 2.28148428923
-29.769 6.433 -8.875 1.7
-28.622 6.185 -9.763 2.0
-28.937 5.122 -10.806 1.74
-27.973 4.772 -11.527 1.4
-27.361 5.733 -9.025 2.0
-26.524 6.817 -7.837 1.8
-30.159 4.595 -10.873 2.41269401738
-30.498 3.603 -11.831 2.57789518755
-30.937 4.224 -13.14 2.43285482807
-30.657 3.594 -14.139 2.28148428923
-31.656 2.557 -11.492 2.57789518755
-31.867 2.508 -10.096 2.36497245057
-31.387 1.114 -11.987 2.57789518755
-32.171 6.01 -14.277 2.97245262608
-31.129 6.619 -15.196 2.8655882766
-31.462 7.105 -16.328 2.75923199067
-33.219 7.017 -13.776 2.97245262608
-29.866 6.578 -14.817 2.57572842164
-28.69 7.019 -15.499 2.72232757201
-27.495 6.942 -14.528 2.72232757201
-28.412 3.858 -17.556 2.97245262608
-27.013 3.518 -17.826 2.8655882766
-26.704 2.977 -19.011 2.85110369563
-25.333 2.637 -19.352 2.97245262608
-24.443 3.873 -19.552 2.8655882766
-25.478 1.782 -20.64 2.97245262608
-26.771 2.246 -21.25 2.97245262608
-27.635 2.686 -20.1 2.97245262608
-23.167 3.542 -19.696 3.08160126066
-22.59 4.393 -22.32 3.00350354728
-20.245 2.904 -18.847 3.09401308242
-20.748 3.191 -17.633 3.13412054803
-19.132 1.72 -17.383 3.13412054803
-20.017 2.426 -16.726 3.08160126066
-21.929 7.079 -22.567 2.0
-22.744 10.301 -23.684 1.86
-22.51 11.257 -24.635 1.86
-21.233 11.508 -25.083 1.86
-21.481 6.062 -24.669 2.41269401738
-20.795 5.491 -25.831 2.57789518755
-21.351 5.966 -27.13 2.43285482807
-21.992 5.044 -27.729 2.28148428923
-21.463 4.054 -25.838 2.57789518755
-19.316 3.205 -26.423 2.28148428923
-20.957 1.801 -25.932 2.46421089331
-21.194 7.187 -27.488 2.85110369563
-21.788 7.664 -28.736 2.97245262608
-21.183 6.976 -29.927 2.8655882766
-21.71 7.098 -31.071 2.75923199067
-21.441 9.148 -28.651 2.97245262608
-20.417 8.217 -26.773 2.97245262608
-19.254 5.625 -30.792 2.32485688748
-19.614 4.186 -30.594 2.14243103283
-18.709 3.554 -30.02 1.94074133197
-17.829 6.055 -30.406 2.32485688748
-17.327 7.492 -30.594 2.14243103283
-16.044 7.766 -29.757 2.32485688748
-17.02 7.644 -32.07 2.32485688748
-20.773 3.707 -30.85 2.57572842164
-21.174 2.36 -30.456 2.72232757201
-20.159 1.412 -29.914 2.59344389372
-20.494 0.202 -30.238 2.46178430194
-21.874 1.768 -31.736 2.72232757201
-22.909 0.905 -31.255 2.53400746709
-18.119 0.581 -28.793 2.57789518755
-18.217 -0.194 -27.49 2.43285482807
-19.136 -0.136 -26.648 2.28148428923
-16.731 1.189 -28.639 2.57789518755
-16.249 2.219 -29.643 2.57789518755
-14.789 2.414 -29.288 2.57789518755
-13.851 2.81 -30.338 2.57789518755
-14.252 3.831 -31.245 2.57789518755
-17.054 -0.914 -27.276 2.41269401738
-17.06 -1.663 -25.986 2.57789518755
-16.33 -0.937 -24.837 2.43285482807
-16.809 -3.095 -25.983 2.57789518755
-16.209 -3.907 -27.049 2.57789518755
-16.804 -5.283 -27.2 2.57789518755
-15.714 -6.114 -27.977 2.57789518755
-16.053 -7.601 -27.778 2.57789518755
-16.382 -1.725 -23.76 3.46048228099
-14.395 -1.527 -22.279 3.47033660994
-13.904 -2.654 -22.44 3.39902103994
-15.155 -1.884 -19.416 3.50233627526
-12.283 -0.497 -21.467 2.97245262608
-9.955 1.764 -19.48 2.97245262608
-8.348 5.503 -21.242 2.98417189675
-8.354 6.158 -22.272 2.88653560143
-8.362 6.17 -18.864 3.08311555793
-8.271 5.301 -17.688 3.08311555793
-9.057 4.002 -18.018 3.08311555793
-6.356 4.241 -21.99 2.97245262608
-6.541 3.449 -23.231 2.8655882766
-5.676 3.668 -24.13 2.75923199067
-5.408 3.392 -21.016 2.97245262608
-4.317 3.962 -20.34 2.97245262608
-3.969 5.135 -19.618 2.97245262608
-2.93 5.106 -18.521 2.97245262608
-1.499 4.802 -18.672 2.97245262608
-7.637 1.669 -24.448 3.374854362
-8.297 2.464 -25.548 3.29292659605
-9.043 3.422 -25.172 3.21343256117
-8.274 0.365 -24.085 3.374854362
-8.038 -0.346 -22.843 3.29292659605
-8.961 -0.949 -22.281 3.21343256117
-6.966 -0.475 -22.23 3.21343256117
-8.014 2.047 -26.805 2.65003072421
-8.621 2.792 -27.952 2.78912757715
-10.105 2.374 -27.987 2.66677603688
-10.978 3.138 -28.374 2.5427976846
-8.024 2.561 -29.342 2.78912757715
-7.962 3.85 -30.187 2.78912757715
-8.667 3.947 -31.505 2.66677603688
-9.79 3.446 -31.796 2.5427976846
-7.975 4.679 -32.319 2.5427976846
-10.231 1.131 -27.538 2.65003072421
-11.42 0.357 -27.359 2.78912757715
-11.529 0.031 -24.863 2.5427976846
-11.342 -1.122 -27.525 2.78912757715
-12.76 -1.843 -27.623 2.78912757715
-13.474 -1.317 -28.807 2.66677603688
-14.576 -1.564 -29.128 2.5427976846
-12.736 -0.524 -29.483 2.5427976846
-13.142 2.302 -24.724 3.08311555793
-14.758 3.513 -26.197 2.88653560143
-11.975 3.098 -24.188 3.08311555793
-11.615 5.451 -23.612 3.08311555793
-10.574 7.391 -22.353 3.0051344669
-16.48 3.877 -23.944 3.8417693982
-19.768 0.788 -22.309 3.80609061566
-19.756 0.816 -23.628 3.77074517528
-16.614 6.326 -24.275 2.57572842164
-17.172 10.2 -24.16 2.72232757201
-16.916 8.846 -26.189 2.72232757201
-12.406 6.902 -16.726 2.72232757201
-10.912 6.44 -14.867 2.46178430194
-12.979 9.341 -18.035 2.72232757201
-11.545 3.661 -14.974 2.97245262608
-11.865 3.511 -13.538 2.8655882766
-10.84 3.449 -12.677 2.41269401738
-11.021 3.294 -11.243 2.57789518755
-10.432 4.332 -10.324 2.43285482807
-9.262 4.677 -10.467 2.28148428923
-10.435 1.88 -10.797 2.57789518755
-11.183 0.671 -11.259 2.43285482807
-10.844 0.04 -12.423 2.46421089331
-10.589 5.73 -8.307 2.72232757201
-10.079 4.835 -7.204 2.59344389372
-11.357 7.785 -9.416 2.72232757201
-9.045 5.261 -6.441 2.57572842164
-8.778 4.993 -4.018 2.59344389372
-8.45 6.151 -3.844 2.46178430194
-6.974 3.939 -5.552 2.72232757201
-6.796 3.164 -6.8 2.53400746709
-6.334 3.065 -4.423 2.72232757201
-9.66 4.697 -1.764 2.72232757201
-8.674 4.137 -0.735 2.59344389372
-8.142 3.003 -0.855 2.46178430194
-8.411 4.958 0.279 3.18494045613
-7.637 4.63 1.452 3.28331166428
-8.164 5.57 2.612 3.19656430018
-8.929 6.496 2.343 3.11200838625
-6.187 4.344 1.531 3.28331166428
-5.827 3.802 2.968 3.19656430018
-4.63 4.068 3.345 3.11200838625
-6.752 3.231 3.601 3.11200838625
-7.686 5.226 3.85 2.7203848681
-8.273 5.896 4.907 2.85287250891
-8.495 6.671 6.139 2.73628278469
-8.127 7.199 7.172 2.61895377264
-9.001 4.447 5.521 2.85287250891
-7.943 3.344 5.449 2.85287250891
-6.599 3.681 6.08 2.85287250891
-5.759 2.55 6.656 2.85287250891
-4.611 3.112 7.493 2.85287250891
-9.814 6.85 6.132 2.41269401738
-11.166 7.039 6.132 2.57789518755
-11.612 5.926 5.094 2.43285482807
-11.695 4.747 5.411 2.28148428923
-11.824 8.363 5.638 2.57789518755
-12.784 8.935 6.692 2.43285482807
-13.109 10.127 6.76 2.28148428923
-13.236 7.983 7.583 2.46421089331
-11.771 6.405 3.905 2.57572842164
-12.202 5.467 2.793 2.72232757201
-12.46 6.583 1.744 2.59344389372
-9.09 7.674 -0.28 2.28148428923
-10.898 9.559 1.708 2.57789518755
-10.154 9.172 2.938 2.57789518755
-10.132 10.679 0.997 2.57789518755
-9.504 9.428 -2.33 2.72232757201
-9.884 10.251 -3.555 2.59344389372
-8.626 8.226 -2.68 2.72232757201
-8.821 10.292 -4.289 2.11633202144
-7.977 10.537 -5.282 2.32485688748
-8.39 10.085 -7.507 1.94074133197
-6.956 9.425 -5.912 2.32485688748
-6.614 8.179 -5.076 2.32485688748
-5.586 10.155 -6.434 2.32485688748
-5.381 7.395 -5.719 2.32485688748
-9.243 12.135 -6.709 2.22402568616
-9.633 12.133 -8.153 2.41516305987
-8.811 13.155 -8.933 2.24769809506
-9.099 14.338 -8.839 2.06703446881
-11.304 12.067 -9.958 2.41516305987
-7.95 12.627 -9.749 3.18494045613
-7.154 13.594 -10.619 3.28331166428
-7.006 12.732 -11.868 3.19656430018
-6.502 11.629 -11.708 3.11200838625
-6.07 14.249 -9.899 3.28331166428
-4.672 14.339 -10.335 3.19656430018
-3.838 15.281 -10.167 3.11200838625
-4.233 13.364 -10.935 3.11200838625
-7.535 13.22 -12.95 2.11633202144
-7.464 12.504 -14.207 2.32485688748
-7.548 13.569 -15.285 2.14243103283
-8.175 14.576 -15.079 1.94074133197
-8.468 11.346 -14.374 2.32485688748
-9.573 11.582 -15.445 2.32485688748
-9.245 10.83 -13.077 2.32485688748
-10.621 10.425 -15.296 2.32485688748
-6.885 13.247 -16.366 2.22402568616
-7.273 13.237 -18.793 2.24769809506
-6.556 12.257 -19.073 2.06703446881
-5.44 14.687 -17.767 2.41516305987
-5.309 15.536 -19.042 2.41516305987
-5.076 15.414 -16.479 2.41516305987
-8.866 12.802 -20.551 3.69904372689
-8.926 13.414 -21.939 3.63125461652
-10.319 12.534 -20.065 3.69904372689
-10.809 11.175 -20.579 3.63125461652
-10.859 10.457 -19.6 3.56629383662
-8.39 13.16 -24.297 2.97245262608
-9.721 12.767 -24.881 2.8655882766
-10.151 13.449 -25.791 2.75923199067
-7.094 12.637 -24.845 2.97245262608
-6.909 11.295 -24.141 2.97245262608
-7.65 11.393 -22.793 2.97245262608
-10.438 11.719 -24.378 2.22402568616
-11.691 11.311 -24.846 2.41516305987
-13.623 12.559 -25.452 2.06703446881
-11.985 9.816 -24.481 2.41516305987
-12.542 10.125 -26.885 2.41516305987
-12.557 7.786 -25.883 2.41516305987
-13.368 14.936 -23.563 3.39902103994
-15.608 16.578 -23.216 3.18635814682
-15.474 16.943 -24.701 3.18635814682
-15.868 18.289 -24.933 3.0526522229
-17.14 18.298 -23.227 2.22402568616
-18.152 20.133 -23.98 2.24769809506
-17.405 21.04 -23.721 2.06703446881
-17.888 19.541 -21.488 2.41516305987
-16.529 20.986 -20.025 2.41516305987
-18.319 21.887 -21.762 2.41516305987
-18.66 19.755 -25.108 2.57572842164
-18.365 20.466 -26.32 2.72232757201
-19.33 19.931 -27.334 2.59344389372
-19.261 20.102 -28.554 2.46178430194
-17.021 19.789 -26.669 2.72232757201
-17.257 18.399 -27.076 2.53400746709
-20.272 19.251 -26.679 2.41269401738
-21.356 18.623 -27.435 2.57789518755
-20.859 17.209 -27.723 2.43285482807
-19.91 16.713 -27.098 2.28148428923
-21.572 16.699 -28.675 3.18494045613
-21.462 15.334 -29.183 3.28331166428
-20.236 14.717 -28.589 3.19656430018
-19.249 14.613 -29.302 3.11200838625
-21.667 15.321 -30.691 3.28331166428
-23.172 15.471 -31.066 3.28331166428
-24.335 15.488 -30.142 3.19656430018
-25.164 16.424 -30.058 3.11200838625
-24.497 14.448 -29.386 3.11200838625
-20.294 14.416 -27.333 2.57572842164
-17.879 13.492 -27.051 2.72232757201
-17.784 12.635 -28.278 2.59344389372
-18.068 11.289 -28.392 2.65002772709
-17.341 13.236 -29.457 2.65002772709
-17.948 10.609 -29.599 2.65002772709
-17.217 12.576 -30.661 2.65002772709
-17.516 11.23 -30.737 2.59344389372
-17.373 10.672 -31.986 2.53400746709
-19.984 15.752 -25.174 2.65003072421
-20.718 15.799 -22.921 2.66677603688
-21.781 15.177 -23.07 2.5427976846
-20.731 17.906 -24.264 2.78912757715
-20.978 18.541 -23.052 2.61066977765
-22.165 16.674 -19.982 2.22402568616
-24.657 17.418 -20.457 2.06703446881
-23.096 20.189 -18.926 2.41516305987
-21.106 19.124 -20.029 2.41516305987
-22.069 21.445 -19.128 2.41516305987
-23.954 12.682 -21.559 3.28331166428
-24.914 12.545 -22.637 3.18494045613
-24.081 13.156 -24.83 3.21485749178
-26.153 12.663 -24.592 3.21485749178
-25.467 10.527 -13.954 3.18635814682
-26.73 11.163 -14.288 3.0526522229
-25.425 10.484 -12.405 3.18635814682
-22.252 6.19 -11.418 2.72232757201
-22.116 5.752 -12.866 2.72232757201
-22.341 4.918 -10.57 2.72232757201
-21.664 1.397 -12.034 4.29963896156
-20.75 2.234 -12.524 4.2720216845
-19.242 -0.602 -5.553 3.41882014206
-18.28 -1.715 -5.835 3.33906215107
-18.391 -2.6 -4.996 3.26182836231
-20.498 -1.377 -5.097 3.41882014206
-20.446 -2.146 -3.845 3.41882014206
-21.192 -3.322 -3.343 3.33906215107
-21.161 -4.423 -3.903 3.26182836231
-21.854 -3.051 -2.263 3.26182836231
-17.489 -1.721 -6.854 2.91219395265
-16.549 -2.812 -7.144 3.0287949135
-17.216 -4.111 -7.51 3.0287949135
-17.851 -4.916 -6.364 3.0287949135
-18.91 -5.886 -6.829 3.0287949135
-18.241 -7.054 -7.569 3.0287949135
-18.872 -7.106 -8.931 3.0287949135
-13.973 -2.976 -10.817 2.98417189675
-14.5 -4.051 -10.983 2.88653560143
-12.281 -2.981 -8.978 3.08311555793
-12.582 -3.862 -7.793 3.08311555793
-14.094 -4.034 -7.72 3.08311555793
-12.509 -3.187 -13.687 2.98417189675
-11.358 -2.95 -13.188 2.88653560143
-12.706 -4.112 -14.535 2.97082338406
-11.921 -5.045 -15.225 3.08311555793
-11.096 -4.306 -16.364 2.98417189675
-10.344 -4.85 -17.138 2.88653560143
-12.8 -5.871 -16.172 3.08311555793
-13.785 -6.887 -16.0 2.98417189675
-13.974 -7.597 -14.953 2.88653560143
-14.542 -7.097 -17.022 2.88653560143
-11.686 -3.611 -19.078 2.06703446881
-10.08 -1.15 -16.66 2.41516305987
-8.668 -1.495 -16.389 2.24769809506
-7.731 -0.72 -17.318 2.41516305987
-8.338 -1.165 -14.929 2.41516305987
-9.995 -2.06 -19.46 2.41269401738
-9.753 -2.539 -20.871 2.57789518755
-8.727 -3.681 -20.772 2.43285482807
-7.554 -3.525 -20.505 2.28148428923
-9.236 -4.871 -20.937 2.41269401738
-9.004 -6.256 -20.92 2.57789518755
-10.262 -7.053 -20.324 2.43285482807
-11.496 -6.697 -20.368 2.28148428923
-7.995 -6.613 -19.711 2.57789518755
-6.803 -5.612 -19.778 2.57789518755
-6.358 -5.671 -21.278 2.57789518755
-5.95 -7.132 -21.523 2.41269401738
-5.972 -7.533 -22.825 2.43285482807
-6.311 -6.598 -23.727 2.46421089331
-5.677 -8.796 -23.135 2.46421089331
-9.795 -8.163 -19.653 2.11633202144
-10.377 -9.146 -18.916 2.32485688748
-11.558 -9.98 -18.884 2.14243103283
-11.559 -11.05 -19.688 1.94074133197
-12.651 -9.818 -18.141 2.11633202144
-13.796 -10.709 -18.185 2.32485688748
-14.296 -11.283 -19.483 2.14243103283
-13.741 -11.39 -20.597 1.94074133197
-15.495 -11.762 -19.481 2.41269401738
-16.527 -12.36 -20.24 2.57789518755
-17.503 -11.361 -20.874 2.43285482807
-17.107 -10.333 -21.465 2.28148428923
-17.283 -13.016 -19.076 2.57789518755
-17.709 -11.756 -18.252 2.43285482807
-18.821 -11.345 -18.584 2.28148428923
-16.879 -11.277 -17.324 2.46421089331
-18.807 -11.579 -20.771 2.7203848681
-19.848 -10.668 -21.355 2.85287250891
-20.044 -9.354 -20.659 2.73628278469
-19.742 -8.29 -21.269 2.61895377264
-21.133 -11.445 -21.57 2.85287250891
-21.289 -11.954 -23.047 2.85287250891
-21.75 -10.816 -23.925 2.73628278469
-22.143 -9.79 -23.394 2.61895377264
-21.729 -10.992 -25.153 2.61895377264
-20.533 -9.198 -19.444 2.7203848681
-20.69 -8.005 -18.681 2.85287250891
-20.781 -8.276 -17.124 2.85287250891
-21.977 -8.974 -16.667 2.85287250891
-23.183 -8.378 -17.442 2.73628278469
-23.606 -9.052 -18.399 2.61895377264
-23.421 -7.229 -16.894 2.61895377264
-16.976 -7.247 -18.681 2.78912757715
-16.955 -6.201 -19.788 2.66677603688
-17.015 -5.056 -19.512 2.5427976846
-15.876 -8.197 -18.628 2.78912757715
-14.678 -7.407 -18.692 2.61066977765
-16.9 -6.242 -22.301 2.78912757715
-18.909 -5.725 -23.501 2.5427976846
-16.988 -7.51 -23.269 2.78912757715
-15.865 -8.338 -22.873 2.61066977765
-17.004 -7.2 -24.752 2.78912757715
-21.345 -4.432 -20.759 3.00350354728
-19.954 -3.456 -23.321 3.18635814682
-19.972 -2.048 -23.982 3.18635814682
-21.242 -1.332 -23.91 3.18635814682
-22.188 -1.196 -22.786 3.18635814682
-21.774 -0.581 -21.452 3.18635814682
-19.912 -2.882 -18.291 2.97245262608
-20.991 -3.46 -17.3 2.97245262608
-21.231 -2.242 -16.474 2.81719981417
-20.693 -4.597 -16.337 2.97245262608
-18.259 -3.279 -16.432 2.57572842164
-16.767 -3.255 -16.071 2.72232757201
-15.559 -5.049 -14.926 2.46178430194
-17.911 -5.828 -13.595 2.57789518755
-17.699 -5.039 -12.238 2.43285482807
-17.479 -5.501 -11.141 2.28148428923
-17.263 -7.157 -13.869 2.57789518755
-18.182 -8.005 -14.826 2.43285482807
-19.42 -8.143 -14.71 2.28148428923
-17.519 -8.602 -15.833 2.46421089331
-17.859 -3.709 -12.39 2.85110369563
-17.726 -1.374 -11.815 2.97245262608
-20.224 -2.833 -10.997 2.41269401738
-21.45 -3.243 -10.278 2.57789518755
-22.142 -2.139 -9.564 2.43285482807
-22.152 -0.981 -10.039 2.28148428923
-22.736 -2.481 -8.441 2.85110369563
-23.556 -1.541 -7.641 2.97245262608
-24.042 -2.327 -6.423 2.97245262608
-24.401 -1.501 -5.334 2.81719981417
-23.597 0.821 -8.004 2.49687256947
-23.815 2.851 -6.672 2.51571213812
-25.068 3.019 -6.486 2.37505611705
-24.404 2.89 -8.99 2.65207782941
-24.815 1.988 -10.119 2.65207782941
-25.689 2.673 -11.067 2.65207782941
-25.252 2.437 -12.452 2.49687256947
-26.149 2.536 -13.455 2.51571213812
-27.443 2.717 -13.161 2.54507232427
-25.679 2.518 -14.667 2.54507232427
-23.49 3.814 -4.559 2.41516305987
-23.564 5.32 -4.542 2.24769809506
-23.994 5.85 -3.45 2.06703446881
-22.662 3.048 -3.47 2.41516305987
-21.161 3.048 -3.381 2.24769809506
-20.404 1.838 -3.902 2.41516305987
-23.269 7.554 -5.532 3.54436212661
-24.527 10.943 -8.467 1.74
-25.004 11.375 -7.381 1.4
-24.944 8.601 -9.452 2.0
-26.615 8.56 -8.771 1.8
-24.669 12.971 -9.74 3.54436212661
-25.592 14.309 -11.448 2.41269401738
-24.402 16.723 -11.755 2.28148428923
-27.111 15.599 -12.968 2.57789518755
-28.322 14.687 -12.941 2.57789518755
-22.059 24.304 -12.815 2.28148428923
-22.463 24.857 -16.404 2.57789518755
-21.366 25.88 -16.77 2.57789518755
-23.535 24.795 -18.809 2.57789518755
-19.89 25.934 -12.862 2.57789518755
-19.136 27.088 -13.448 2.43285482807
-19.169 27.244 -14.707 2.28148428923
-19.076 24.95 -12.104 2.57789518755
-18.401 27.83 -12.564 2.65003072421
-17.664 28.879 -13.503 2.78912757715
-16.769 29.743 -12.761 2.66677603688
-16.767 29.496 -11.518 2.5427976846
-18.836 29.351 -14.36 2.78912757715
-18.506 30.137 -15.658 2.78912757715
-18.016 31.485 -15.1 2.78912757715
-18.554 32.801 -15.564 2.78912757715
-18.191 33.838 -14.49 2.78912757715
-16.07 30.572 -13.429 2.5427976846
-29.574 16.512 -25.925 2.22402568616
-30.496 17.613 -26.001 2.41516305987
-31.707 17.696 -26.857 2.24769809506
-31.96 18.668 -27.615 2.06703446881
-29.588 18.855 -26.304 2.41516305987
-32.602 16.747 -26.81 2.57572842164
-33.87 16.735 -27.53 2.72232757201
-36.197 16.52 -26.687 2.46178430194
-34.164 15.839 -28.754 2.72232757201
-34.655 14.619 -28.083 2.53400746709
-33.065 15.546 -29.755 2.72232757201
-34.443 16.092 -25.292 2.85110369563
-35.228 15.785 -24.136 2.97245262608
-33.162 15.768 -23.013 2.75923199067
-35.919 14.465 -24.015 2.97245262608
-37.427 14.761 -23.663 2.97245262608
-38.107 13.46 -23.97 2.97245262608
-37.731 13.209 -25.477 2.97245262608
-38.903 12.374 -25.998 2.97245262608
-36.728 16.2 -19.525 3.39902103994
-34.778 16.835 -15.783 2.24769809506
-33.622 17.17 -15.822 2.06703446881
-35.762 14.558 -16.439 2.41516305987
-34.48 13.762 -16.158 2.41516305987
-36.633 14.361 -15.211 2.41516305987
-35.087 17.849 -13.583 2.0
-34.694 20.274 -12.364 1.8
-35.333 17.025 -11.36 2.22402568616
-34.414 17.858 -8.557 2.06703446881
-35.267 15.037 -9.849 2.41516305987
-33.992 14.668 -10.664 2.41516305987
-35.014 14.59 -8.439 2.41516305987
-36.62 18.193 -8.734 2.57572842164
-36.688 18.846 -6.344 2.59344389372
-37.699 18.513 -5.75 2.46178430194
-35.275 18.542 -4.442 2.97245262608
-35.098 19.844 -3.7 2.8655882766
-34.68 20.886 -4.315 2.75923199067
-34.082 17.556 -4.468 2.97245262608
-33.792 16.792 -3.188 2.97245262608
-34.969 15.934 -2.775 2.97245262608
-35.295 16.141 -1.328 2.97245262608
-36.522 15.464 -0.823 2.97245262608
-35.384 19.873 -2.453 2.41269401738
-35.232 21.104 -1.657 2.57789518755
-34.951 20.613 -0.24 2.43285482807
-35.171 19.382 0.068 2.28148428923
-34.54 21.566 0.516 3.18494045613
-34.157 21.482 1.93 3.28331166428
-35.232 22.257 2.733 3.19656430018
-35.128 23.392 3.306 3.11200838625
-32.729 21.986 1.979 3.28331166428
-32.021 21.952 3.287 3.19656430018
-30.8 22.328 3.356 3.11200838625
-32.66 21.525 4.285 3.11200838625
-36.353 21.602 2.778 2.41269401738
-37.681 21.806 3.349 2.57789518755
-38.332 20.527 2.689 2.43285482807
-37.539 19.824 2.069 2.28148428923
-39.619 20.396 2.811 2.7203848681
-40.353 19.25 2.245 2.85287250891
-40.899 19.341 0.833 2.73628278469
-41.731 18.586 0.26 2.61895377264
-41.524 19.148 3.245 2.85287250891
-41.493 20.302 4.155 2.85287250891
-40.491 21.311 3.569 2.85287250891
-40.412 20.386 0.211 2.22402568616
-38.81 19.701 -2.127 2.06703446881
-40.699 22.436 -1.079 2.41516305987
-39.48 23.019 -0.341 2.41516305987
-41.053 23.056 -2.388 2.41516305987
-42.517 18.516 -5.311 2.46178430194
-40.078 17.399 -3.519 2.72232757201
-41.516 16.839 -3.382 2.72232757201
-41.646 15.488 -4.043 2.59344389372
-42.503 14.729 -3.502 2.46178430194
-40.892 15.279 -5.096 2.62109821036
-41.505 17.973 -7.814 2.72232757201
-40.575 17.336 -8.84 2.59344389372
-39.453 17.089 -8.364 2.46178430194
-41.034 17.088 -10.037 2.57572842164
-40.294 16.5 -11.183 2.72232757201
-42.071 17.22 -12.818 2.46178430194
-40.201 14.941 -11.255 2.72232757201
-39.375 14.573 -10.068 2.53400746709
-39.593 14.172 -12.458 2.72232757201
-39.76 18.587 -19.0 2.92608152912
-40.998 16.478 -18.211 3.0287949135
-40.683 15.23 -17.395 2.92608152912
-40.362 13.985 -17.924 2.86177391959
-40.587 15.024 -16.049 2.97082099925
-40.11 13.145 -16.969 2.97082099925
-40.203 13.735 -15.838 2.91219395265
-38.798 18.483 -19.876 1.7
-38.567 19.455 -20.972 2.0
-38.446 18.698 -22.278 1.74
-37.624 17.767 -22.396 1.4
-39.192 19.029 -23.257 3.62225757892
-40.568 17.742 -24.858 3.69904372689
-40.346 16.266 -25.14 3.69904372689
-41.264 15.374 -25.851 3.63125461652
-41.417 15.351 -27.079 3.56629383662
-41.878 14.53 -25.12 3.56629383662
-37.97 19.237 -26.332 2.22402568616
-37.675 20.28 -27.452 2.41516305987
-38.627 19.802 -28.546 2.24769809506
-38.444 18.756 -29.18 2.06703446881
-36.248 20.376 -27.657 2.41516305987
-40.78 20.212 -29.578 2.97245262608
-40.888 21.334 -30.572 2.8655882766
-42.01 21.403 -31.155 2.75923199067
-42.087 19.896 -28.902 2.97245262608
-43.055 21.117 -28.641 2.97245262608
-44.386 20.612 -28.017 2.97245262608
-45.595 21.472 -28.056 2.97245262608
-46.644 21.346 -29.131 2.97245262608
-39.921 22.139 -30.816 2.41269401738
-40.3 23.138 -31.946 2.57789518755
-39.011 23.972 -31.834 2.43285482807
-38.022 23.254 -31.804 2.28148428923
-39.342 25.187 -31.789 3.18494045613
-38.256 26.225 -31.553 3.28331166428
-39.063 26.97 -30.514 3.19656430018
-39.444 28.07 -30.321 3.11200838625
-37.34 26.215 -32.698 3.28331166428
-36.474 25.08 -31.854 3.19656430018
-36.622 25.374 -30.578 3.11200838625
-35.929 24.111 -32.287 3.11200838625
-39.358 25.924 -29.661 2.41269401738
-40.126 25.927 -28.485 2.57789518755
-39.785 24.764 -27.576 2.43285482807
-39.673 23.615 -28.11 2.28148428923
-41.708 25.783 -28.878 2.57789518755
-42.455 26.213 -27.699 2.36497245057
-42.056 24.36 -29.297 2.57789518755
-37.97 23.897 -24.822 2.22693058289
-37.152 25.13 -25.173 2.22693058289
-41.975 21.875 -22.363 2.02565795104
-41.277 20.841 -22.268 1.79544509739
-43.418 21.701 -24.539 2.22693058289
-44.827 22.211 -24.423 2.22693058289
-42.848 21.708 -25.971 2.22693058289
-42.345 22.593 -21.297 1.99639670258
-43.297 21.878 -19.212 2.02565795104
-44.241 22.601 -19.233 1.79544509739
-44.239 19.879 -17.998 2.97245262608
-44.304 18.422 -18.743 2.97245262608
-43.737 18.599 -20.029 2.81719981417
-45.68 17.794 -18.636 2.97245262608
-44.772 19.022 -15.794 2.41269401738
-44.521 18.47 -14.49 2.57789518755
-45.507 18.864 -13.413 2.43285482807
-46.514 19.544 -13.568 2.28148428923
-45.087 18.385 -12.215 2.65003072421
-44.793 18.999 -9.9 2.66677603688
-43.614 18.691 -10.089 2.5427976846
-46.766 17.537 -10.599 2.78912757715
-46.237 16.342 -10.227 2.61066977765
-45.339 19.663 -8.906 2.57572842164
-44.556 20.02 -7.742 2.72232757201
-45.587 20.03 -6.547 2.59344389372
-45.131 19.403 -5.481 2.85110369563
-45.947 17.838 -3.519 2.97245262608
-44.644 17.264 -3.076 2.81719981417
-46.826 16.836 -4.242 2.97245262608
-45.522 20.323 -2.087 2.41269401738
-44.817 20.946 -0.963 2.57789518755
-45.167 22.406 -0.769 2.43285482807
-45.084 22.86 0.409 2.28148428923
-45.577 23.136 -1.721 2.22402568616
-45.912 24.485 -1.853 2.41516305987
-46.693 25.479 -1.076 2.24769809506
-46.087 26.033 -0.125 2.06703446881
-46.478 24.502 -3.334 2.41516305987
-44.19 25.494 -3.397 2.41516305987
-47.942 25.894 -1.463 2.41269401738
-48.539 26.938 -0.633 2.57789518755
-49.841 27.439 -1.194 2.43285482807
-50.864 27.512 -0.399 2.28148428923
-47.7 28.235 -0.232 2.57789518755
-46.869 28.111 0.938 2.36497245057
-48.684 29.393 0.163 2.57789518755
-51.256 28.361 -2.705 3.41882014206
-51.346 28.747 -4.131 3.33906215107
-51.983 28.159 -4.992 3.26182836231
-51.314 29.644 -1.85 3.41882014206
-50.244 30.609 -2.175 3.41882014206
-49.52 31.512 -1.276 3.33906215107
-48.391 31.975 -1.629 3.26182836231
-50.139 31.693 -0.173 3.26182836231
-50.619 29.713 -4.305 2.85110369563
-50.047 30.833 -4.792 2.97245262608
-48.774 31.599 -6.465 3.46048228099
-46.35 32.181 -5.573 3.39902103994
-47.67 32.917 -8.337 3.54436212661
-49.095 33.441 -8.487 3.47033660994
-49.799 33.549 -7.48 3.39902103994
-49.324 33.65 -9.644 3.39902103994
-44.088 29.444 -4.112 4.24886951024
-45.007 29.247 -3.199 4.29963896156
-41.391 28.812 -11.991 2.0
-41.144 27.163 -13.855 1.86
-40.85 25.866 -14.277 1.86
-37.449 34.084 -10.338 4.29963896156
-32.329 31.468 -8.807 4.29963896156
-25.762 27.9 -15.308 2.46178430194
-26.482 30.739 -15.01 2.72232757201
-25.658 31.44 -14.117 2.72232757201
-24.983 32.642 -14.845 2.59344389372
-25.682 33.606 -15.188 2.46178430194
-23.708 32.554 -15.075 2.62109821036
-24.362 27.437 -12.874 2.0
-23.116 27.727 -10.798 1.86
-23.416 29.616 -12.275 1.86
-22.384 28.578 -9.891 1.86
-22.715 30.437 -11.423 1.86
-22.22 29.914 -10.226 1.86
-24.084 23.451 -10.244 3.46048228099
-23.982 22.61 -9.02 3.54436212661
-23.412 24.389 -7.51 3.39902103994
-23.753 20.142 -8.983 3.47033660994
-23.816 19.201 -9.788 3.39902103994
-24.431 20.077 -7.92 3.39902103994
-25.16 21.481 -3.761 2.5427976846
-26.917 21.95 -5.36 2.78912757715
-27.702 21.378 -6.462 2.66677603688
-28.716 21.867 -7.005 2.5427976846
-27.125 20.212 -6.855 2.69295246139
-22.289 21.76 -4.367 2.72232757201
-22.459 22.878 -3.286 2.59344389372
-21.873 23.966 -3.489 2.46178430194
-21.035 21.697 -5.293 2.72232757201
-20.853 20.328 -5.95 2.53400746709
-19.647 22.14 -4.788 2.72232757201
-23.26 22.687 -2.286 2.32219197539
-23.573 23.659 -1.266 2.49917816808
-24.947 24.396 -1.409 2.34393302806
-25.101 25.602 -1.142 2.17953443166
-22.532 24.776 -1.2 2.49917816808
-23.035 26.078 -1.902 2.49917816808
-22.093 27.109 -1.307 2.34393302806
-22.352 28.207 -0.927 2.17953443166
-20.866 26.546 -1.215 2.37766287277
-25.975 23.716 -1.78 2.57572842164
-27.288 23.865 -2.002 2.72232757201
-27.834 24.502 -3.231 2.59344389372
-28.984 25.113 -3.022 1.7
-29.719 25.852 -4.091 2.0
-29.04 27.212 -4.243 1.74
-31.174 26.009 -3.898 2.0
-32.491 24.883 -4.191 1.8
-28.157 27.556 -3.388 2.41269401738
-27.367 28.731 -3.24 2.57789518755
-26.303 29.019 -4.319 2.43285482807
-25.969 30.125 -4.766 2.28148428923
-26.585 28.558 -1.856 2.57789518755
-26.571 27.03 -1.791 2.36497245057
-27.079 29.108 -0.567 2.57789518755
-25.704 27.979 -4.742 2.65003072421
-24.682 27.704 -5.653 2.78912757715
-25.108 27.828 -7.1 2.66677603688
-24.164 27.86 -7.901 2.5427976846
-24.221 26.179 -5.5 2.78912757715
-26.27 31.564 -9.024 2.97245262608
-27.521 32.249 -9.399 2.8655882766
-27.378 33.186 -10.29 2.7203848681
-28.47 34.021 -10.732 2.85287250891
-29.363 33.961 -11.843 2.73628278469
-29.716 35.224 -12.245 2.61895377264
-27.622 35.4 -10.755 2.85287250891
-26.363 34.961 -11.437 2.85287250891
-26.053 33.622 -10.849 2.85287250891
-29.121 34.39 -14.731 2.8243183199
-31.996 34.554 -13.838 3.0287949135
-33.063 34.485 -12.783 2.92608152912
-34.059 35.401 -12.509 2.86177391959
-33.181 33.49 -11.864 2.97082099925
-34.733 34.942 -11.446 2.97082099925
-34.209 33.787 -11.046 2.91219395265
-29.303 32.605 -16.882 2.0
-27.659 30.836 -19.256 1.86
-27.415 30.559 -20.6 1.86
-28.483 30.31 -21.489 1.86
-28.698 34.632 -17.898 2.41269401738
-28.791 35.866 -18.732 2.57789518755
-27.598 36.052 -19.699 2.43285482807
-26.733 36.945 -19.396 2.28148428923
-28.609 37.069 -17.777 2.57789518755
-29.301 39.198 -17.67 2.28148428923
-29.958 38.043 -19.586 2.46421089331
-27.509 35.281 -20.737 2.7203848681
-26.364 35.404 -21.685 2.85287250891
-26.261 36.768 -22.373 2.73628278469
-25.131 37.199 -22.766 2.61895377264
-26.582 34.228 -22.59 2.85287250891
-28.082 33.834 -22.497 2.85287250891
-28.49 34.254 -21.096 2.85287250891
-27.427 38.741 -23.232 2.32485688748
-27.597 40.005 -22.331 2.14243103283
-28.251 40.962 -22.772 1.94074133197
-28.6 38.761 -24.228 2.32485688748
-28.85 37.6 -25.124 2.14243103283
-27.66 37.377 -25.98 2.32485688748
-29.163 36.458 -24.127 2.32485688748
-26.972 39.911 -21.17 2.57572842164
-26.983 40.877 -20.077 2.72232757201
-28.157 41.885 -20.2 2.59344389372
-28.046 43.117 -20.586 2.46178430194
-25.637 41.499 -19.774 2.72232757201
-24.479 40.728 -19.491 2.53400746709
-30.619 42.096 -19.914 2.57789518755
-31.204 42.099 -18.486 2.43285482807
-30.545 41.673 -17.52 2.28148428923
-31.758 41.656 -20.791 2.57789518755
-31.426 40.808 -21.993 2.57789518755
-31.373 41.368 -23.347 2.57789518755
-30.897 42.782 -23.527 2.57789518755
-31.197 43.27 -24.933 2.57789518755
-33.099 42.775 -17.123 2.57789518755
-34.183 41.734 -16.971 2.43285482807
-33.643 44.228 -17.069 2.57789518755
-32.576 45.304 -16.998 2.57789518755
-31.582 45.409 -18.151 2.57789518755
-32.227 45.724 -19.522 2.57789518755
-31.504 45.064 -20.608 2.57789518755
-34.643 41.46 -15.773 4.2720216845
-37.612 42.08 -15.798 4.23203245328
-39.133 39.929 -16.59 2.72232757201
-40.926 38.626 -17.494 2.57572842164
-41.775 37.458 -17.531 2.72232757201
-42.09 34.605 -19.879 2.97245262608
-42.394 35.433 -21.104 2.8655882766
-41.566 35.7 -21.972 2.75923199067
-42.911 33.428 -19.466 2.97245262608
-43.503 33.693 -18.126 2.97245262608
-43.156 35.088 -17.697 2.97245262608
-43.644 35.856 -21.03 2.7203848681
-44.335 36.676 -22.08 2.85287250891
-43.486 37.78 -22.663 2.73628278469
-43.5 37.939 -23.953 2.61895377264
-45.737 36.974 -21.625 2.85287250891
-46.231 36.473 -20.265 2.85287250891
-47.068 35.189 -20.232 2.85287250891
-48.311 35.206 -19.331 2.85287250891
-48.157 35.798 -17.977 2.85287250891
-42.658 38.517 -22.041 3.18494045613
-41.749 39.537 -22.358 3.28331166428
-40.56 39.601 -23.289 3.19656430018
-39.727 38.73 -23.588 3.11200838625
-41.091 39.969 -20.932 3.28331166428
-42.091 41.107 -20.563 3.19656430018
-43.0 40.979 -19.766 3.11200838625
-41.805 42.123 -21.269 3.11200838625
-40.436 40.899 -23.746 2.65003072421
-39.283 41.119 -24.715 2.78912757715
-38.077 41.594 -23.95 2.66677603688
-36.961 41.56 -24.535 2.5427976846
-39.722 41.778 -25.961 2.78912757715
-40.352 43.053 -26.387 2.78912757715
-39.78 44.28 -25.692 2.66677603688
-39.229 44.254 -24.575 2.5427976846
-39.94 45.321 -26.405 2.5427976846
-38.205 41.972 -22.71 2.65003072421
-37.062 42.411 -21.856 2.78912757715
-37.153 41.634 -20.553 2.66677603688
-37.838 41.979 -19.546 2.5427976846
-37.067 43.935 -21.613 2.78912757715
-36.071 44.639 -22.628 2.78912757715
-35.301 45.735 -21.956 2.66677603688
-34.689 45.603 -20.913 2.5427976846
-35.376 46.777 -22.603 2.5427976846
-36.468 40.482 -20.654 2.65003072421
-34.799 38.572 -20.911 2.5427976846
-37.454 37.779 -21.165 2.78912757715
-38.461 36.741 -21.446 2.78912757715
-37.902 35.492 -21.944 2.65003072421
-38.192 34.247 -21.61 2.66677603688
-39.074 33.784 -20.736 2.69295246139
-37.552 33.248 -22.188 2.69295246139
-33.793 36.87 -18.746 3.32971220156
-34.226 35.539 -19.442 3.24546073115
-32.22 38.445 -16.793 3.28197456097
-32.733 38.638 -14.696 3.28197456097
-32.092 39.216 -15.684 3.23418633453
-33.184 34.819 -19.954 2.57572842164
-33.599 33.519 -20.636 2.72232757201
-32.467 33.543 -22.916 2.72232757201
-40.398 31.281 -16.78 2.57789518755
-42.774 30.998 -16.15 2.28148428923
-40.008 27.899 -18.045 2.57789518755
-38.932 30.005 -18.76 2.57789518755
-42.492 33.157 -14.356 2.97245262608
-42.913 32.547 -13.086 2.8655882766
-44.239 32.289 -12.964 2.57572842164
-44.784 31.695 -11.695 2.72232757201
-45.557 30.371 -11.907 2.59344389372
-46.15 30.122 -12.965 2.46178430194
-45.629 32.693 -11.009 2.72232757201
-45.542 35.049 -10.815 2.46178430194
-46.215 28.257 -10.746 2.72232757201
-45.443 26.04 -9.546 2.72232757201
-44.417 26.842 -11.637 2.72232757201
-48.594 28.374 -10.039 2.41269401738
-49.569 28.558 -8.933 2.57789518755
-49.847 27.154 -8.35 2.43285482807
-49.83 26.135 -9.041 2.28148428923
-50.8 29.425 -9.218 2.57789518755
-50.589 29.964 -10.576 2.36497245057
-50.93 30.537 -8.167 2.57789518755
-50.316 26.134 -6.142 2.72232757201
-51.814 25.947 -6.054 2.59344389372
-52.404 26.631 -6.983 2.46178430194
-53.845 24.766 -5.098 3.374854362
-55.089 25.149 -4.298 3.29292659605
-56.118 25.794 -4.663 3.21343256117
-53.3 23.471 -4.151 3.374854362
-52.04 24.234 -3.635 3.29292659605
-52.218 25.359 -3.117 3.21343256117
-50.923 23.702 -3.849 3.21343256117
-55.163 24.717 -3.11 2.7203848681
-55.492 24.428 -1.833 2.85287250891
-54.244 23.586 -1.384 2.73628278469
-53.247 24.298 -1.069 2.61895377264
-56.751 23.788 -1.277 2.85287250891
-57.981 24.739 -1.238 2.85287250891
-58.003 25.534 -2.564 2.85287250891
-59.355 26.08 -3.003 2.85287250891
-59.532 25.964 -4.479 2.85287250891
-54.189 22.296 -1.418 2.41269401738
-52.938 21.659 -0.93 2.57789518755
-52.021 21.137 -1.988 2.43285482807
-52.292 21.266 -3.181 2.28148428923
-53.125 20.58 0.162 2.57789518755
-52.953 21.238 1.534 2.43285482807
-52.292 20.722 2.448 2.28148428923
-53.557 22.451 1.656 2.46421089331
-50.945 20.562 -1.392 2.57572842164
-49.908 19.96 -2.169 2.72232757201
-49.48 20.296 -3.571 2.59344389372
-50.315 20.409 -4.613 2.22402568616
-50.895 22.745 -6.928 2.06703446881
-50.222 19.31 -6.723 2.41516305987
-50.356 18.195 -5.739 2.41516305987
-51.455 19.518 -7.632 2.41516305987
-48.643 22.787 -8.817 2.97245262608
-47.364 23.587 -8.601 2.97245262608
-49.095 22.386 -11.167 2.11633202144
-49.236 21.717 -12.465 2.32485688748
-48.491 22.66 -13.393 2.14243103283
-48.742 23.894 -13.393 1.94074133197
-50.725 21.377 -12.838 2.32485688748
-51.285 20.15 -12.084 2.32485688748
-50.991 21.142 -14.368 2.32485688748
-51.516 20.241 -10.565 2.32485688748
-47.518 22.067 -14.049 2.11633202144
-46.742 22.948 -14.948 2.32485688748
-46.944 22.506 -16.36 2.14243103283
-46.737 21.34 -16.682 1.94074133197
-45.338 23.132 -14.38 2.32485688748
-45.107 22.206 -13.177 2.32485688748
-44.16 23.035 -15.377 2.32485688748
-47.315 23.496 -17.147 3.18494045613
-47.661 23.478 -18.547 3.28331166428
-46.988 24.558 -19.403 3.19656430018
-47.66 25.25 -20.268 3.11200838625
-49.15 23.512 -18.456 3.28331166428
-50.57 23.535 -18.418 3.19656430018
-51.305 22.447 -18.172 3.11200838625
-51.326 24.609 -18.577 3.11200838625
-45.699 24.819 -19.421 2.11633202144
-45.181 25.925 -20.267 2.32485688748
-44.396 25.691 -21.512 2.14243103283
-43.622 24.795 -21.685 1.94074133197
-44.498 26.979 -19.305 2.32485688748
-42.969 26.849 -19.129 2.32485688748
-45.079 26.913 -17.809 2.32485688748
-42.754 27.011 -17.517 2.32485688748
-44.656 26.582 -22.486 2.22402568616
-43.88 26.454 -23.798 2.41516305987
-43.087 27.728 -23.836 2.24769809506
-43.677 28.778 -23.468 2.06703446881
-46.15 25.445 -24.293 2.41516305987
-44.99 26.737 -26.112 2.41516305987
-41.823 27.678 -24.183 3.28197651502
-40.892 28.81 -24.148 3.374854362
-40.041 28.919 -25.407 3.29292659605
-39.289 28.033 -25.876 3.21343256117
-39.998 28.798 -22.863 3.374854362
-39.434 30.118 -22.446 3.29292659605
-39.885 30.738 -21.481 3.21343256117
-40.189 30.144 -25.953 2.7203848681
-39.495 30.495 -27.209 2.85287250891
-38.028 30.702 -27.067 2.73628278469
-37.39 30.637 -28.11 2.61895377264
-40.218 31.711 -27.736 2.85287250891
-41.399 31.934 -26.838 2.85287250891
-41.04 31.218 -25.541 2.85287250891
-36.159 31.206 -25.575 2.41516305987
-35.251 30.146 -25.033 2.24769809506
-33.999 30.422 -25.076 2.06703446881
-36.267 33.66 -24.788 2.24769809506
-34.825 34.126 -24.971 2.41516305987
-37.178 33.741 -26.028 2.41516305987
-34.52 27.072 -25.055 2.8655882766
-35.107 27.212 -26.227 2.75923199067
-33.39 24.98 -25.624 3.18635814682
-32.703 25.474 -26.873 3.18635814682
-31.807 26.533 -26.348 3.0526522229
-29.118 21.174 -25.754 2.46178430194
-32.213 20.771 -24.939 2.72232757201
-34.354 21.764 -25.645 2.72232757201
-30.341 22.365 -27.167 2.57572842164
-29.806 22.6 -28.433 2.72232757201
-28.359 23.017 -28.536 2.59344389372
-27.576 22.508 -29.389 2.46178430194
-30.513 23.851 -29.12 2.72232757201
-31.153 23.293 -30.293 2.53400746709
-26.651 24.465 -27.633 2.72232757201
-26.987 25.927 -27.303 2.59344389372
-28.243 26.011 -27.441 2.46178430194
-26.024 26.692 -26.977 3.18494045613
-26.044 28.1 -26.674 3.28331166428
-26.829 28.613 -25.502 3.19656430018
-26.286 28.85 -24.417 3.11200838625
-26.42 28.922 -27.965 3.28331166428
-26.033 30.388 -28.015 3.28331166428
-24.985 30.99 -28.875 3.19656430018
-24.555 30.625 -29.96 3.11200838625
-24.455 32.098 -28.403 3.11200838625
-28.125 28.789 -25.706 2.49687256947
-29.141 29.272 -24.783 2.65207782941
-30.153 30.123 -25.469 2.65207782941
-30.017 31.309 -26.346 2.51571213812
-30.149 31.243 -27.745 2.57572524911
-29.796 32.604 -25.809 2.57572524911
-30.056 32.376 -28.556 2.57572524911
-29.704 33.735 -26.626 2.57572524911
-29.839 33.647 -27.977 2.51571213812
-29.774 34.798 -28.745 2.45240269655
-28.16 24.69 -24.144 3.54436212661
-28.566 23.424 -23.568 3.43758922265
-29.42 22.764 -20.434 2.22402568616
-26.555 22.194 -19.633 2.06703446881
-28.854 20.302 -20.982 2.41516305987
-28.267 19.005 -20.366 2.41516305987
-30.698 18.666 -21.919 2.41516305987
-27.568 27.309 -17.201 3.54436212661
-26.723 27.287 -18.464 3.46048228099
-27.327 26.836 -20.715 3.48587667591
-38.277 28.107 -6.065 2.43285482807
-37.486 27.671 -5.228 2.28148428923
-39.115 25.094 -6.406 2.57789518755
-41.043 26.634 -6.745 2.57789518755
-38.826 30.328 -5.089 3.0287949135
-40.061 30.472 -4.239 2.92608152912
-41.151 30.158 -4.732 2.8243183199
-36.434 31.915 -5.888 2.86177391959
-37.346 32.178 -7.842 2.97082099925
-35.461 32.001 -6.749 2.97082099925
-35.985 32.187 -7.934 2.91219395265
-39.841 31.043 -3.062 3.46048228099
-41.086 31.299 -2.219 3.54436212661
-40.757 31.484 -0.793 3.54436212661
-40.109 32.829 -0.362 3.54436212661
-40.257 32.947 1.15 3.47033660994
-39.579 33.565 1.896 3.39902103994
-41.25 32.246 1.547 3.39902103994
-42.999 32.671 -2.758 2.91219395265
-43.59 33.888 -3.314 3.0287949135
-42.974 35.218 -2.915 3.0287949135
-41.9 35.135 -1.897 3.0287949135
-41.49 36.531 -1.38 3.0287949135
-40.616 36.063 -0.136 3.0287949135
-41.601 35.992 0.964 3.0287949135
-43.311 35.979 -7.374 2.98417189675
-42.55 36.583 -6.633 2.88653560143
-45.736 36.014 -6.808 3.08311555793
-46.485 35.506 -5.568 3.08311555793
-45.295 35.632 -4.553 3.08311555793
-44.342 37.428 -10.615 3.00350354728
-42.859 39.045 -9.692 3.08160126066
-43.985 40.053 -10.153 3.18635814682
-43.506 40.82 -11.327 3.09401308242
-43.568 41.978 -11.643 3.00350354728
-44.623 40.397 -8.839 3.18635814682
-45.925 39.625 -8.486 3.09401308242
-46.18 39.155 -7.35 3.00350354728
-46.803 39.494 -9.466 3.00350354728
-41.557 41.197 -13.901 2.24769809506
-41.699 41.753 -14.999 2.06703446881
-43.587 39.677 -14.48 2.41516305987
-44.431 38.461 -13.981 2.24769809506
-45.564 38.1 -14.96 2.41516305987
-43.495 37.288 -13.761 2.41516305987
-40.648 41.541 -12.976 2.41269401738
-39.693 42.6 -13.233 2.57789518755
-40.031 44.044 -13.176 2.43285482807
-39.099 44.945 -13.28 2.28148428923
-41.291 44.329 -13.024 2.41269401738
-41.92 45.618 -12.9 2.57789518755
-43.354 45.34 -12.268 2.43285482807
-44.26 44.79 -12.881 2.28148428923
-42.139 46.53 -14.063 2.57789518755
-42.977 47.783 -13.416 2.57789518755
-43.16 48.577 -14.756 2.57789518755
-41.812 48.398 -15.259 2.41269401738
-41.161 48.334 -16.369 2.43285482807
-41.714 48.273 -17.583 2.46421089331
-39.788 48.407 -16.165 2.46421089331
-44.244 45.848 -9.9 2.32485688748
-42.893 46.166 -9.121 2.14243103283
-41.991 45.47 -9.675 1.94074133197
-42.819 47.084 -8.218 2.11633202144
-41.567 47.422 -7.577 2.32485688748
-40.619 48.378 -8.267 2.14243103283
-40.842 49.256 -9.115 1.94074133197
-39.368 48.214 -7.903 2.41269401738
-38.078 48.751 -8.132 2.57789518755
-36.941 47.723 -8.339 2.43285482807
-36.939 46.562 -8.763 2.28148428923
-37.823 49.634 -6.851 2.57789518755
-37.815 48.921 -5.511 2.43285482807
-38.748 48.186 -5.049 2.28148428923
-36.658 49.135 -4.785 2.46421089331
-35.752 48.22 -8.006 2.7203848681
-34.457 47.659 -8.006 2.85287250891
-34.277 46.312 -7.39 2.73628278469
-33.885 46.346 -6.179 2.61895377264
-33.538 48.599 -7.038 2.85287250891
-32.061 48.271 -7.463 2.85287250891
-31.722 48.995 -8.742 2.73628278469
-31.84 48.548 -9.868 2.61895377264
-31.303 50.136 -8.476 2.61895377264
-34.477 45.192 -8.007 2.7203848681
-34.343 43.872 -7.44 2.85287250891
-34.979 43.696 -6.019 2.85287250891
-34.24 42.902 -5.112 2.85287250891
-33.314 41.814 -4.966 2.73628278469
-33.744 40.722 -4.551 2.61895377264
-32.097 42.012 -5.207 2.61895377264
-36.304 43.782 -8.597 3.08160126066
-38.525 44.459 -9.438 3.18635814682
-39.59 44.044 -10.256 3.0526522229
-35.464 44.135 -12.21 2.78912757715
-33.525 43.154 -13.324 2.5427976846
-34.816 45.535 -11.555 2.78912757715
-34.495 46.432 -12.597 2.61066977765
-33.682 45.242 -10.582 2.78912757715
-33.232 41.268 -11.21 3.0287949135
-33.322 39.774 -10.977 2.92608152912
-32.7 38.865 -11.545 2.8243183199
-31.958 42.727 -9.502 3.0287949135
-30.633 42.025 -9.312 3.0287949135
-30.236 42.198 -7.838 3.0287949135
-29.197 41.112 -7.494 3.0287949135
-34.63 38.501 -9.188 2.78912757715
-36.597 37.237 -9.591 2.5427976846
-34.39 39.168 -7.762 2.78912757715
-32.891 39.078 -7.846 2.61066977765
-35.194 38.686 -6.628 2.78912757715
-40.107 40.262 -8.547 3.39902103994
-38.571 39.585 -6.095 2.57789518755
-38.982 38.12 -5.768 2.43285482807
-38.443 37.519 -4.834 2.28148428923
-39.565 40.627 -5.66 2.57789518755
-39.006 41.962 -5.213 2.43285482807
-38.493 42.19 -4.098 2.28148428923
-39.084 42.973 -6.077 2.46421089331
-39.843 37.63 -6.62 2.22402568616
-40.408 36.25 -6.635 2.41516305987
-39.489 35.383 -5.814 2.24769809506
-38.908 34.494 -6.448 2.06703446881
-40.29 35.668 -8.063 2.41516305987
-38.638 35.358 -3.569 2.72232757201
-37.773 34.657 -2.711 2.59344389372
-37.874 35.005 -1.454 2.46178430194
-36.984 33.696 -3.181 2.65003072421
-36.2 32.834 -2.174 2.78912757715
-36.338 31.428 -2.83 2.66677603688
-36.685 32.972 -0.788 2.78912757715
-36.636 31.954 0.164 2.61066977765
-35.441 30.537 -2.465 2.49687256947
-35.716 28.125 -2.068 2.51571213812
-36.031 28.424 -0.877 2.37505611705
-33.845 29.069 -3.468 2.65207782941
-33.329 30.006 -4.518 2.65207782941
-31.887 30.333 -4.43 2.65207782941
-31.152 31.071 -5.342 2.49687256947
-29.983 31.428 -5.762 2.51571213812
-28.711 31.3 -5.459 2.54507232427
-30.021 32.17 -6.905 2.54507232427
-35.781 26.9 -2.491 2.11633202144
-35.932 25.733 -1.718 2.32485688748
-36.363 24.448 -2.326 2.14243103283
-36.126 25.925 -0.215 2.32485688748
-34.75 25.883 0.581 2.14243103283
-34.208 24.493 0.683 2.32485688748
-33.751 26.871 -0.103 2.32485688748
-36.222 24.447 -3.607 2.85110369563
-37.569 22.437 -4.62 2.97245262608
-33.438 21.732 -7.554 1.74
-33.496 20.875 -6.7 1.4
-31.803 23.623 -5.542 1.8
-32.624 20.527 -9.53 3.54436212661
-30.754 20.057 -10.929 2.41269401738
-30.995 18.511 -13.094 2.28148428923
-28.485 19.645 -11.747 2.57789518755
-27.66 20.26 -10.647 2.57789518755
-30.86 17.82 -16.483 2.85110369563
-30.1 16.763 -17.172 2.97245262608
-28.666 15.944 -22.05 2.72232757201
-29.55 13.606 -22.607 2.72232757201
-27.093 15.732 -22.334 2.72232757201
-33.344 12.398 -20.631 2.72232757201
-33.24 12.03 -23.127 2.46178430194
-34.655 13.259 -20.545 2.72232757201
-33.813 10.325 -21.641 2.65003072421
-33.987 9.27 -22.669 2.78912757715
-35.31 9.555 -23.391 2.66677603688
-36.196 9.486 -22.509 2.5427976846
-33.923 7.824 -22.229 2.78912757715
-34.619 6.645 -22.857 2.78912757715
-35.07 5.619 -21.8 2.78912757715
-35.761 4.376 -22.28 2.78912757715
-35.637 3.078 -21.485 2.78912757715
-35.184 9.831 -24.562 2.5427976846
