1.E-8
1050
8.282 34.164 -9.895 2.22402568616
8.957 32.938 -10.383 2.41516305987
9.287 32.065 -9.189 2.24769809506
9.489 32.587 -8.084 2.06703446881
10.219 33.462 -11.034 2.41516305987
9.308 30.787 -9.339 2.57572842164
11.166 29.639 -8.252 2.59344389372
11.783 29.564 -9.36 2.46178430194
8.906 28.574 -8.54 2.72232757201
9.373 27.481 -7.569 2.72232757201
8.753 25.344 -8.555 2.62109821036
11.806 29.516 -7.064 2.85110369563
13.213 29.239 -6.902 2.97245262608
13.968 30.048 -5.797 2.97245262608
13.786 31.399 -6.051 2.81719981417
14.396 27.178 -6.632 2.22402568616
15.738 25.998 -5.078 2.24769809506
16.802 26.331 -5.571 2.06703446881
15.017 24.799 -7.197 2.41516305987
15.296 23.427 -6.619 2.41516305987
13.935 24.8 -8.325 2.41516305987
16.517 26.018 -2.814 3.08311555793
17.621 25.032 -3.127 2.98417189675
17.35 23.922 -3.607 2.88653560143
15.853 25.774 -1.427 3.08311555793
14.427 26.128 -1.744 3.08311555793
18.887 25.446 -2.792 2.41269401738
19.964 24.574 -3.125 2.57789518755
20.288 22.22 -3.211 2.28148428923
21.308 25.146 -2.621 2.57789518755
21.295 26.099 -0.239 2.49686919338
21.681 25.672 0.995 2.41269401738
22.295 24.443 0.904 2.43285482807
22.821 22.805 -0.802 2.49686919338
19.366 23.025 -1.339 2.85110369563
19.227 21.743 -0.733 2.97245262608
17.269 21.353 -2.067 2.57572842164
14.356 22.086 -1.993 2.72232757201
13.948 21.054 -0.965 2.72232757201
18.578 20.265 -5.847 2.78912757715
19.617 19.253 -5.412 2.66677603688
19.818 18.244 -6.027 2.5427976846
19.425 21.329 -6.598 2.78912757715
18.406 22.171 -7.12 2.61066977765
20.259 19.608 -4.191 2.57572842164
21.297 18.718 -3.694 2.72232757201
21.554 16.327 -3.671 2.46178430194
21.936 19.393 -2.434 2.72232757201
24.297 18.534 -3.144 2.72232757201
24.602 19.914 -3.467 2.57572842164
25.559 20.626 -2.882 2.59344389372
26.422 20.271 -1.927 2.62109821036
25.652 21.88 -3.29 2.62109821036
19.082 15.825 -2.593 2.97245262608
18.485 15.214 -3.91 2.8655882766
18.077 15.52 -6.294 2.72232757201
18.902 14.257 -6.653 2.72232757201
20.323 14.645 -6.988 2.72232757201
21.049 13.491 -7.619 2.59344389372
21.797 12.718 -6.974 2.46178430194
20.748 13.378 -8.921 2.62109821036
13.77 17.393 -9.197 2.97245262608
13.936 16.153 -10.051 2.8655882766
12.983 16.008 -10.902 2.75923199067
14.475 18.636 -9.709 2.97245262608
14.884 19.306 -8.347 2.97245262608
15.26 18.151 -7.41 2.97245262608
14.937 15.31 -9.935 2.41269401738
15.001 14.116 -10.764 2.57789518755
13.334 12.479 -11.365 2.28148428923
16.275 13.323 -10.562 2.57789518755
9.55 14.754 -11.337 3.24546073115
8.435 14.616 -11.903 3.16353339883
9.813 16.49 -9.639 3.32971220156
10.016 16.818 -8.121 3.24546073115
10.316 18.127 -7.824 3.19350007837
10.719 14.779 -11.971 2.41269401738
10.758 14.579 -13.453 2.57789518755
10.224 13.207 -13.76 2.43285482807
9.566 13.025 -14.852 2.28148428923
12.189 14.826 -13.882 2.57789518755
12.301 14.729 -15.434 2.43285482807
12.913 13.736 -15.866 2.28148428923
11.654 15.701 -15.999 2.46421089331
10.353 12.151 -13.022 2.49687256947
9.826 10.825 -13.226 2.65207782941
8.321 10.702 -12.785 2.51571213812
7.754 9.57 -12.909 2.37505611705
10.488 9.752 -12.37 2.65207782941
11.965 9.685 -12.548 2.65207782941
12.487 8.587 -11.592 2.65207782941
13.902 8.434 -11.923 2.49687256947
14.948 8.344 -11.143 2.51571213812
16.127 8.138 -11.726 2.54507232427
7.801 11.764 -12.251 2.41269401738
6.396 11.69 -11.827 2.57789518755
6.116 11.407 -10.379 2.43285482807
4.959 11.126 -10.057 2.28148428923
8.192 8.965 -8.363 2.59344389372
9.53 8.276 -8.201 2.72232757201
7.064 8.104 -7.797 2.72232757201
6.007 12.853 -6.677 2.85110369563
4.983 15.049 -6.719 2.97245262608
3.734 14.342 -6.771 2.81719981417
5.487 15.395 -8.107 2.97245262608
1.053 12.278 -3.908 2.78912757715
0.625 11.05 -3.087 2.66677603688
1.162 9.937 -3.203 2.5427976846
0.608 11.963 -5.385 2.78912757715
-0.362 12.949 -5.639 2.61066977765
-0.381 11.353 -2.241 2.41269401738
-0.974 10.346 -1.369 2.57789518755
-0.176 9.977 -0.103 2.43285482807
-0.608 8.966 0.477 2.28148428923
1.583 10.253 1.354 2.72232757201
3.88 9.769 2.232 2.72232757201
3.319 9.215 -0.174 2.72232757201
-2.792 9.979 4.901 3.8417693982
-4.028 10.379 3.989 3.8417693982
-4.69 11.481 4.776 3.8417693982
5.455 24.782 16.232 2.97245262608
3.611 26.255 15.832 2.75923199067
6.365 26.006 16.227 2.97245262608
7.742 25.764 16.889 2.97245262608
0.068 26.279 9.981 2.75923199067
2.064 24.251 9.192 2.97245262608
0.819 28.744 9.016 3.18635814682
1.527 30.101 9.164 3.18635814682
1.491 30.403 10.592 3.0526522229
-0.903 28.966 7.351 2.41269401738
-1.38 28.948 5.917 2.57789518755
-0.422 29.921 5.216 2.43285482807
0.01 30.958 5.668 2.28148428923
-2.858 29.327 5.68 2.57789518755
-3.072 30.627 6.19 2.36497245057
-3.763 28.369 6.452 2.57789518755
-0.173 29.571 3.948 2.91219395265
0.78 30.331 3.134 3.0287949135
0.431 29.959 1.642 2.92608152912
0.005 28.842 1.37 2.8243183199
2.171 29.722 3.539 3.0287949135
4.319 31.166 3.558 2.97082099925
4.761 31.091 1.389 2.97082099925
0.713 30.97 0.832 2.7203848681
0.441 30.751 -0.628 2.85287250891
1.172 29.576 -1.22 2.73628278469
0.691 28.972 -2.197 2.61895377264
0.892 32.036 -1.314 2.85287250891
1.621 32.767 -0.3 2.85287250891
1.256 32.299 1.103 2.85287250891
1.751 25.419 1.064 2.41516305987
0.28 25.012 0.967 2.24769809506
-0.596 25.878 0.818 2.06703446881
2.074 25.582 2.61 2.41516305987
4.378 24.64 2.647 2.41516305987
0.081 23.72 1.056 2.41269401738
-1.222 23.096 1.137 2.57789518755
-0.55 21.309 2.542 2.28148428923
-1.536 22.232 -0.071 2.57789518755
-2.97 21.726 0.043 2.43285482807
-3.886 22.465 0.433 2.28148428923
-3.25 20.436 -0.257 2.46421089331
-2.061 22.808 3.442 2.11633202144
-3.357 21.253 4.794 2.14243103283
-4.432 21.853 4.619 1.94074133197
-1.93 23.02 5.91 2.32485688748
-0.666 23.887 5.749 2.32485688748
-1.996 22.2 7.198 2.32485688748
-0.65 25.293 6.32 2.32485688748
-4.421 19.101 4.996 2.72232757201
-5.164 18.965 6.297 2.59344389372
-6.33 18.624 6.308 2.46178430194
-3.576 17.835 3.04 2.72232757201
-3.858 16.383 2.66 2.72232757201
-5.199 16.354 2.078 2.57572842164
-6.281 16.259 2.814 2.59344389372
-6.179 16.183 4.139 2.62109821036
-7.481 16.257 2.275 2.62109821036
-4.473 19.284 7.419 2.11633202144
-5.172 19.161 8.701 2.32485688748
-4.09 19.215 9.81 2.14243103283
-3.038 19.755 9.596 1.94074133197
-4.518 18.616 10.909 2.11633202144
-3.61 18.59 12.083 2.32485688748
-4.393 18.755 13.399 2.14243103283
-5.626 18.786 13.441 1.94074133197
-4.185 19.058 15.795 2.97245262608
-4.333 17.611 16.316 2.97245262608
-3.493 20.383 17.711 2.65003072421
-2.535 20.316 20.003 2.66677603688
-3.598 19.998 20.539 2.5427976846
-2.864 22.487 18.752 2.78912757715
-2.028 22.936 19.807 2.61066977765
-1.228 19.409 21.833 2.0
-0.468 20.392 22.705 1.74
0.192 19.965 23.724 1.4
-0.483 18.088 21.753 2.0
-2.428 16.502 21.412 1.86
-3.219 15.633 20.641 1.86
-2.871 15.474 19.278 1.86
-0.471 21.686 22.406 2.22402568616
0.224 22.729 23.148 2.41516305987
-0.847 23.502 23.935 2.24769809506
-1.757 24.112 23.433 2.06703446881
1.578 24.883 23.154 2.41516305987
2.173 22.986 21.665 2.41516305987
-0.671 23.416 25.282 2.7203848681
-1.658 24.081 26.149 2.85287250891
-1.607 25.57 25.891 2.73628278469
-0.503 26.166 25.784 2.61895377264
-1.386 23.611 27.585 2.85287250891
-0.179 22.681 27.501 2.85287250891
0.339 22.674 26.041 2.85287250891
-2.769 26.212 25.73 2.41269401738
-2.714 27.676 25.501 2.57789518755
-2.506 28.076 24.048 2.43285482807
-2.554 29.27 23.707 2.28148428923
-2.335 27.062 23.171 3.32841402621
-2.14 27.334 21.714 3.41882014206
-2.977 26.295 21.021 3.33906215107
-0.665 27.111 21.36 3.41882014206
0.202 28.244 21.873 3.41882014206
1.482 28.341 21.045 3.33906215107
1.348 28.18 19.764 3.26182836231
2.493 28.595 21.746 3.26182836231
-4.296 26.491 21.012 2.7203848681
-5.246 25.542 20.44 2.85287250891
-5.313 25.328 18.906 2.73628278469
-5.775 24.276 18.404 2.61895377264
-6.613 26.052 21.006 2.85287250891
-6.381 27.542 21.044 2.85287250891
-4.95 27.71 21.568 2.85287250891
-4.88 26.398 18.226 2.85110369563
-4.867 26.329 16.746 2.97245262608
-5.012 27.706 16.148 2.97245262608
-3.806 28.306 15.904 2.81719981417
-3.592 25.291 15.018 2.65003072421
-1.634 25.697 13.637 2.66677603688
-2.697 23.533 13.434 2.78912757715
-3.545 24.168 12.459 2.61066977765
-3.42 22.382 14.089 2.78912757715
-1.969 26.998 13.659 2.32219197539
-1.201 28.119 13.151 2.49917816808
0.147 28.296 13.927 2.34393302806
0.224 27.909 15.093 2.17953443166
-1.982 29.419 13.226 2.49917816808
-1.236 30.496 12.48 2.49917816808
-1.915 31.862 12.534 2.34393302806
-1.655 32.626 11.567 2.17953443166
-2.739 32.078 13.58 2.37766287277
2.845 30.114 14.178 4.86077531025
2.867 31.129 13.512 4.82490210107
3.101 30.171 15.534 2.41269401738
3.425 31.503 16.112 2.57789518755
4.91 31.797 16.139 2.43285482807
5.25 32.899 16.597 2.28148428923
5.692 30.799 15.665 2.41269401738
7.145 30.961 15.715 2.57789518755
7.692 31.137 14.28 2.43285482807
8.227 32.149 13.903 2.28148428923
7.643 29.644 16.357 2.57789518755
9.181 29.629 16.376 2.43285482807
9.825 29.548 15.296 2.28148428923
9.771 29.832 17.543 2.46421089331
7.952 30.264 12.014 2.72232757201
8.66 28.962 11.733 2.59344389372
8.711 28.493 10.58 2.46178430194
9.169 28.294 12.781 2.85110369563
9.934 27.089 12.599 2.97245262608
10.429 26.622 14.032 2.97245262608
11.384 25.451 14.051 2.8655882766
10.997 24.133 14.202 2.79843848817
12.756 25.36 13.999 2.91219147086
12.0 23.293 14.18 2.91219147086
13.091 24.056 14.062 2.85110369563
5.28 28.58 7.304 4.32767651728
10.878 27.301 8.177 5.36131750116
9.134 23.374 2.549 2.8655882766
9.246 23.127 1.339 2.75923199067
11.174 22.009 2.807 2.97245262608
12.32 21.816 3.865 2.97245262608
12.841 23.102 4.059 2.81719981417
13.343 20.852 3.344 2.97245262608
4.647 21.655 -0.411 2.46178430194
5.033 19.408 1.115 2.72232757201
7.385 24.83 -0.715 2.72232757201
4.102 23.672 -3.831 2.57789518755
2.798 24.444 -3.834 2.57789518755
0.588 25.003 -2.875 2.57789518755
1.36 22.594 -2.813 2.57789518755
4.749 23.109 -6.042 2.11633202144
4.526 24.163 -8.172 2.14243103283
3.5 23.663 -8.702 1.94074133197
5.598 21.896 -7.972 2.32485688748
6.453 22.013 -9.226 2.14243103283
6.549 20.999 -9.945 1.94074133197
7.089 23.099 -9.51 2.18262886222
3.907 26.314 -9.03 2.32485688748
4.76 27.439 -9.538 2.14243103283
5.917 27.18 -9.838 1.94074133197
2.813 26.763 -8.04 2.32485688748
3.349 27.273 -6.665 2.14243103283
2.502 27.404 -5.745 1.94074133197
4.292 28.663 -9.589 2.65003072421
5.252 29.674 -10.119 2.78912757715
6.045 31.88 -9.393 2.5427976846
4.642 30.23 -11.486 2.78912757715
3.686 31.106 -10.928 2.61066977765
6.021 31.303 -6.809 2.41516305987
4.817 31.809 -5.999 2.41516305987
4.001 30.648 -5.463 2.41516305987
3.986 32.704 -6.881 2.41516305987
3.127 31.087 -4.316 2.41516305987
7.441 31.35 -4.947 2.41269401738
8.171 30.771 -3.813 2.57789518755
9.246 29.788 -4.002 2.43285482807
10.199 30.016 -4.768 2.28148428923
10.934 27.481 -1.928 2.72232757201
11.762 28.749 -1.657 2.72232757201
9.878 27.254 -0.845 2.72232757201
10.12 22.878 -2.971 2.43285482807
11.302 22.872 -2.639 2.28148428923
8.889 21.948 -6.34 2.57789518755
11.207 21.912 -7.096 2.57789518755
9.519 21.056 -1.527 3.54436212661
3.988 18.597 -3.378 3.19656430018
3.185 19.509 -3.127 3.11200838625
5.882 19.831 -4.613 3.28331166428
6.588 18.727 -5.405 3.28331166428
2.297 16.889 -3.433 2.78912757715
1.989 16.082 -2.162 2.66677603688
0.942 15.459 -2.083 2.5427976846
1.927 15.921 -4.61 2.78912757715
1.914 16.766 -5.756 2.61066977765
2.935 16.001 -1.198 2.57572842164
1.535 15.979 0.795 2.59344389372
1.293 17.186 0.664 2.46178430194
-0.29 15.819 2.365 3.87583860819
-2.052 14.324 1.147 3.87583860819
-2.865 13.157 1.719 3.81424376621
-2.392 11.992 1.804 3.75551382604
-3.949 13.317 2.283 3.75551382604
0.376 17.404 4.056 2.41269401738
1.365 19.373 5.099 2.57789518755
2.69 19.55 4.35 2.43285482807
3.026 21.046 4.269 2.57789518755
-3.454 15.853 8.72 3.23418432231
-4.424 15.283 7.909 3.23418432231
-4.066 14.638 6.739 3.19656430018
-5.065 14.084 5.957 3.15786376808
-0.229 21.79 11.238 3.54436212661
0.725 24.823 18.362 3.8417693982
0.458 25.699 17.152 3.8417693982
-0.056 27.043 17.61 3.8417693982
5.172 20.542 21.678 3.39902103994
6.063 22.91 20.358 2.57789518755
4.625 24.564 19.478 2.28148428923
9.363 22.411 18.298 2.57789518755
8.583 21.084 20.388 2.57789518755
5.469 24.982 21.543 2.57572842164
4.869 26.284 21.688 2.72232757201
5.596 27.243 20.745 2.59344389372
5.066 28.439 20.698 2.22402568616
5.611 29.505 19.88 2.41516305987
7.042 29.804 20.333 2.24769809506
7.917 30.255 19.585 2.06703446881
4.812 30.798 20.01 2.41516305987
7.372 29.581 21.649 2.57572842164
8.726 29.81 22.105 2.72232757201
9.653 28.796 21.444 2.59344389372
10.868 29.001 21.618 2.46178430194
8.927 29.558 23.638 2.72232757201
8.601 28.191 23.896 2.53400746709
10.09 26.797 20.16 2.72232757201
10.346 25.589 21.032 2.59344389372
11.064 24.669 20.651 2.46178430194
9.771 25.548 22.217 2.57572842164
10.056 24.322 23.013 2.72232757201
8.716 23.727 23.387 2.59344389372
7.679 24.389 23.335 2.46178430194
10.884 24.666 24.244 2.72232757201
10.057 25.323 25.208 2.53400746709
8.832 22.448 23.753 2.41269401738
7.596 21.772 24.173 2.57789518755
7.894 20.64 25.133 2.43285482807
9.041 20.183 25.317 2.28148428923
6.817 20.176 25.731 2.65003072421
7.059 19.098 26.734 2.78912757715
7.056 17.754 26.091 2.66677603688
5.9 19.161 27.74 2.78912757715
4.661 18.857 27.084 2.61066977765
7.631 16.788 26.828 2.22402568616
7.64 15.405 26.389 2.41516305987
8.332 14.489 27.429 2.41516305987
7.861 13.061 27.529 2.41516305987
9.807 14.639 27.022 2.41516305987
5.29 15.403 27.065 2.32219197539
3.905 15.045 26.962 2.49917816808
2.599 14.724 25.046 2.17953443166
3.104 15.916 27.995 2.49917816808
3.531 15.18 29.125 2.27055054127
3.575 16.767 25.305 2.32219197539
3.018 17.278 24.026 2.49917816808
3.463 18.723 23.805 2.49917816808
2.567 19.467 24.618 2.27055054127
7.708 14.561 20.896 2.97245262608
8.907 17.098 22.391 2.97245262608
2.842 12.054 22.442 2.8655882766
4.319 11.453 24.339 2.97245262608
2.037 13.032 22.767 2.41269401738
0.636 13.032 22.315 2.57789518755
-0.258 12.657 20.144 2.28148428923
-0.084 14.142 23.033 2.57789518755
-0.455 13.588 24.463 2.57789518755
-1.088 14.805 25.147 2.43285482807
-1.91 15.581 24.665 2.28148428923
-0.652 15.058 26.399 2.46421089331
-0.849 9.444 18.172 3.63125461652
-0.314 8.975 20.642 3.69904372689
0.726 8.482 21.645 3.69904372689
1.021 6.985 21.651 3.63125461652
0.313 6.209 20.944 3.56629383662
1.966 6.578 22.428 3.56629383662
-1.021 10.732 18.075 2.41269401738
-1.993 11.184 17.073 2.57789518755
-2.063 12.702 17.143 2.57789518755
-4.357 13.628 16.594 2.49686919338
-5.07 14.189 15.507 2.41269401738
-4.516 14.718 13.115 2.49686919338
-3.48 14.612 12.222 2.49686919338
-0.419 8.586 12.758 3.39902103994
0.075 6.695 14.679 2.97245262608
-1.838 5.522 13.876 2.75923199067
-3.678 6.84 15.295 2.32485688748
-4.412 7.264 13.998 2.14243103283
-5.458 6.678 13.661 1.94074133197
-4.309 7.808 16.354 2.32485688748
-4.753 6.996 17.549 2.14243103283
-4.295 7.381 18.637 1.94074133197
-5.588 6.034 17.091 2.18262886222
-4.556 8.895 12.274 2.32485688748
-3.947 8.595 10.923 2.14243103283
-4.135 9.366 9.966 1.94074133197
-4.705 10.409 12.52 2.32485688748
-5.673 10.593 13.718 2.14243103283
-6.86 10.306 13.531 1.94074133197
-5.097 10.916 14.862 2.18262886222
-3.275 7.46 10.862 2.41269401738
-2.696 6.933 9.623 2.57789518755
-1.596 7.705 8.921 2.43285482807
-1.452 7.632 7.65 2.28148428923
-0.821 8.481 9.641 2.57572842164
1.597 7.144 9.093 2.46178430194
-2.324 11.875 9.121 2.72232757201
3.077 7.693 6.955 3.18635814682
5.322 7.198 7.585 3.00350354728
3.189 7.74 5.381 3.18635814682
1.341 5.983 4.948 3.13412054803
0.114 7.276 3.679 3.13412054803
0.172 6.054 4.241 3.08160126066
6.821 9.554 5.598 3.54436212661
12.857 19.431 15.25 3.47033660994
12.584 20.593 15.479 3.39902103994
13.216 18.516 16.171 2.22402568616
13.327 18.895 17.59 2.41516305987
14.19 17.861 18.344 2.24769809506
14.428 16.727 17.862 2.06703446881
11.872 18.984 18.173 2.41516305987
11.343 16.647 19.115 2.41516305987
14.636 18.306 19.57 2.41269401738
15.415 17.294 20.279 2.57789518755
15.961 17.955 21.562 2.43285482807
15.967 19.19 21.632 2.28148428923
16.371 17.029 22.416 2.85110369563
16.956 17.422 23.709 2.97245262608
16.027 17.487 24.913 2.97245262608
15.143 16.414 25.06 2.81719981417
18.975 16.803 24.826 2.7203848681
20.088 16.022 25.364 2.85287250891
19.596 14.952 26.356 2.73628278469
20.211 13.891 26.538 2.61895377264
21.038 17.032 26.068 2.85287250891
20.209 18.302 26.145 2.85287250891
18.978 18.23 25.269 2.85287250891
18.406 15.28 26.907 2.65003072421
17.722 14.417 27.853 2.78912757715
15.819 13.405 26.682 2.5427976846
16.757 15.305 28.709 2.78912757715
16.54 16.584 28.094 2.61066977765
15.099 11.07 28.232 2.98417189675
14.922 11.806 29.225 2.88653560143
17.132 9.658 28.308 3.08311555793
18.364 10.267 28.848 3.08311555793
18.393 11.777 28.694 3.08311555793
14.104 10.35 27.662 2.65003072421
12.755 10.344 28.201 2.78912757715
12.122 9.004 27.865 2.66677603688
11.827 11.461 27.68 2.78912757715
10.555 11.11 28.214 2.61066977765
11.743 8.161 28.812 2.22402568616
11.156 6.872 28.473 2.41516305987
9.75 7.029 27.848 2.24769809506
9.169 6.238 27.105 2.06703446881
11.12 5.981 29.741 2.41516305987
9.102 8.13 28.212 2.57572842164
7.775 8.36 27.714 2.72232757201
6.971 8.232 25.443 2.46178430194
7.187 9.634 28.386 2.72232757201
6.888 9.301 29.756 2.53400746709
5.874 9.954 27.621 2.72232757201
9.167 12.234 22.848 2.97245262608
11.577 12.538 23.616 2.97245262608
10.756 6.316 23.645 3.54436212661
9.291 4.913 22.3 3.39902103994
11.688 5.447 24.433 3.54436212661
11.982 4.162 23.726 3.54436212661
13.155 3.312 24.193 3.47033660994
13.547 3.594 25.355 3.39902103994
13.704 2.432 23.504 3.39902103994
7.394 4.638 24.243 2.57789518755
6.523 5.219 23.104 2.43285482807
6.004 4.357 22.394 2.28148428923
6.637 4.661 25.582 2.57789518755
7.162 3.629 26.579 2.57789518755
6.745 3.946 28.024 2.43285482807
5.686 4.507 28.323 2.28148428923
7.62 3.554 28.972 2.46421089331
6.455 6.538 23.01 2.57572842164
5.631 7.115 21.904 2.72232757201
5.529 8.603 22.148 2.72232757201
9.837 6.931 19.309 2.97245262608
10.65 6.317 18.163 2.97245262608
7.923 2.947 19.499 2.57789518755
6.51 2.609 19.047 2.43285482807
6.279 1.771 18.149 2.28148428923
8.235 1.977 20.623 2.57789518755
9.722 2.056 20.866 2.43285482807
10.438 2.52 20.046 2.28148428923
10.072 1.591 22.08 2.46421089331
5.546 3.232 19.687 2.85110369563
4.157 3.006 19.396 2.97245262608
3.446 3.791 20.51 2.97245262608
2.065 3.818 20.228 2.81719981417
5.722 1.124 13.293 2.75923199067
8.018 2.596 15.092 2.97245262608
8.648 3.873 15.149 2.81719981417
8.781 1.662 14.165 2.97245262608
5.243 1.145 15.529 2.57572842164
4.512 -0.126 15.441 2.72232757201
3.219 0.13 14.632 2.59344389372
2.74 -0.83 14.05 2.46178430194
4.358 -0.715 16.864 2.72232757201
3.335 0.094 17.473 2.53400746709
1.593 1.73 13.792 2.72232757201
1.952 2.08 12.345 2.59344389372
1.102 2.609 11.62 2.46178430194
0.867 2.881 14.55 2.72232757201
0.044 2.132 15.637 2.72232757201
-0.193 2.752 16.927 2.72232757201
-0.743 3.987 17.358 2.57572842164
-0.345 5.204 17.763 2.59344389372
-1.334 6.041 18.123 2.62109821036
3.168 1.86 11.875 2.41269401738
3.559 2.116 10.492 2.57789518755
4.074 3.496 10.156 2.43285482807
4.359 3.849 8.989 2.28148428923
6.86 4.986 11.742 2.75923199067
2.854 6.637 12.23 2.97245262608
6.922 6.27 9.908 2.22402568616
8.385 6.341 9.904 2.41516305987
8.967 6.422 8.479 2.41516305987
11.225 5.51 8.774 2.41516305987
10.802 6.909 6.88 2.41516305987
9.318 7.57 11.763 2.57572842164
11.971 8.415 12.196 2.46178430194
9.656 8.422 14.099 2.72232757201
17.671 15.06 16.089 2.75923199067
16.648 17.351 14.188 2.97245262608
20.347 17.122 16.282 2.85110369563
20.623 18.159 17.28 2.97245262608
21.712 20.294 17.44 2.41269401738
22.687 21.293 17.022 2.57789518755
23.853 21.645 18.033 2.43285482807
24.334 22.769 17.833 2.28148428923
21.952 22.584 16.647 2.57789518755
20.844 22.307 15.535 2.43285482807
19.752 22.927 15.892 2.46421089331
24.141 20.642 18.845 2.57572842164
25.209 20.942 19.856 2.72232757201
26.586 20.728 19.257 2.59344389372
27.494 21.203 19.984 2.46178430194
25.066 20.044 21.091 2.72232757201
25.662 18.799 20.772 2.53400746709
28.178 19.963 17.61 2.72232757201
28.825 18.76 18.169 2.59344389372
29.872 18.289 17.72 2.46178430194
28.151 18.057 19.169 2.57572842164
28.731 16.916 19.842 2.72232757201
28.0 16.638 21.173 2.72232757201
29.57 14.651 19.417 2.41269401738
29.72 13.356 18.887 2.57789518755
28.767 12.336 19.493 2.43285482807
29.027 11.116 19.545 2.28148428923
27.563 12.841 19.888 2.57572842164
26.491 11.923 20.273 2.72232757201
25.228 12.657 19.778 2.59344389372
25.183 13.866 19.661 2.46178430194
26.437 11.518 21.753 2.72232757201
26.348 12.724 22.493 2.53400746709
24.139 11.904 19.625 2.22402568616
21.744 12.762 20.087 2.24769809506
21.726 12.003 21.11 2.06703446881
22.367 11.189 18.149 2.41516305987
21.104 10.486 17.802 2.41516305987
23.865 11.153 16.161 2.41516305987
20.956 13.783 19.894 2.85110369563
19.878 14.145 20.771 2.97245262608
19.171 15.381 20.115 2.97245262608
20.055 16.312 20.644 2.81719981417
15.535 13.277 21.3 2.73628278469
15.454 14.504 21.455 2.61895377264
16.226 12.186 23.38 2.85287250891
18.431 11.844 24.505 2.78727419845
19.406 10.98 24.978 2.78727419845
18.103 9.016 24.282 2.78727419845
20.184 8.801 25.371 2.68307619189
12.558 12.504 19.509 3.97461189274
13.512 13.525 20.075 3.97461189274
17.87 8.693 17.12 3.39902103994
18.914 8.635 19.609 2.72232757201
18.144 7.337 19.805 2.59344389372
18.765 6.232 19.835 2.46178430194
20.246 8.18 21.603 2.72232757201
21.636 8.081 20.936 2.72232757201
22.337 8.226 22.203 2.57572842164
22.612 9.115 23.135 2.59344389372
22.399 10.411 23.364 2.62109821036
23.295 8.468 24.152 2.62109821036
16.103 6.066 20.061 2.78912757715
16.179 5.225 18.808 2.66677603688
16.02 5.865 17.756 2.5427976846
14.628 6.283 20.491 2.78912757715
15.352 6.187 22.942 2.72038202399
15.384 6.685 24.22 2.72038202399
13.982 8.51 23.546 2.72038202399
14.803 8.317 25.853 2.61066977765
16.305 3.944 18.776 2.22402568616
16.475 3.092 17.61 2.41516305987
15.405 3.319 16.533 2.24769809506
15.768 3.38 15.369 2.06703446881
16.472 1.616 18.049 2.41516305987
14.132 3.448 16.968 2.41269401738
13.044 3.586 16.038 2.57789518755
11.868 5.13 14.666 2.28148428923
11.724 3.051 16.602 2.57789518755
11.712 1.569 16.678 2.43285482807
11.233 1.058 17.754 2.28148428923
12.283 0.865 15.755 2.46421089331
15.91 6.895 14.428 3.39902103994
14.503 7.729 12.958 2.85110369563
14.996 7.795 10.55 2.97245262608
19.422 9.834 13.937 3.54436212661
27.539 23.29 4.833 4.32767651728
28.959 22.805 4.457 4.27849626329
29.885 23.401 5.109 4.23203245328
26.726 23.462 2.062 2.41269401738
27.958 22.735 0.016 2.43285482807
28.048 22.363 -1.162 2.28148428923
26.718 24.953 0.213 2.57789518755
25.286 25.475 0.368 2.57789518755
25.007 26.946 0.634 2.43285482807
24.42 27.672 -0.2 2.28148428923
25.409 27.491 1.812 2.46421089331
29.02 22.421 0.821 1.99639670258
30.15 21.671 0.283 2.22693058289
30.016 20.201 0.612 2.02565795104
31.046 19.519 0.446 1.79544509739
31.492 22.01 0.954 2.22693058289
31.834 23.457 0.645 2.02565795104
31.862 24.203 1.644 1.79544509739
32.016 23.695 -0.639 2.07047405937
29.572 18.036 2.766 2.02565795104
29.871 16.856 2.943 1.79544509739
28.82 17.445 0.363 2.22693058289
27.655 17.478 -0.658 2.02565795104
27.803 16.645 -1.713 2.07047405937
30.585 18.81 4.828 2.22693058289
29.505 18.801 5.924 2.02565795104
28.453 19.396 5.851 1.79544509739
31.673 19.87 5.07 2.22693058289
32.645 19.732 3.848 2.02565795104
32.737 18.664 3.199 1.79544509739
33.213 20.867 3.599 2.07047405937
29.814 18.08 7.004 2.65003072421
28.877 19.467 8.682 2.66677603688
29.902 20.183 8.83 2.5427976846
29.442 17.065 9.203 2.78912757715
30.475 16.788 12.125 2.65003072421
30.578 17.698 13.087 2.66677603688
29.561 18.202 13.738 2.69295246139
31.856 18.073 13.351 2.69295246139
27.722 21.469 9.471 2.72232757201
28.42 21.31 10.889 2.59344389372
26.313 22.071 9.588 2.72232757201
29.107 22.365 11.268 2.57572842164
29.819 22.225 12.591 2.72232757201
28.927 21.988 13.822 2.59344389372
29.302 21.22 14.708 2.46178430194
30.737 23.422 12.659 2.72232757201
29.969 24.542 13.027 2.53400746709
27.712 22.482 13.756 1.7
26.713 22.306 14.768 2.0
25.674 23.431 14.717 2.0
24.87 23.432 13.413 1.74
23.984 22.417 13.154 1.86
25.061 24.493 12.532 1.86
23.287 22.429 11.953 1.86
24.35 24.481 11.309 1.86
23.45 23.452 11.051 1.86
23.502 16.157 20.038 3.39902103994
22.884 18.21 19.516 3.48587667591
30.29 12.682 15.023 3.02722347308
30.586 15.444 15.688 3.02722347308
31.478 13.09 15.685 3.02722347308
31.56 14.451 15.953 2.98417189675
32.697 14.942 16.618 2.93964069245
27.923 9.565 16.505 2.72232757201
27.013 8.389 16.365 2.59344389372
26.269 8.229 15.38 2.46178430194
26.996 7.56 17.385 2.22402568616
26.174 6.353 17.41 2.41516305987
24.699 6.683 17.185 2.24769809506
24.178 7.602 17.801 2.06703446881
26.362 5.533 18.699 2.41516305987
24.087 5.948 16.241 2.41269401738
22.702 6.118 15.881 2.57789518755
22.406 7.049 14.695 2.43285482807
21.213 7.127 14.247 2.28148428923
23.438 7.801 14.236 2.41269401738
22.86 7.922 11.814 2.43285482807
23.623 7.006 11.475 2.28148428923
24.358 9.676 12.893 2.57789518755
21.382 7.397 9.957 3.69904372689
22.226 7.251 7.769 3.56629383662
19.353 6.218 10.983 3.63125461652
19.773 5.062 10.938 3.56629383662
18.548 6.635 11.821 3.56629383662
20.623 20.616 2.346 4.89901657786
24.934 26.472 5.895 2.97245262608
24.767 24.343 7.156 2.97245262608
21.25 28.497 4.51 2.72232757201
20.062 28.025 2.459 2.46178430194
22.381 28.883 3.526 2.72232757201
23.352 29.833 4.236 2.59344389372
24.551 29.766 3.855 2.46178430194
22.894 30.62 5.229 2.62109821036
18.018 26.621 3.708 2.72232757201
16.318 24.772 3.997 2.72232757201
18.824 24.355 4.341 2.72232757201
16.5 28.016 2.434 2.41269401738
13.985 27.064 1.499 2.28148428923
15.619 29.8 0.998 2.57789518755
14.587 30.918 0.918 2.57789518755
15.015 31.846 -0.222 2.43285482807
15.003 31.287 -1.337 2.28148428923
15.326 33.079 0.164 2.46421089331
11.769 27.908 2.874 3.18635814682
11.884 26.618 3.729 3.18635814682
10.656 25.95 3.664 3.0526522229
9.116 32.445 6.746 2.85287250891
10.007 32.068 9.019 2.78727419845
8.921 34.179 8.565 2.78727419845
10.258 32.504 10.366 2.78727419845
9.1 34.611 9.894 2.78727419845
9.789 33.723 10.741 2.73628278469
9.972 34.222 12.016 2.68307619189
4.691 33.001 8.209 3.08311555793
4.76 34.422 7.652 2.98417189675
5.759 35.165 7.556 2.88653560143
4.484 33.041 9.753 3.08311555793
5.284 31.806 10.176 3.08311555793
3.567 34.919 7.255 2.41269401738
3.415 36.257 6.636 2.57789518755
3.576 36.182 5.089 2.43285482807
4.035 37.142 4.436 2.28148428923
3.328 34.998 4.566 2.57572842164
3.441 34.736 3.125 2.72232757201
4.775 35.16 2.548 2.59344389372
4.951 35.791 1.518 2.46178430194
2.398 35.486 2.239 2.72232757201
1.112 34.981 2.597 2.53400746709
7.215 35.126 3.049 2.97245262608
7.727 36.335 3.889 2.97245262608
8.837 36.799 3.051 2.81719981417
7.98 35.928 5.311 2.97245262608
9.372 34.156 2.894 2.49687256947
10.408 33.125 2.844 2.65207782941
11.611 33.492 3.747 2.51571213812
11.957 34.691 3.879 2.37505611705
10.902 32.838 1.399 2.65207782941
9.681 32.592 0.543 2.51571213812
8.988 33.712 -0.014 2.57572524911
9.199 31.27 0.427 2.57572524911
7.824 33.388 -0.673 2.57572524911
6.177 31.96 -1.605 2.45240269655
13.374 32.892 5.21 2.97245262608
12.845 33.009 6.65 2.97245262608
15.555 32.155 5.263 2.57572842164
16.723 31.194 5.264 2.72232757201
17.196 30.924 6.711 2.59344389372
17.5 31.8 7.553 2.46178430194
17.671 31.773 4.186 2.72232757201
18.878 30.991 4.269 2.53400746709
17.208 29.65 7.138 2.22402568616
17.552 29.213 8.503 2.41516305987
18.565 28.1 8.402 2.24769809506
16.309 28.569 9.222 2.41516305987
14.026 28.793 10.298 2.41516305987
15.493 30.79 9.923 2.41516305987
19.199 27.856 9.581 2.41269401738
19.833 25.806 10.719 2.43285482807
19.275 26.277 11.739 2.28148428923
21.582 27.368 10.111 2.57789518755
22.007 28.518 9.24 2.43285482807
22.295 28.358 8.041 2.28148428923
21.919 29.743 9.732 2.46421089331
19.897 23.65 11.667 3.54436212661
19.508 19.285 14.195 4.2570470193
17.231 20.899 12.191 3.08160126066
15.271 22.367 12.568 3.18635814682
15.174 22.167 13.977 3.0526522229
16.433 24.91 9.955 2.88830125379
14.618 24.775 10.111 2.97245262608
16.787 20.697 3.16 4.29963896156
16.816 20.503 1.833 4.2720216845
9.214 9.124 1.636 2.43285482807
8.791 8.023 1.252 2.28148428923
10.439 9.121 3.897 2.57789518755
7.323 10.395 0.84 2.57789518755
9.909 6.469 -2.009 2.97245262608
11.088 4.556 -0.839 2.97245262608
4.81 4.749 -1.959 3.00350354728
5.906 6.265 0.781 3.18635814682
4.512 5.785 1.096 3.18635814682
4.482 4.341 1.491 3.18635814682
3.1 3.953 2.027 3.18635814682
3.098 2.48 2.087 3.18635814682
4.751 7.024 -3.547 2.97245262608
4.35 5.251 -5.177 2.75923199067
3.883 8.392 -5.4 2.97245262608
2.908 9.791 -7.037 2.88830125379
6.953 4.823 -5.683 3.0287949135
6.387 2.534 -6.216 2.8243183199
8.486 5.092 -5.831 3.0287949135
9.083 3.933 -6.594 3.0287949135
10.182 4.264 -7.505 3.0287949135
9.77 4.197 -8.986 3.0287949135
9.455 2.795 -9.415 3.0287949135
6.604 1.657 -3.545 2.78912757715
5.569 1.677 -2.424 2.66677603688
7.95 1.263 -2.955 2.78912757715
9.847 2.515 -3.759 2.5427976846
9.308 0.504 -4.72 2.69295246139
3.22 1.869 -1.925 2.97245262608
3.117 0.793 -0.851 2.8655882766
2.438 1.051 0.115 2.75923199067
1.934 1.818 -2.83 2.97245262608
2.428 1.536 -4.199 2.97245262608
3.903 1.699 -4.286 2.97245262608
3.624 -0.363 -1.141 2.57572842164
3.501 -1.471 -0.199 2.72232757201
4.663 -1.535 0.829 2.59344389372
4.698 -2.417 1.677 2.46178430194
3.329 -2.817 -0.946 2.72232757201
4.565 -3.236 -1.423 2.53400746709
6.812 -0.8 1.663 2.41516305987
6.429 -0.232 3.012 2.24769809506
5.712 0.744 3.077 2.06703446881
8.356 -1.799 -0.619 2.32218807228
9.951 -0.213 -0.528 2.24769809506
9.328 -2.144 -1.516 2.22402568616
10.291 -1.172 -1.511 2.24769809506
10.765 0.906 -0.345 2.32218807228
11.477 -1.066 -2.263 2.32218807228
11.938 0.972 -1.084 2.32218807228
12.294 0.009 -2.044 2.32218807228
7.053 -0.919 3.977 2.65003072421
6.764 -0.359 5.343 2.78912757715
7.763 0.75 5.664 2.66677603688
6.993 -1.576 6.241 2.78912757715
8.417 -1.806 6.313 2.61066977765
7.571 1.322 6.835 2.41269401738
8.457 2.369 7.38 2.57789518755
9.898 1.863 7.394 2.43285482807
8.152 2.771 8.845 2.57789518755
7.777 1.66 9.816 2.43285482807
7.908 0.475 9.592 2.28148428923
7.235 2.066 11.002 2.46421089331
10.151 0.675 7.92 2.22402568616
11.492 0.124 7.996 2.41516305987
13.307 0.195 6.395 2.06703446881
11.518 -1.209 8.798 2.41516305987
12.853 -1.905 8.571 2.41516305987
11.266 -0.994 10.288 2.41516305987
11.306 -0.581 5.698 2.41269401738
11.83 -0.763 4.307 2.57789518755
13.265 0.701 3.097 2.28148428923
10.767 -1.377 3.385 2.57789518755
10.616 -2.879 3.547 2.57789518755
9.356 -3.407 2.819 2.43285482807
8.191 -2.996 2.994 2.28148428923
9.597 -4.425 1.984 2.46421089331
10.554 3.892 3.653 2.72232757201
10.889 5.328 3.37 2.72232757201
8.08 4.078 3.016 2.72232757201
14.074 3.522 7.526 2.85287250891
15.384 3.737 8.351 2.85287250891
14.948 3.542 9.829 2.85287250891
16.084 3.781 10.69 2.7203848681
15.992 3.883 12.055 2.73628278469
14.78 3.839 12.559 2.76116415538
17.151 4.023 12.653 2.76116415538
16.655 1.19 4.953 2.72232757201
17.01 1.506 3.476 2.59344389372
16.435 -0.288 5.149 2.72232757201
16.551 -0.717 6.648 2.59344389372
17.153 -0.01 7.443 2.46178430194
15.969 -1.865 6.88 2.62109821036
16.019 1.735 2.608 2.91219395265
16.294 2.07 1.222 3.0287949135
14.959 1.967 0.441 3.0287949135
15.887 0.934 -1.676 2.86177391959
14.913 2.892 -2.008 2.97082099925
15.96 1.23 -2.984 2.97082099925
15.425 2.391 -3.184 2.91219395265
20.969 3.982 2.634 3.09401308242
22.109 4.408 2.401 3.00350354728
20.173 3.886 4.987 3.18635814682
19.493 3.893 7.36 3.18635814682
20.89 3.584 7.94 3.18635814682
20.852 3.209 9.4 3.18635814682
21.249 2.131 1.133 2.57789518755
21.562 2.863 -0.143 2.43285482807
22.585 2.67 -0.828 2.28148428923
20.707 0.693 0.991 2.57789518755
21.18 0.055 2.343 2.43285482807
22.387 -0.187 2.613 2.28148428923
20.359 -0.206 3.366 2.46421089331
20.863 4.646 -1.698 2.78912757715
21.46 5.999 -1.382 2.66677603688
21.529 6.767 -2.371 2.5427976846
19.485 4.83 -2.444 2.78912757715
18.89 3.483 -2.912 2.78912757715
21.847 6.377 -0.158 2.41269401738
23.807 7.738 -0.565 2.43285482807
24.357 6.644 -0.851 2.28148428923
22.687 7.842 1.591 2.57789518755
24.219 8.977 -0.715 2.65003072421
25.549 9.155 -1.277 2.78912757715
25.672 10.511 -2.008 2.78912757715
24.718 10.545 -3.09 2.61066977765
27.073 10.644 -2.635 2.78912757715
27.326 8.072 -0.032 2.57572842164
28.317 8.017 1.067 2.72232757201
29.287 9.212 1.083 2.59344389372
29.847 9.647 0.034 2.46178430194
29.109 6.721 0.958 2.72232757201
30.167 6.846 1.91 2.53400746709
29.538 9.807 2.23 2.22402568616
30.412 10.975 2.333 2.41516305987
31.639 10.651 3.154 2.24769809506
32.44 11.576 3.294 2.06703446881
29.671 12.118 3.084 2.41516305987
28.845 13.219 0.996 2.41516305987
31.816 9.476 3.655 2.41269401738
32.906 9.038 4.484 2.57789518755
32.247 8.238 5.625 2.43285482807
31.236 7.528 5.503 2.28148428923
32.893 8.423 6.769 2.57572842164
32.566 7.784 7.995 2.72232757201
31.064 7.829 8.346 2.59344389372
30.45 8.891 8.433 2.46178430194
33.255 8.48 9.255 2.72232757201
32.973 7.507 10.309 2.53400746709
30.609 6.622 8.7 2.57572842164
29.089 7.27 10.445 2.59344389372
27.99 7.638 10.794 2.46178430194
28.751 5.136 9.156 2.72232757201
29.617 4.381 10.028 2.53400746709
28.829 4.539 7.721 2.72232757201
30.211 7.423 11.196 2.41269401738
30.047 8.066 12.485 2.57789518755
29.039 10.142 13.083 2.28148428923
31.367 7.793 13.302 2.57789518755
31.126 8.214 14.757 2.43285482807
31.764 9.202 15.166 2.28148428923
30.258 7.471 15.394 2.46421089331
31.257 12.078 10.13 2.57789518755
32.546 12.229 10.922 2.43285482807
33.753 12.648 10.079 2.57789518755
32.308 13.283 12.014 2.57789518755
28.205 11.273 6.77 3.08311555793
30.484 14.393 6.647 3.02722347308
31.842 12.405 6.462 3.02722347308
31.718 13.761 6.549 2.98417189675
32.817 14.595 6.428 2.93964069245
25.543 8.08 8.804 2.72232757201
25.9 7.472 7.436 2.59344389372
27.021 7.354 6.974 2.46178430194
24.825 7.045 6.726 2.57572842164
24.916 6.413 5.406 2.72232757201
25.337 7.398 4.329 2.59344389372
25.747 6.901 3.229 2.46178430194
23.583 5.84 4.921 2.72232757201
23.55 4.604 5.628 2.53400746709
25.672 9.672 3.628 3.54436212661
22.651 10.8 0.272 2.28148428923
24.414 13.149 0.783 2.57789518755
23.597 14.296 0.288 2.43285482807
24.447 14.979 -0.787 2.57789518755
20.444 12.942 -0.769 3.39902103994
19.562 10.968 -2.621 2.97245262608
20.734 10.185 -3.166 2.97245262608
20.837 10.322 -4.691 2.8655882766
21.97 9.889 -5.189 2.88830125379
18.064 11.035 -8.256 3.87583860819
18.226 10.507 -9.708 3.87583860819
18.962 9.185 -9.82 3.81424376621
20.106 8.928 -9.365 3.75551382604
18.464 8.197 -10.463 3.75551382604
18.847 7.08 -6.369 2.41516305987
17.686 5.023 -5.965 2.06703446881
20.11 7.016 -5.514 2.41516305987
14.831 5.899 -4.778 2.24769809506
13.987 5.115 -4.293 2.06703446881
13.342 6.379 -6.613 3.18635814682
12.512 5.779 -8.78 3.00350354728
11.975 8.12 -5.433 3.18635814682
14.75 5.281 -8.144 2.41269401738
15.003 4.703 -9.498 2.57789518755
14.424 3.325 -9.768 2.43285482807
13.915 2.697 -8.775 2.28148428923
16.495 4.967 -9.698 2.57789518755
17.463 3.892 -9.465 2.57789518755
18.81 4.174 -10.066 2.57789518755
19.437 5.463 -10.057 2.41269401738
20.748 5.593 -9.696 2.43285482807
21.451 4.503 -9.327 2.46421089331
21.32 6.79 -9.695 2.46421089331
15.311 2.372 -10.476 2.28148428923
