2cgaNoHeHR_shell
20.
0.010
25659.4
0.732
1.0
1.E-8
1168
-10.656 55.938 41.808 1.7
-10.044 57.246 41.343 2.0
-10.076 58.323 42.431 1.74
-10.772 58.097 43.448 1.4
-10.807 57.718 40.066 2.0
-12.618 58.053 40.257 1.8
-9.555 59.552 42.181 2.57572842164
-9.755 60.717 43.076 2.72232757201
-9.518 61.569 45.349 2.46178430194
-8.6 59.56 44.885 2.11633202144
-8.109 59.279 46.248 2.32485688748
-6.631 58.917 46.187 2.14243103283
-6.281 57.697 46.045 1.94074133197
-8.814 58.083 46.909 2.32485688748
-8.347 57.832 48.346 2.32485688748
-10.329 58.317 46.957 2.32485688748
-5.813 59.912 46.427 2.7203848681
-4.35 59.727 46.453 2.85287250891
-3.839 58.95 47.674 2.73628278469
-4.189 59.259 48.825 2.61895377264
-3.744 61.146 46.424 2.85287250891
-4.921 62.136 46.452 2.85287250891
-6.218 61.308 46.511 2.85287250891
-2.969 58.016 47.465 2.41269401738
-2.119 57.311 48.471 2.57789518755
-1.071 58.03 50.505 2.28148428923
-1.028 56.503 47.774 2.57789518755
-0.899 59.338 48.7 2.11633202144
-0.106 60.387 49.403 2.32485688748
-1.176 62.366 48.522 1.94074133197
1.253 60.705 48.715 2.32485688748
2.24 59.521 48.644 2.32485688748
1.907 61.881 49.464 2.32485688748
3.531 59.942 47.876 2.32485688748
-1.412 61.893 50.703 2.32219197539
-2.395 62.92 51.02 2.49917816808
-1.906 64.357 50.817 2.34393302806
-0.809 64.652 51.323 2.17953443166
-2.926 62.776 52.46 2.49917816808
-2.234 61.657 53.267 2.49917816808
-2.701 60.287 52.784 2.34393302806
-3.76 60.192 52.111 2.17953443166
-1.802 59.326 52.879 2.37766287277
-2.085 66.636 49.794 2.97245262608
-2.137 67.449 51.092 2.8655882766
-3.142 67.343 51.867 2.75923199067
-2.97 67.323 48.738 2.97245262608
-3.975 66.297 48.306 2.97245262608
-3.681 64.948 49.059 2.97245262608
-1.109 68.281 51.292 2.11633202144
-1.147 69.302 52.381 2.32485688748
-1.344 70.727 51.819 2.14243103283
-0.522 71.212 51.003 1.94074133197
0.135 69.254 53.263 2.32485688748
0.073 70.422 54.266 2.32485688748
0.303 67.88 53.936 2.32485688748
-2.465 71.341 52.143 2.22402568616
-2.907 73.667 52.8 2.24769809506
-3.814 73.513 53.652 2.06703446881
-4.094 72.767 50.898 2.41516305987
-5.566 71.278 49.572 2.41516305987
-3.639 72.494 48.443 2.41516305987
-1.956 74.584 52.866 2.57572842164
-1.948 75.626 53.89 2.72232757201
-2.397 76.989 53.327 2.59344389372
-2.793 77.118 52.139 2.46178430194
-0.529 75.735 54.49 2.72232757201
0.287 76.473 53.599 2.53400746709
-2.385 77.996 54.169 2.41269401738
-2.77 79.326 53.731 2.57789518755
-2.003 79.948 52.559 2.43285482807
-2.566 80.786 51.826 2.28148428923
-0.746 79.646 52.428 2.11633202144
0.116 80.094 51.335 2.32485688748
-0.005 80.113 48.962 1.94074133197
1.543 79.587 51.537 2.32485688748
2.426 80.619 52.279 2.14243103283
1.701 81.624 53.216 2.32485688748
3.719 80.033 52.849 2.32485688748
-3.759 76.905 49.468 4.2570470193
-4.253 81.133 49.062 2.72232757201
-4.568 83.41 48.332 2.46178430194
-5.202 81.182 50.282 2.72232757201
-6.219 80.041 50.288 2.72232757201
-6.983 80.034 51.658 2.72232757201
-7.419 81.398 51.985 2.57572842164
-8.671 81.765 52.175 2.59344389372
-9.646 80.883 52.072 2.62109821036
-8.947 83.019 52.476 2.62109821036
-1.974 84.07 48.166 2.41516305987
-0.199 83.001 46.89 2.06703446881
-1.338 84.745 49.395 2.41516305987
-0.361 83.841 50.142 2.41516305987
-2.392 85.199 50.384 2.41516305987
0.343 84.692 51.202 2.41516305987
-0.598 85.209 46.559 2.11633202144
0.479 85.48 45.627 2.32485688748
0.414 84.481 44.478 2.14243103283
-0.605 84.507 43.765 1.94074133197
1.879 85.589 46.305 2.32485688748
3.005 86.018 45.32 2.32485688748
1.869 86.47 47.581 2.32485688748
1.309 83.519 44.428 2.41269401738
1.352 82.456 43.408 2.57789518755
1.281 81.052 44.003 2.43285482807
1.918 80.196 43.363 2.28148428923
2.676 82.525 42.617 2.57789518755
2.735 83.689 41.634 2.43285482807
1.708 84.268 41.22 2.28148428923
3.913 84.103 41.343 2.46421089331
0.672 80.818 45.198 2.57572842164
1.711 78.925 46.459 2.59344389372
2.482 79.772 46.955 2.46178430194
2.918 76.929 47.39 2.97245262608
2.515 76.625 48.861 2.97245262608
1.38 75.568 48.905 2.97245262608
0.87 75.283 50.308 2.8655882766
-0.31 74.901 50.442 2.75923199067
1.476 75.72 51.329 2.75923199067
4.492 75.153 47.112 2.85110369563
4.911 73.86 46.635 2.97245262608
3.814 72.698 48.434 2.75923199067
6.402 73.551 46.964 2.97245262608
7.35 74.102 45.895 2.97245262608
8.763 74.103 46.455 2.8655882766
9.265 73.094 47.028 2.75923199067
9.534 74.908 45.914 2.75923199067
2.96 70.608 46.703 2.57789518755
3.899 69.688 47.469 2.43285482807
5.128 69.725 47.204 2.28148428923
2.501 69.986 45.364 2.57789518755
3.335 68.76 48.193 2.11633202144
4.074 67.588 48.729 2.32485688748
4.266 66.581 47.629 2.14243103283
3.36 66.424 46.788 1.94074133197
3.226 66.95 49.811 2.32485688748
3.626 65.497 50.202 2.32485688748
3.131 67.902 51.003 2.32485688748
5.751 65.202 46.308 2.97245262608
4.904 63.916 46.292 2.8655882766
4.661 63.245 47.328 2.75923199067
7.264 64.949 46.295 2.97245262608
7.827 65.684 47.502 2.97245262608
6.663 66.389 48.208 2.97245262608
4.379 63.605 45.133 2.41269401738
3.534 62.42 44.936 2.57789518755
2.064 62.722 45.092 2.43285482807
1.285 61.761 45.071 2.28148428923
1.746 63.798 45.738 3.08160126066
0.42 64.036 46.298 3.18635814682
0.692 66.399 47.027 3.0526522229
-0.212 64.746 44.058 2.41269401738
-1.197 64.935 42.952 2.57789518755
-0.928 63.938 41.825 2.43285482807
-0.292 64.292 40.819 2.28148428923
-1.175 66.392 42.404 2.57789518755
-0.558 68.297 44.086 2.49686919338
-1.236 69.062 45.058 2.41269401738
-0.694 61.526 41.276 3.08311555793
-1.228 61.418 39.864 2.98417189675
-0.59 60.731 39.03 2.88653560143
-1.185 60.269 41.984 3.08311555793
-2.152 60.68 43.091 3.08311555793
-2.026 63.135 37.145 3.09401308242
-5.427 62.241 41.035 3.13412054803
-5.901 62.439 42.319 3.13412054803
-1.332 64.111 37.745 2.65003072421
-0.578 65.147 37.052 2.78912757715
1.494 63.917 36.606 2.5427976846
0.039 66.134 38.1 2.78912757715
0.952 67.227 37.495 2.78912757715
1.488 64.588 33.918 2.97245262608
0.701 62.133 33.559 2.97245262608
3.196 65.627 32.662 3.08160126066
5.233 66.965 32.342 3.18635814682
6.126 67.282 31.283 3.0526522229
8.263 66.359 27.131 2.78912757715
8.537 67.025 28.476 2.78912757715
9.473 66.218 29.37 2.66677603688
10.276 65.435 28.869 2.5427976846
9.422 66.37 30.68 2.69295246139
9.479 65.893 22.717 3.63125461652
10.106 65.528 23.75 3.56629383662
8.495 67.99 21.756 3.69904372689
9.72 68.854 21.994 3.63125461652
9.707 69.977 21.46 3.56629383662
9.696 65.489 21.458 2.7203848681
10.799 64.571 21.041 2.85287250891
12.125 64.893 21.733 2.73628278469
12.729 64.007 22.384 2.61895377264
10.983 64.465 19.489 2.85287250891
10.816 65.804 18.715 2.85287250891
11.13 65.675 17.198 2.85287250891
10.989 66.996 16.396 2.85287250891
9.583 67.359 16.107 2.85287250891
13.715 66.709 22.316 2.72232757201
13.689 67.043 23.814 2.59344389372
14.759 67.396 24.38 2.46178430194
14.126 67.952 21.484 2.72232757201
13.549 69.158 22.065 2.53400746709
13.634 67.804 20.019 2.72232757201
12.511 66.918 24.453 2.41269401738
12.36 67.127 25.906 2.57789518755
11.965 68.512 26.441 2.43285482807
12.149 68.708 27.663 2.28148428923
11.358 69.382 25.632 1.7
10.775 70.692 26.05 2.0
8.451 70.038 26.023 1.4
10.776 71.757 24.906 2.0
10.075 73.081 25.274 1.74
10.478 73.829 26.366 1.86
8.963 73.479 24.555 1.86
9.734 74.96 26.767 1.86
8.226 74.61 24.941 1.86
8.601 75.335 26.059 1.86
9.254 70.842 27.933 3.08160126066
7.098 73.002 28.336 3.00350354728
8.237 70.826 30.075 3.18635814682
5.99 70.117 31.142 3.03669634378
6.506 72.291 31.454 3.13412054803
5.297 72.043 32.138 3.08160126066
5.088 72.442 26.692 2.0
3.678 72.504 27.254 1.74
2.915 73.454 26.913 1.4
5.066 72.285 25.179 2.0
4.441 70.981 24.655 1.74
3.149 70.997 24.147 1.86
5.22 69.859 24.563 1.86
2.607 69.881 23.551 1.86
4.679 68.732 23.988 1.86
3.367 68.732 23.464 1.86
3.21 71.441 27.869 1.7
1.808 71.34 28.306 2.0
0.175 72.429 26.315 1.8
-1.231 58.949 35.299 3.54436212661
-7.996 59.251 33.822 2.32485688748
-8.12 57.756 33.984 2.14243103283
-9.025 57.261 34.707 1.94074133197
-9.046 59.828 32.885 2.32485688748
-8.836 59.486 31.393 2.32485688748
-9.309 61.337 33.186 2.32485688748
-10.166 59.402 30.616 2.32485688748
-6.767 55.688 33.687 2.78912757715
-7.918 54.737 33.236 2.78912757715
-8.199 54.506 31.741 2.66677603688
-9.402 54.328 31.359 2.5427976846
-7.294 54.868 30.91 2.69295246139
-3.177 52.285 33.255 3.87583860819
-4.107 51.104 32.946 3.87583860819
-5.133 51.009 34.058 3.81424376621
-4.761 50.694 35.223 3.75551382604
-6.309 51.4 33.846 3.75551382604
-4.364 54.14 29.044 2.72232757201
-4.485 55.643 27.158 2.46178430194
-5.293 53.1 28.378 2.72232757201
-4.69 51.713 28.539 2.59344389372
-3.655 51.436 27.868 2.46178430194
-5.213 51.038 29.535 2.62109821036
-8.117 55.221 27.515 2.91219147086
-8.573 54.719 26.264 2.85110369563
-9.014 55.678 24.117 2.91219147086
-8.903 56.866 23.453 2.91219147086
-3.808 67.027 26.107 4.32767651728
-4.93 70.419 24.167 2.46178430194
-6.941 70.878 22.342 2.72232757201
-5.278 71.77 20.854 2.46178430194
-4.962 74.169 21.907 2.85287250891
-3.523 73.773 22.186 2.73628278469
-2.587 74.407 21.65 2.61895377264
-5.239 75.63 22.461 2.85287250891
-4.72 75.856 23.9 2.73628278469
-5.433 75.466 24.965 2.66237033299
-3.522 76.297 24.369 2.78727419845
-4.665 75.699 26.146 2.78727419845
-3.493 76.212 25.735 2.7203848681
-1.915 72.207 23.139 2.0
-1.234 71.628 21.902 1.74
-0.007 71.796 21.753 1.4
-1.745 71.198 24.294 2.0
-1.752 71.944 25.899 1.8
-2.013 71.229 20.937 2.41269401738
-1.476 70.814 19.601 2.57789518755
-0.57 69.589 19.679 2.43285482807
0.294 69.428 18.793 2.28148428923
-0.876 68.696 20.627 2.22402568616
-0.216 67.383 20.756 2.41516305987
-1.156 66.466 18.683 2.06703446881
-0.748 66.607 21.965 2.41516305987
-0.813 67.511 23.192 2.41516305987
1.142 64.926 18.166 2.41516305987
2.197 65.451 17.16 2.41516305987
3.51 65.411 17.742 2.16754538317
1.93 66.9 16.75 2.41516305987
1.611 62.589 17.985 2.22402568616
3.714 61.289 18.443 2.24769809506
4.263 60.292 18.959 2.06703446881
1.633 60.181 17.487 2.41516305987
2.174 60.405 16.172 2.16754538317
0.094 60.106 17.393 2.41516305987
4.405 62.383 18.232 2.57572842164
5.829 62.423 18.556 2.72232757201
6.075 62.688 20.039 2.59344389372
7.166 62.32 20.572 2.46178430194
6.522 63.541 17.724 2.72232757201
6.188 63.294 16.357 2.53400746709
5.333 64.035 21.996 3.54436212661
5.346 62.868 22.964 3.47033660994
4.829 61.778 22.622 3.39902103994
4.228 66.204 21.468 3.47033660994
3.277 66.629 20.76 3.39902103994
5.381 66.454 21.075 3.39902103994
5.943 63.037 24.127 1.99639670258
5.969 61.993 25.206 2.22693058289
7.443 61.691 25.584 2.22693058289
8.119 62.983 25.954 2.22693058289
7.685 60.79 26.797 2.22693058289
4.19 62.885 33.257 1.79544509739
7.029 62.914 31.904 2.22693058289
7.79 62.435 33.182 2.22693058289
7.907 62.978 30.637 2.22693058289
4.231 60.625 34.891 2.72232757201
6.129 59.676 35.944 2.46178430194
3.189 59.466 34.728 2.72232757201
4.624 60.86 37.264 2.41269401738
5.271 60.64 38.563 2.57789518755
6.372 61.657 38.856 2.43285482807
7.211 61.455 39.788 2.28148428923
6.305 62.776 38.144 3.18494045613
7.287 63.848 38.33 3.28331166428
6.978 64.83 39.484 3.19656430018
5.793 65.158 39.783 3.11200838625
7.515 64.51 36.955 3.28331166428
8.699 65.486 36.886 3.28331166428
9.044 65.62 35.4 3.19656430018
10.197 65.291 34.999 3.11200838625
8.104 65.69 34.561 3.11200838625
8.015 65.32 40.158 1.7
7.829 66.435 41.044 2.0
8.032 65.98 42.494 2.0
7.036 67.947 43.776 1.86
9.341 67.441 44.135 1.86
7.105 68.95 44.719 1.86
9.421 68.456 45.076 1.86
8.294 69.203 45.388 1.86
12.302 66.988 39.02 3.56629383662
12.131 68.347 41.491 3.69904372689
13.181 69.455 41.339 3.63125461652
13.89 69.735 42.342 3.56629383662
13.147 70.263 40.371 3.56629383662
11.891 68.736 36.82 2.57789518755
13.414 68.766 36.772 2.43285482807
14.053 68.085 35.923 2.28148428923
11.363 69.937 36.052 2.57789518755
9.838 69.808 36.026 2.57789518755
9.306 70.82 35.034 2.43285482807
8.521 70.414 34.14 2.28148428923
10.037 71.913 34.961 2.46421089331
13.979 69.449 37.726 2.41269401738
15.438 69.543 37.77 2.57789518755
16.101 68.324 38.391 2.43285482807
17.314 68.364 38.686 2.28148428923
15.336 67.304 38.714 1.99639670258
15.946 66.105 39.355 2.22693058289
15.966 64.889 38.442 2.02565795104
14.874 64.537 37.928 1.79544509739
15.236 65.674 40.664 2.22693058289
15.699 64.365 41.029 1.9255854327
17.143 64.226 38.294 1.99639670258
17.326 62.985 37.498 2.22693058289
17.295 61.738 38.376 2.02565795104
17.613 60.594 37.949 1.79544509739
18.625 63.005 36.668 2.22693058289
18.611 61.938 35.708 1.9255854327
16.955 61.993 39.603 1.99639670258
16.876 60.973 40.629 2.22693058289
15.432 60.586 40.945 2.02565795104
15.126 59.947 41.991 1.79544509739
17.548 61.553 41.869 2.22693058289
17.616 60.494 42.81 1.9255854327
14.509 60.98 40.075 3.18494045613
13.119 60.58 40.308 3.28331166428
12.749 59.393 39.435 3.19656430018
13.186 59.316 38.265 3.11200838625
12.125 61.73 40.087 3.28331166428
12.253 62.781 41.196 3.28331166428
11.23 63.888 41.003 3.19656430018
11.348 64.91 41.734 3.11200838625
10.74 64.026 39.854 3.11200838625
12.058 58.472 40.04 2.7203848681
11.556 57.303 39.312 2.85287250891
10.23 57.643 38.607 2.73628278469
9.143 57.595 39.196 2.61895377264
11.418 56.108 40.275 2.85287250891
12.77 55.727 40.906 2.85287250891
12.678 54.42 41.715 2.85287250891
11.627 54.505 42.837 2.85287250891
11.567 53.231 43.564 2.85287250891
10.341 58.241 37.474 2.11633202144
9.247 58.694 36.621 2.32485688748
9.004 57.688 35.479 2.14243103283
9.858 56.785 35.248 1.94074133197
10.947 59.805 35.122 2.32485688748
9.895 61.167 37.007 2.32485688748
11.311 61.049 34.307 2.32485688748
7.841 57.778 34.823 2.41269401738
7.443 56.954 33.676 2.57789518755
6.122 56.199 33.948 2.57789518755
6.287 55.259 35.149 2.57789518755
4.921 54.668 35.455 2.43285482807
4.184 54.435 34.462 2.28148428923
4.628 54.451 36.748 2.46421089331
8.097 57.492 31.394 2.85110369563
7.181 57.453 29.117 2.8655882766
7.59 56.304 28.853 2.75923199067
9.285 58.647 29.512 2.97245262608
10.199 59.402 30.496 2.97245262608
11.6 59.598 29.897 2.97245262608
12.621 60.059 30.966 2.97245262608
13.958 60.178 30.372 2.97245262608
4.983 57.1 28.115 2.72232757201
4.749 57.564 26.684 2.59344389372
3.938 55.091 30.404 2.72232757201
4.654 56.643 25.746 2.91219395265
4.523 57.004 24.35 3.0287949135
5.349 56.107 23.379 3.0287949135
6.833 56.205 23.765 3.0287949135
7.717 55.311 22.893 3.0287949135
7.353 53.822 23.04 3.0287949135
8.247 53.002 22.213 3.0287949135
2.758 57.843 23.008 2.57572842164
1.705 57.416 20.255 2.46178430194
1.234 59.619 22.311 2.72232757201
-0.656 55.81 20.212 2.57789518755
-1.438 56.662 19.209 2.43285482807
-1.121 56.681 17.986 2.28148428923
-1.576 54.726 20.718 2.57789518755
-3.35 58.19 18.869 3.18635814682
-4.741 57.67 18.55 3.18635814682
-4.839 56.904 17.231 3.18635814682
-6.202 57.186 16.574 3.18635814682
-6.331 58.69 16.29 3.18635814682
-7.634 58.955 15.674 3.18635814682
-4.074 60.421 18.97 2.22402568616
-5.92 62.12 18.995 2.24769809506
-6.223 61.917 17.789 2.06703446881
-3.541 62.853 19.181 2.41516305987
-4.152 64.217 19.626 2.41516305987
-2.064 62.572 19.638 2.41516305987
-8.272 62.588 19.57 2.0
-8.666 63.992 20.001 1.74
-9.109 61.594 20.364 2.0
-9.54 59.626 18.812 1.86
-7.754 58.08 20.253 1.86
-9.301 58.294 18.434 1.86
-8.404 57.505 19.182 1.86
-8.51 64.985 19.107 2.85110369563
-10.666 66.339 19.33 2.8655882766
-11.26 65.658 18.467 2.75923199067
-8.484 67.262 18.461 2.97245262608
-9.094 68.653 18.631 2.97245262608
-8.232 69.651 17.874 2.97245262608
-7.967 69.171 16.442 2.97245262608
-6.839 69.934 15.875 2.97245262608
-12.834 67.298 20.044 2.78912757715
-12.475 69.128 18.395 2.5427976846
-14.834 67.875 21.436 2.66677603688
-15.495 68.482 20.559 2.5427976846
-15.275 67.814 22.663 2.69295246139
-14.027 67.606 18.023 2.57572842164
-14.202 68.183 16.692 2.72232757201
-15.05 69.428 16.757 2.59344389372
-15.118 70.163 15.761 2.46178430194
-14.861 67.143 15.725 2.72232757201
-16.222 66.87 16.096 2.53400746709
-15.61 69.695 17.895 2.7203848681
-16.318 70.984 18.066 2.85287250891
-15.427 72.113 18.625 2.73628278469
-15.937 73.185 19.036 2.61895377264
-17.539 70.815 18.93 2.85287250891
-18.564 69.821 18.376 2.85287250891
-19.777 69.814 19.314 2.85287250891
-20.729 68.636 19.036 2.85287250891
-21.757 68.567 20.083 2.85287250891
-14.108 71.838 18.599 2.65003072421
-13.099 72.763 19.028 2.78912757715
-12.968 73.943 18.068 2.66677603688
-12.89 73.773 16.823 2.5427976846
-11.725 72.084 19.238 2.78912757715
-9.618 73.291 18.431 2.72038202399
-8.591 74.215 18.614 2.72038202399
-7.434 75.84 20.029 2.61066977765
-13.195 76.277 17.809 2.78912757715
-14.421 77.132 18.206 2.78912757715
-14.612 78.402 17.376 2.66677603688
-13.758 78.802 16.548 2.5427976846
-15.878 78.758 17.317 2.69295246139
-11.081 76.922 17.118 2.65003072421
-9.793 77.556 17.259 2.78912757715
-8.867 79.761 17.5 2.5427976846
-8.924 77.032 16.124 2.78912757715
-9.581 77.287 14.884 2.61066977765
-11.078 79.615 17.008 2.11633202144
-11.186 81.049 17.029 2.32485688748
-11.707 81.592 18.358 2.14243103283
-11.135 82.509 19.006 1.94074133197
-12.063 81.484 15.837 2.32485688748
-11.245 81.804 14.541 2.14243103283
-10.277 80.7 14.076 2.32485688748
-12.136 82.192 13.349 2.32485688748
-13.003 81.291 20.3 2.72232757201
-12.35 80.479 21.407 2.59344389372
-12.612 80.811 22.573 2.46178430194
-14.515 81.175 20.451 2.72232757201
-14.921 79.778 20.373 2.53400746709
-15.232 81.963 19.32 2.72232757201
-10.894 78.567 22.062 2.41516305987
-9.817 79.275 22.949 2.41516305987
-9.028 80.303 22.153 2.41516305987
-8.784 78.339 23.62 2.41516305987
-7.911 80.897 23.03 2.41516305987
-15.603 77.563 22.7 2.72232757201
-17.849 76.814 23.109 2.46178430194
-15.374 72.642 22.356 2.72232757201
-16.849 73.106 22.436 2.59344389372
-17.475 72.966 23.514 2.46178430194
-17.266 73.973 21.508 2.62109821036
-6.718 66.95 23.061 3.18635814682
-7.054 67.684 21.939 3.0526522229
-5.731 65.849 22.604 3.18635814682
-5.042 54.869 22.728 3.54436212661
-5.794 54.001 23.707 3.54436212661
-6.12 52.655 23.027 3.54436212661
-7.107 51.912 23.831 3.54436212661
-2.443 56.218 25.171 2.41269401738
-1.016 55.81 25.294 2.57789518755
-1.437 53.507 24.611 2.28148428923
-0.646 55.715 26.784 2.57789518755
0.976 53.196 23.239 2.78912757715
1.446 52.272 24.356 2.66677603688
1.416 51.01 24.273 2.5427976846
2.22 53.413 22.349 2.78912757715
1.922 54.342 21.33 2.61066977765
2.437 52.128 26.527 2.78912757715
1.728 52.507 27.824 2.66677603688
3.95 52.315 26.685 2.78912757715
4.234 53.586 27.263 2.61066977765
4.695 52.162 25.339 2.78912757715
0.914 51.603 28.378 2.11633202144
0.179 51.833 29.601 2.32485688748
1.004 52.348 30.788 2.14243103283
2.143 51.888 31.04 1.94074133197
-0.655 50.603 29.981 2.32485688748
0.893 53.692 32.866 2.32485688748
0.835 52.574 33.888 2.14243103283
-0.103 51.755 33.928 1.94074133197
1.81 52.553 34.76 2.65003072421
1.867 51.619 35.815 2.78912757715
2.38 53.014 37.684 2.5427976846
3.307 51.032 35.852 2.78912757715
3.596 50.619 37.182 2.61066977765
0.266 52.144 37.53 1.7
-0.249 52.753 38.753 2.0
0.397 52.253 40.058 1.74
0.739 51.035 40.21 1.4
-1.777 52.757 38.895 2.0
-2.614 53.672 37.983 1.74
-2.035 54.467 37.0 1.86
-3.989 53.667 38.118 1.86
-4.78 54.432 37.265 1.86
0.728 53.246 40.879 2.57572842164
1.591 53.184 42.071 2.72232757201
1.192 54.189 43.131 2.59344389372
0.197 54.923 42.915 2.46178430194
3.107 53.391 41.748 2.72232757201
3.457 54.746 41.455 2.53400746709
2.013 54.289 44.159 2.32219197539
1.782 55.271 45.175 2.49917816808
1.81 56.69 44.62 2.34393302806
1.126 57.587 45.158 2.17953443166
2.77 55.126 46.344 2.49917816808
2.025 54.951 47.687 2.49917816808
2.959 55.115 48.883 2.34393302806
2.879 56.127 49.623 2.17953443166
3.91 54.218 49.013 2.37766287277
2.545 56.922 43.564 2.57572842164
2.668 58.294 43.042 2.72232757201
2.074 59.654 41.158 2.46178430194
4.15 58.717 42.995 2.72232757201
4.888 58.047 41.958 2.53400746709
4.827 58.458 44.315 2.72232757201
1.547 57.428 41.055 2.22402568616
-0.497 56.877 39.786 2.24769809506
-0.572 55.686 40.114 2.06703446881
0.919 56.815 37.304 2.41516305987
3.037 57.537 38.573 2.41516305987
-3.327 56.718 41.064 3.54436212661
-3.51 57.788 42.042 3.43758922265
-5.125 57.826 38.965 2.41269401738
-6.149 58.597 38.215 2.57789518755
-7.426 59.326 40.18 2.28148428923
-7.093 57.655 37.434 2.57789518755
-9.896 60.401 37.414 3.39902103994
-12.176 61.096 38.78 2.0
-13.133 61.043 39.996 2.0
-12.714 59.794 41.234 1.8
-13.696 61.639 36.958 2.22402568616
-16.293 61.76 37.083 2.06703446881
-14.624 61.783 34.724 2.41516305987
-13.297 61.746 33.918 2.24769809506
-13.399 60.879 32.621 2.41516305987
-17.753 64.389 36.94 3.28331166428
-18.828 63.658 36.092 3.19656430018
-18.491 63.259 34.95 3.11200838625
-16.771 66.297 35.669 3.28331166428
-20.153 63.655 36.476 2.85110369563
-21.257 63.258 35.541 2.97245262608
-22.589 62.982 36.283 2.97245262608
-22.243 62.263 37.456 2.81719981417
-22.174 64.41 33.589 2.22402568616
-22.689 65.572 32.844 2.41516305987
-23.724 66.408 33.613 2.24769809506
-23.747 67.662 33.459 2.06703446881
-23.24 65.187 31.47 2.41516305987
-24.274 65.856 34.682 2.57572842164
-25.283 66.591 35.496 2.72232757201
-24.724 67.155 36.804 2.59344389372
-25.505 67.58 37.695 2.46178430194
-26.449 65.621 35.83 2.72232757201
-25.969 64.537 36.668 2.53400746709
-22.825 67.481 38.21 2.91388939885
-22.902 68.99 38.216 2.80242708673
-22.363 69.666 37.314 2.69092106381
-21.278 65.862 39.145 2.80242708673
-20.347 65.038 38.924 2.69092106381
-22.33 65.487 39.74 2.69092106381
-23.339 69.467 39.323 2.78727690768
-23.278 70.887 39.568 2.91388939885
-22.361 70.724 41.786 2.69092106381
-24.642 71.395 40.078 2.91388939885
-24.535 72.92 40.086 2.80242708673
-24.352 73.483 38.979 2.69092106381
-24.185 73.527 41.134 2.69092106381
-21.317 72.039 40.225 1.7
-20.276 72.591 41.095 2.0
-20.507 74.105 41.2 1.74
-20.25 74.845 40.203 1.4
-18.872 72.284 40.482 2.0
-18.62 69.942 39.509 1.86
-17.738 70.325 41.677 1.86
-18.243 68.569 39.626 1.86
-17.358 68.965 41.793 1.86
-17.612 68.098 40.774 1.86
-21.075 74.506 42.337 1.99639670258
-21.446 75.887 42.753 2.22693058289
-20.273 76.861 42.677 2.02565795104
-21.839 75.883 44.252 2.22693058289
-20.554 78.113 42.403 1.99639670258
-19.689 79.285 42.608 2.22693058289
-19.236 79.457 44.037 2.02565795104
-20.067 79.389 44.976 1.79544509739
-20.461 80.561 42.333 2.22693058289
-17.979 79.771 44.204 2.41269401738
-17.488 79.998 45.553 2.57789518755
-17.013 78.719 46.193 2.43285482807
-16.456 78.775 47.308 2.28148428923
-17.268 77.597 45.55 2.22402568616
-16.581 76.382 45.955 2.41516305987
-17.034 75.302 44.989 2.41516305987
-18.44 75.019 45.289 2.16754538317
-16.211 74.027 45.212 2.41516305987
-14.254 76.119 46.799 2.22402568616
-12.144 74.984 46.022 2.24769809506
-12.554 73.885 46.439 2.06703446881
-12.073 76.454 47.985 2.41516305987
-12.502 77.718 48.494 2.16754538317
-10.515 76.456 47.902 2.41516305987
-10.838 74.029 44.117 2.0
-7.018 72.42 45.788 3.54436212661
-4.478 74.807 38.148 3.43758922265
-4.589 76.477 39.833 3.54436212661
2.761 73.323 37.878 2.8655882766
3.201 73.684 39.019 2.75923199067
4.8 73.867 36.531 2.41516305987
4.771 75.145 35.7 2.24769809506
5.811 75.491 35.108 2.06703446881
6.937 71.487 37.658 2.32218807228
5.391 70.336 36.609 2.24769809506
5.973 69.501 37.587 2.24769809506
4.39 69.856 35.768 2.32218807228
5.582 68.162 37.759 2.32218807228
4.007 68.486 35.945 2.32218807228
4.588 67.664 36.917 2.32218807228
3.628 75.787 35.594 2.85110369563
3.441 76.968 34.791 2.97245262608
4.93 78.191 36.238 2.11633202144
5.843 79.271 36.624 2.32485688748
7.926 80.127 35.621 1.94074133197
6.088 79.19 38.161 2.32485688748
5.273 80.183 39.035 2.14243103283
4.133 80.967 38.426 2.32485688748
5.048 79.802 40.5 2.32485688748
8.622 77.844 34.515 2.72232757201
8.488 78.496 33.126 2.59344389372
9.509 78.733 32.431 2.46178430194
9.005 76.357 34.441 2.72232757201
8.086 75.626 33.613 2.53400746709
9.112 75.691 35.817 2.72232757201
7.293 78.949 32.725 2.49687256947
7.174 79.633 31.448 2.65207782941
7.922 81.754 30.43 2.37505611705
5.723 79.597 30.927 2.65207782941
4.856 80.648 31.605 2.65207782941
3.442 80.745 30.971 2.65207782941
2.661 79.504 31.17 2.49687256947
1.744 79.358 32.099 2.51571213812
1.541 80.334 32.985 2.54507232427
1.205 78.181 32.23 2.54507232427
8.207 81.443 32.626 2.41269401738
8.747 82.787 32.768 2.57789518755
10.261 82.826 32.708 2.43285482807
10.879 82.801 33.802 2.28148428923
8.158 83.523 33.989 2.57789518755
6.626 83.592 33.752 2.43285482807
5.807 82.89 34.603 2.49686919338
6.077 84.257 32.654 2.49686919338
4.451 82.868 34.402 2.49686919338
4.689 84.257 32.453 2.49686919338
3.889 83.555 33.354 2.43285482807
2.47 83.502 33.211 2.36497245057
10.727 82.574 31.471 2.41269401738
12.12 82.201 31.063 2.57789518755
13.246 82.99 31.704 2.43285482807
14.337 82.446 31.946 2.28148428923
12.343 82.323 29.549 2.57789518755
12.13 83.707 29.211 2.36497245057
11.412 81.406 28.725 2.57789518755
14.012 85.109 32.546 2.57789518755
13.788 85.322 34.028 2.43285482807
14.716 85.85 34.688 2.28148428923
14.055 86.48 31.82 2.57789518755
12.908 87.426 32.209 2.43285482807
13.067 88.666 32.019 2.28148428923
11.707 86.879 32.211 2.46421089331
12.826 84.6 34.578 2.22402568616
12.808 84.387 36.022 2.41516305987
13.472 83.043 36.251 2.24769809506
14.085 82.845 37.34 2.06703446881
11.366 84.239 36.508 2.41516305987
13.893 80.912 35.037 2.57789518755
13.057 79.959 35.926 2.43285482807
12.494 78.941 35.411 2.28148428923
15.422 80.84 35.4 2.57789518755
16.296 81.714 34.483 2.43285482807
16.166 82.964 34.51 2.28148428923
17.374 81.111 34.03 2.46421089331
12.923 80.356 37.198 2.41269401738
11.943 79.922 38.227 2.57789518755
12.164 78.584 38.954 2.43285482807
12.827 77.673 38.394 2.28148428923
10.543 79.978 37.589 2.57789518755
9.629 80.79 38.335 2.36497245057
9.975 78.574 37.391 2.57789518755
11.534 78.414 40.13 2.85110369563
11.352 77.109 40.824 2.97245262608
9.518 76.387 39.437 2.75923199067
10.547 77.37 42.108 2.97245262608
10.222 78.866 42.142 2.97245262608
10.862 79.489 40.892 2.97245262608
11.244 74.906 39.856 3.46048228099
10.849 73.828 38.938 3.54436212661
12.031 73.438 37.992 3.54436212661
13.253 72.952 38.765 3.47033660994
14.203 72.451 38.116 3.39902103994
13.492 73.4 39.916 3.39902103994
6.876 73.291 41.043 2.75923199067
11.701 72.233 44.014 2.97245262608
11.312 71.802 45.335 2.85110369563
12.029 70.977 46.053 2.8655882766
11.647 70.721 47.305 2.88830125379
13.115 70.423 45.499 2.88830125379
4.422 69.816 41.396 2.97245262608
2.425 68.326 41.271 2.97245262608
4.256 76.248 41.827 2.72232757201
5.095 76.321 43.092 2.59344389372
4.792 77.175 43.955 2.46178430194
6.293 75.807 42.914 2.62109821036
-0.405 71.116 46.852 2.46178430194
-0.289 72.448 48.536 2.62109821036
-7.405 78.242 45.553 2.8655882766
-6.897 79.366 45.811 2.75923199067
-6.883 76.931 47.52 2.97245262608
-6.052 75.896 48.053 2.81719981417
-9.007 79.152 43.994 2.57789518755
-10.526 78.925 43.808 2.43285482807
-8.181 79.589 42.768 2.57789518755
-7.361 79.444 40.436 2.57789518755
-11.388 79.92 44.066 2.97082338406
-12.85 79.704 44.24 3.08311555793
-13.444 80.992 44.821 3.08311555793
-12.362 82.084 44.664 3.08311555793
-11.063 81.365 44.218 3.08311555793
-16.369 80.645 42.192 1.79544509739
-16.091 77.701 41.0 2.22693058289
-16.379 75.191 41.077 2.22693058289
-16.941 81.79 39.703 2.22693058289
-18.128 81.356 38.88 2.02565795104
-18.023 80.421 38.07 1.79544509739
-16.287 82.913 38.862 2.22693058289
-14.823 84.874 38.584 2.22693058289
-14.895 83.734 40.845 2.22693058289
-19.194 82.088 38.89 2.85110369563
-20.249 81.871 37.863 2.97245262608
-21.512 82.577 38.293 2.97245262608
-21.301 83.994 38.293 2.81719981417
-20.303 82.147 35.426 2.57572842164
-20.392 84.204 33.989 2.59344389372
-20.45 81.95 33.008 2.72232757201
-19.632 80.7 32.684 2.59344389372
-19.6 80.341 31.474 2.46178430194
-18.777 80.311 33.569 2.62109821036
-21.431 84.561 34.723 2.57572842164
-22.042 85.929 34.749 2.72232757201
-20.783 88.041 34.723 2.46178430194
-23.277 85.889 35.671 2.72232757201
-24.335 85.244 34.937 2.53400746709
-23.751 87.318 36.053 2.72232757201
-19.416 86.519 38.445 2.97245262608
-19.2 87.612 39.467 2.8655882766
-20.151 88.438 39.604 2.75923199067
-17.894 87.868 39.626 2.88830125379
-17.61 89.754 32.423 2.43285482807
-17.429 90.611 31.541 2.28148428923
-19.285 88.174 31.336 2.57789518755
-20.885 86.528 30.195 2.57789518755
-20.966 85.117 29.635 2.57789518755
-22.31 84.845 29.114 2.57789518755
-17.534 90.046 33.711 2.41269401738
-17.104 91.332 34.19 2.57789518755
-15.633 91.504 33.944 2.43285482807
-15.195 92.672 33.787 2.28148428923
-17.332 91.404 35.69 2.57789518755
-18.862 91.32 35.871 2.57789518755
-19.374 91.271 37.312 2.57789518755
-20.907 91.148 37.274 2.57789518755
-21.44 90.797 38.602 2.57789518755
-13.523 90.472 33.495 2.72232757201
-13.16 90.312 32.057 2.59344389372
-12.331 91.161 31.627 2.46178430194
-12.664 89.459 34.284 2.72232757201
-12.107 90.324 36.551 2.65002772709
-12.286 90.411 37.928 2.65002772709
-14.177 88.933 37.77 2.65002772709
-13.311 89.712 38.534 2.59344389372
-13.446 89.827 39.964 2.53400746709
-13.266 88.956 30.001 2.49917816808
-14.298 89.214 28.914 2.34393302806
-14.056 88.872 27.719 2.17953443166
-10.38 87.453 30.574 2.34393302806
-9.54 86.859 31.535 2.34393302806
-9.868 88.21 29.532 2.41269040159
-8.158 86.926 31.453 2.41269040159
-8.492 88.295 29.456 2.41269040159
-7.659 87.654 30.388 2.41269040159
-15.489 89.661 29.357 2.41269401738
-16.587 89.972 28.43 2.57789518755
-17.11 88.772 27.653 2.43285482807
-17.294 87.658 28.224 2.28148428923
-17.437 89.031 26.41 2.41269401738
-18.106 88.018 25.546 2.57789518755
-17.173 86.908 25.055 2.43285482807
-17.698 85.879 24.56 2.28148428923
-18.668 88.744 24.329 2.57789518755
-17.604 89.452 23.681 2.36497245057
-19.691 89.74 24.821 2.57789518755
-15.894 86.99 25.468 2.85110369563
-15.071 85.772 25.337 2.97245262608
-15.106 83.406 25.836 2.75923199067
-13.644 86.085 25.794 2.97245262608
-13.045 87.238 24.987 2.97245262608
-11.643 87.549 25.53 2.97245262608
-11.008 88.703 24.759 2.97245262608
-10.84 88.295 23.351 2.97245262608
-16.371 84.744 27.164 2.22402568616
-16.785 83.667 28.065 2.41516305987
-17.985 82.9 27.496 2.24769809506
-19.095 83.456 27.376 2.06703446881
-17.262 82.947 30.553 2.41516305987
-18.707 80.747 26.39 3.0287949135
-19.147 79.691 27.39 2.92608152912
-18.222 80.032 25.108 3.0287949135
-17.513 80.88 24.062 3.0287949135
-18.367 82.057 23.567 3.0287949135
-17.553 82.983 22.616 3.0287949135
-18.407 84.026 22.03 3.0287949135
-20.301 79.057 27.107 3.18494045613
-20.954 78.196 28.12 3.28331166428
-20.163 76.974 28.501 3.19656430018
-20.396 76.489 29.631 3.11200838625
-22.338 77.659 27.742 3.28331166428
-23.339 78.777 27.447 3.19656430018
-23.277 79.852 28.08 3.11200838625
-24.017 78.723 26.395 3.11200838625
-19.277 76.592 27.599 2.57572842164
-18.413 75.405 27.768 2.72232757201
-18.123 74.734 26.406 2.72232757201
-14.311 79.783 25.387 3.54436212661
-16.356 76.905 35.854 2.72232757201
-14.609 75.572 34.484 2.72232757201
-16.512 75.664 36.796 2.72232757201
-9.737 81.585 38.429 3.39902103994
-9.693 82.601 41.052 2.97245262608
-11.209 84.334 41.671 2.75923199067
-9.172 84.937 40.83 2.22402568616
-9.248 86.382 41.159 2.41516305987
-9.485 86.688 42.636 2.24769809506
-10.177 87.684 42.923 2.06703446881
-10.371 87.095 40.372 2.41516305987
-9.084 85.894 43.552 2.57572842164
-9.283 86.285 44.959 2.72232757201
-7.994 86.513 45.706 2.59344389372
-7.954 86.27 46.925 2.46178430194
-10.047 85.244 45.821 2.72232757201
-11.463 85.411 45.681 2.53400746709
-6.979 86.941 45.057 2.41269401738
-5.724 87.135 45.792 2.57789518755
-4.641 86.122 45.47 2.43285482807
-3.46 86.306 45.854 2.28148428923
-5.031 85.057 44.784 2.57572842164
-5.18 84.145 42.226 2.46178430194
-5.126 82.006 44.784 2.72232757201
-2.7 83.758 40.776 2.49917816808
-3.355 82.464 40.246 2.34393302806
-3.294 81.428 40.966 2.17953443166
-1.171 83.624 40.607 2.49917816808
-1.061 84.161 39.31 2.27055054127
-3.549 82.359 38.933 2.32219197539
-2.673 79.468 36.793 2.17953443166
-5.019 80.849 37.529 2.49917816808
-4.846 81.586 36.34 2.27055054127
-1.592 81.324 37.208 1.7
-0.488 81.049 36.255 2.0
0.521 82.208 36.221 2.0
0.943 77.911 37.968 2.97245262608
1.068 77.579 39.472 2.97245262608
-1.437 75.772 35.807 2.97245262608
-0.58 76.769 33.788 2.75923199067
0.232 74.561 32.653 4.32767651728
0.99 73.207 32.443 4.32767651728
3.244 73.507 33.126 4.23203245328
-0.852 74.785 30.485 2.85110369563
-1.907 74.617 29.536 2.97245262608
-1.411 75.059 28.148 2.97245262608
-1.814 76.434 27.9 2.81719981417
-12.566 69.905 43.235 2.0
-13.875 70.584 42.785 2.0
-13.143 68.62 45.217 2.41269401738
-13.601 67.364 45.795 2.57789518755
-15.066 67.075 45.972 2.43285482807
-15.804 67.89 46.549 2.28148428923
-12.45 67.191 48.08 2.57789518755
-11.252 66.406 48.61 2.57789518755
-11.056 66.54 50.108 2.57789518755
-9.979 65.615 50.488 2.57789518755
-16.92 65.573 45.286 2.57789518755
-16.518 63.181 45.572 2.28148428923
-17.326 65.396 43.802 2.57789518755
-18.691 64.709 43.469 2.57789518755
-19.937 65.444 44.024 2.57789518755
-20.118 66.918 43.528 2.57789518755
-20.655 67.02 42.157 2.57789518755
-17.743 64.185 47.147 2.41269401738
-17.942 62.968 47.922 2.57789518755
-16.611 62.372 48.39 2.43285482807
-16.374 61.149 48.244 2.28148428923
-18.868 61.97 47.178 2.57789518755
-20.253 62.612 46.952 2.43285482807
-20.553 63.724 47.469 2.28148428923
-20.98 62.06 46.001 2.46421089331
-15.728 63.277 48.819 2.41269401738
-14.326 63.003 49.23 2.57789518755
-13.376 62.542 48.107 2.43285482807
-12.188 62.233 48.354 2.28148428923
-13.823 62.55 46.882 2.57572842164
-12.859 62.265 45.839 2.72232757201
-13.443 61.196 44.922 2.72232757201
-8.199 64.648 46.171 2.72038202399
-7.872 65.536 47.197 2.65003072421
-8.103 67.931 47.587 2.72038202399
-9.188 69.049 45.704 2.72038202399
-8.581 69.095 46.973 2.72038202399
-14.645 64.395 41.713 3.43758922265
-15.107 65.195 39.523 3.54436212661
-13.839 70.134 36.905 2.32485688748
-14.285 71.441 34.913 1.94074133197
-15.033 72.157 37.882 2.32485688748
-14.834 69.933 39.179 2.32485688748
-6.387 75.131 31.876 2.32485688748
-5.811 74.82 29.543 1.94074133197
-4.125 76.407 31.827 2.32485688748
-4.904 75.007 33.828 2.32485688748
-7.28 76.495 30.115 2.85110369563
-7.424 76.931 28.708 2.97245262608
-6.746 78.284 28.402 2.8655882766
-5.848 78.386 27.533 2.75923199067
-7.035 79.315 29.149 2.22402568616
-6.431 80.602 28.808 2.41516305987
-6.609 81.602 29.938 2.24769809506
-7.264 81.258 30.936 2.06703446881
-6.963 81.238 27.474 2.41516305987
-9.257 82.521 27.522 2.24769809506
-10.696 80.984 26.935 2.22402568616
-10.619 82.195 27.289 2.24769809506
-8.869 83.807 27.888 2.32218807228
-11.637 83.116 27.467 2.32218807228
-9.899 84.749 28.036 2.32218807228
-11.248 84.401 27.839 2.32218807228
-6.076 82.79 29.733 2.41269401738
-6.218 83.942 30.642 2.57789518755
-5.038 84.901 30.505 2.43285482807
-4.477 85.09 29.404 2.28148428923
-4.682 85.466 31.621 2.22402568616
-3.629 86.447 31.738 2.41516305987
-2.29 85.961 31.198 2.24769809506
-1.819 84.873 31.605 2.06703446881
-3.495 86.799 33.234 2.41516305987
-3.704 88.195 33.291 2.16754538317
-1.602 86.793 30.48 2.22402568616
-0.185 86.46 30.105 2.41516305987
0.814 86.602 31.251 2.24769809506
1.877 85.942 31.238 2.06703446881
0.315 87.2 28.857 2.41516305987
-0.596 87.003 27.776 2.16754538317
0.488 87.325 32.313 2.41269401738
1.348 87.345 33.512 2.57789518755
0.579 86.873 34.745 2.43285482807
-0.667 86.866 34.716 2.28148428923
1.767 88.795 33.794 2.57789518755
0.551 89.568 33.855 2.36497245057
2.678 89.32 32.698 2.57789518755
1.248 86.484 35.788 1.7
0.504 85.993 36.943 2.0
-0.277 87.127 37.598 1.74
0.314 88.194 37.909 1.4
1.573 85.514 37.946 2.0
2.553 84.091 37.411 1.8
-1.574 87.016 37.648 2.57572842164
-2.476 88.027 38.112 2.72232757201
-3.375 87.475 39.182 2.59344389372
-4.083 86.478 38.867 2.46178430194
-3.437 88.45 36.986 2.72232757201
-4.391 89.355 37.567 2.53400746709
-3.345 88.154 40.331 2.41269401738
-4.112 87.799 41.536 2.57789518755
-5.544 88.307 41.478 2.43285482807
-6.338 87.983 42.39 2.28148428923
-3.474 88.296 42.856 2.57789518755
-3.65 89.712 42.989 2.36497245057
-1.972 87.95 42.91 2.57789518755
-5.814 89.166 40.531 2.57572842164
-7.12 89.801 40.568 2.72232757201
-7.907 89.543 39.286 2.59344389372
-9.057 90.06 39.216 2.46178430194
-6.838 91.299 40.57 2.72232757201
-6.123 91.503 39.368 2.53400746709
-8.063 88.257 37.174 2.72232757201
-8.252 86.717 37.219 2.59344389372
-7.328 85.973 37.667 2.46178430194
-7.248 88.64 35.912 2.72232757201
-6.599 89.852 36.101 2.53400746709
-8.071 88.777 34.64 2.72232757201
-9.712 84.768 36.925 3.54436212661
-8.972 84.035 35.823 3.47033660994
-8.823 84.528 34.674 3.39902103994
-8.766 82.749 36.021 2.85110369563
-8.214 82.029 34.866 2.97245262608
-9.265 81.009 32.954 2.85110369563
-8.878 78.595 31.342 2.75923199067
-8.717 75.867 34.553 3.02722347308
-9.288 78.163 35.933 3.02722347308
-7.804 76.342 35.506 3.02722347308
-8.097 77.529 36.158 2.98417189675
-7.221 78.027 37.111 2.93964069245
-18.148 73.42 32.464 2.97245262608
-19.45 74.196 32.322 2.97245262608
-19.259 75.646 32.519 2.85110369563
-19.593 76.161 33.667 2.8655882766
-19.441 77.428 33.858 2.88830125379
-19.921 75.461 34.691 2.88830125379
-15.408 70.603 32.112 2.85110369563
-14.379 68.499 32.893 2.97245262608
-17.682 69.128 32.656 2.57572842164
-19.734 68.75 31.344 2.59344389372
-20.484 67.874 30.889 2.46178430194
-19.894 69.21 33.766 2.72232757201
-19.901 70.621 33.603 2.53400746709
-19.422 68.898 35.189 2.72232757201
-19.412 69.747 30.545 2.22402568616
-19.965 69.971 29.229 2.41516305987
-19.347 69.073 28.181 2.24769809506
-19.842 68.986 27.027 2.06703446881
-19.697 71.452 28.85 2.41516305987
-17.392 67.727 27.565 2.72232757201
-17.374 66.209 27.772 2.59344389372
-16.489 70.027 25.72 2.72232757201
-17.856 65.88 28.946 2.22402568616
-18.515 63.451 28.762 2.24769809506
-18.0 62.322 28.721 2.06703446881
-19.504 64.173 31.374 2.41516305987
-17.002 63.551 31.784 2.41516305987
-19.556 63.821 27.988 2.41269401738
-20.185 62.815 27.134 2.57789518755
-19.362 61.055 25.721 2.28148428923
-21.606 63.192 26.659 2.57789518755
-22.571 63.176 27.858 2.43285482807
-23.422 64.088 27.997 2.28148428923
-22.699 62.034 28.469 2.46421089331
-18.676 63.19 25.316 2.41269401738
-17.743 62.947 24.216 2.57789518755
-16.23 61.117 23.95 2.28148428923
-17.205 64.359 23.828 2.57789518755
-16.119 64.055 21.511 2.49686919338
-14.805 63.949 20.949 2.41269401738
-12.571 64.104 21.823 2.49686919338
-13.549 61.177 28.589 3.54436212661
-17.042 58.414 27.476 2.32485688748
-17.211 57.745 26.134 2.14243103283
-16.886 56.54 25.99 1.94074133197
-18.444 58.293 28.14 2.32485688748
-18.452 57.627 29.552 2.32485688748
-18.017 58.652 30.609 2.14243103283
-18.882 59.343 31.218 1.94074133197
-16.733 58.686 30.888 2.18262886222
-17.953 58.036 23.9 2.32485688748
-16.698 57.633 23.157 2.14243103283
-16.707 56.505 22.608 1.94074133197
-18.886 58.939 23.095 2.32485688748
-20.304 58.746 23.713 2.32485688748
-21.329 59.746 23.181 2.14243103283
-20.907 60.84 22.735 1.94074133197
-22.504 59.687 23.79 2.18262886222
-15.671 58.46 23.194 2.85110369563
-14.35 58.179 22.581 2.97245262608
-14.051 60.529 22.147 2.81719981417
-12.078 59.252 22.057 2.97245262608
-13.081 55.812 25.238 2.41516305987
-13.785 54.499 24.908 2.24769809506
-13.118 53.453 24.732 2.06703446881
-13.169 56.001 26.777 2.41516305987
-11.831 56.492 27.359 2.24769809506
-11.738 56.59 28.904 2.41516305987
-15.101 54.524 24.924 1.99639670258
-15.927 53.318 24.651 2.22693058289
-15.563 52.686 23.325 2.02565795104
-15.858 51.498 23.111 1.79544509739
-17.417 53.715 24.509 2.22693058289
-14.98 53.011 21.045 2.22693058289
-13.541 52.719 20.624 2.02565795104
-13.316 52.247 19.492 1.79544509739
-15.659 53.987 20.094 2.22693058289
-12.573 53.231 21.378 2.32219197539
-11.187 53.294 20.853 2.49917816808
-10.301 52.516 21.78 2.34393302806
-9.073 52.724 21.76 2.17953443166
-10.658 54.746 20.739 2.49917816808
-11.412 55.357 19.558 2.34393302806
-11.184 54.909 18.406 2.17953443166
-12.616 55.845 19.86 2.37766287277
-10.837 52.135 22.839 2.17953443166
