1.E-8
433
27.34 24.43 2.614 2.22402568616
26.266 25.413 2.842 2.41516305987
26.913 26.639 3.531 2.24769809506
25.112 24.88 3.649 2.41516305987
23.93 23.959 5.904 2.28430885786
24.447 23.984 7.62 2.41516305987
26.335 27.77 3.258 2.41269401738
26.85 29.021 3.898 2.57789518755
24.865 29.024 5.33 2.28148428923
26.733 30.148 2.905 2.57789518755
26.882 31.546 3.409 2.57789518755
26.786 32.562 2.27 2.43285482807
27.783 33.16 1.87 2.28148428923
25.562 32.733 1.806 2.46421089331
25.695 34.498 8.946 2.0
25.288 34.609 7.499 1.74
24.147 33.966 7.038 1.86
26.136 35.346 6.64 1.86
23.812 34.031 5.677 1.86
25.81 35.392 5.267 1.86
24.62 34.778 4.853 1.86
30.211 33.394 14.304 3.54436212661
28.469 37.475 15.42 2.92608152912
28.213 36.753 16.411 2.8243183199
26.219 37.684 14.307 3.0287949135
25.884 39.139 14.615 3.0287949135
24.348 39.296 14.642 3.0287949135
23.865 40.723 14.749 3.0287949135
22.375 40.72 14.907 3.0287949135
29.426 38.43 15.446 2.41269401738
30.225 38.643 16.662 2.57789518755
29.664 39.839 17.434 2.43285482807
28.85 40.565 16.859 2.28148428923
31.744 38.879 16.299 2.57789518755
31.737 40.257 15.824 2.36497245057
32.26 37.969 15.171 2.57789518755
30.132 40.069 18.642 2.11633202144
29.607 41.18 19.467 2.32485688748
30.075 42.538 18.984 2.14243103283
29.586 43.57 19.483 1.94074133197
29.919 40.89 20.938 2.32485688748
29.183 39.722 21.581 2.14243103283
29.308 39.75 23.095 2.32485688748
27.7 39.721 21.228 2.32485688748
31.422 43.94 17.553 2.72232757201
30.755 44.351 16.277 2.59344389372
31.207 45.268 15.566 2.46178430194
32.979 43.918 17.445 2.72232757201
33.174 43.067 16.265 2.53400746709
33.657 43.319 18.672 2.72232757201
29.721 43.673 15.885 2.41269401738
28.978 43.96 14.678 2.57789518755
29.604 43.507 13.393 2.43285482807
29.219 43.981 12.301 2.28148428923
30.563 42.623 13.495 2.7203848681
31.191 42.012 12.331 2.85287250891
30.459 40.666 12.13 2.73628278469
30.253 39.991 13.133 2.61895377264
32.672 41.717 12.505 2.85287250891
33.28 41.086 11.227 2.85287250891
34.762 40.799 11.47 2.85287250891
35.614 40.847 10.24 2.85287250891
35.1 40.073 9.101 2.85287250891
30.163 40.338 10.886 2.65003072421
30.849 38.85 8.706 2.5427976846
28.113 39.049 10.015 2.78912757715
27.28 39.722 10.996 2.61066977765
27.588 37.635 9.715 2.78912757715
31.72 36.289 9.176 2.57789518755
32.995 35.883 9.934 2.57789518755
33.109 36.381 11.435 2.57789518755
34.535 34.028 10.72 2.57789518755
31.244 34.986 7.197 2.57572842164
31.409 32.68 6.446 2.59344389372
32.619 32.812 6.125 2.46178430194
30.091 34.393 5.078 2.72232757201
31.44 34.513 4.487 2.53400746709
29.42 35.756 5.119 2.72232757201
30.884 31.485 6.666 2.11633202144
31.677 30.275 6.639 2.32485688748
31.022 29.288 5.665 2.14243103283
29.809 29.395 5.545 1.94074133197
31.562 29.686 8.045 2.32485688748
32.631 29.444 9.06 2.14243103283
33.814 30.39 9.03 2.32485688748
31.834 28.412 5.125 3.32841402621
31.44 26.079 5.08 3.33906215107
32.576 25.802 5.461 3.26182836231
31.827 27.262 2.894 3.41882014206
31.363 28.41 1.962 3.41882014206
31.671 28.291 0.498 3.33906215107
30.869 28.621 -0.366 3.26182836231
32.835 27.861 0.278 3.26182836231
30.31 25.458 5.384 2.41269401738
30.288 24.245 6.193 2.57789518755
29.279 23.227 5.641 2.43285482807
28.478 23.522 4.725 2.28148428923
29.38 22.057 6.232 3.46048228099
28.468 20.94 5.98 3.54436212661
29.213 19.697 5.506 3.54436212661
29.728 19.755 4.06 3.54436212661
28.754 20.061 2.978 3.47033660994
27.546 19.992 2.985 3.39902103994
29.336 20.423 1.904 3.39902103994
25.829 19.825 8.494 3.08311555793
26.541 18.732 9.251 2.98417189675
24.469 19.332 7.952 3.08311555793
24.299 20.134 6.704 3.08311555793
25.714 20.108 6.073 3.08311555793
27.361 17.959 8.559 2.57572842164
28.054 16.835 9.21 2.72232757201
29.258 17.318 9.984 2.59344389372
29.93 16.477 10.606 2.46178430194
28.523 15.82 8.182 2.72232757201
28.946 16.445 6.967 2.53400746709
29.599 18.599 9.828 3.62225757892
30.796 19.083 10.566 3.69904372689
31.923 20.436 8.755 3.63125461652
32.493 19.374 8.456 3.56629383662
31.838 21.402 7.968 3.56629383662
31.51 18.936 12.852 2.85110369563
32.492 18.193 14.995 2.97245262608
33.778 18.739 14.516 2.81719981417
32.352 16.7 14.63 2.97245262608
30.832 23.699 18.358 3.54436212661
35.031 21.722 17.069 3.41882014206
35.615 22.19 15.759 3.33906215107
36.532 23.046 15.724 3.26182836231
35.667 20.383 17.447 3.41882014206
37.128 20.293 17.872 3.41882014206
37.561 18.851 18.082 3.33906215107
37.758 18.024 17.195 3.26182836231
37.628 18.599 19.313 3.26182836231
35.139 21.624 14.662 2.41269401738
35.59 21.945 13.302 2.57789518755
36.066 24.109 12.333 2.28148428923
35.064 20.957 12.255 2.57789518755
35.541 21.418 10.871 2.43285482807
36.772 21.623 10.676 2.28148428923
34.628 21.595 9.92 2.46421089331
35.715 26.203 17.172 3.54436212661
34.509 26.077 19.36 3.54436212661
33.206 26.311 20.122 3.54436212661
33.455 25.91 21.546 3.54436212661
37.499 25.743 14.571 2.22402568616
38.794 25.761 13.88 2.41516305987
38.728 26.591 12.611 2.24769809506
39.704 27.346 12.277 2.06703446881
39.285 24.336 13.566 2.41516305987
37.633 26.543 11.867 2.85110369563
37.471 27.391 10.668 2.97245262608
38.02 29.772 10.382 2.75923199067
36.193 27.058 9.911 2.97245262608
36.153 25.62 9.409 2.97245262608
34.758 25.28 8.9 2.97245262608
34.793 24.264 7.767 2.97245262608
34.914 24.944 6.441 2.97245262608
34.228 30.63 13.319 2.72232757201
35.874 32.138 14.512 2.72232757201
33.284 30.504 14.552 2.72232757201
41.828 31.808 12.681 2.46178430194
40.996 29.399 14.865 2.72232757201
42.445 29.848 15.182 2.72232757201
43.09 28.828 16.095 2.59344389372
42.77 27.655 15.906 2.46178430194
43.898 29.252 17.05 2.62109821036
41.001 29.878 11.931 3.18494045613
41.718 30.022 10.643 3.28331166428
41.399 31.338 9.967 3.19656430018
42.26 32.036 9.381 3.11200838625
41.398 28.78 9.81 3.28331166428
42.626 28.557 8.928 3.19656430018
43.666 28.262 9.539 3.11200838625
42.43 28.812 7.728 3.11200838625
39.808 32.994 9.233 2.97245262608
39.837 34.271 9.995 2.8655882766
40.164 35.323 9.345 2.75923199067
38.615 32.801 8.32 2.97245262608
37.22 32.822 8.827 2.97245262608
36.351 33.613 7.838 2.97245262608
36.322 32.944 6.477 2.97245262608
35.768 33.945 5.489 2.97245262608
39.676 35.547 12.072 3.41882014206
40.675 35.527 13.2 3.33906215107
40.814 36.528 13.911 3.26182836231
38.29 35.814 12.698 3.41882014206
37.156 35.985 11.688 3.41882014206
37.192 37.361 11.033 3.33906215107
37.519 38.36 11.645 3.26182836231
36.861 37.32 9.822 3.26182836231
41.317 34.393 13.432 2.41269401738
42.345 34.269 14.431 2.57789518755
41.949 34.076 15.842 2.43285482807
42.829 34.0 16.739 2.28148428923
40.226 33.716 17.509 2.57789518755
38.471 35.546 17.045 2.57789518755
38.146 33.932 19.027 2.57789518755
36.958 35.746 16.68 2.57789518755
41.461 30.751 19.594 2.72232757201
42.195 31.142 20.913 2.72232757201
42.904 32.414 20.553 2.72232757201
41.822 33.188 19.813 2.72232757201
38.421 28.048 21.341 2.59344389372
37.213 28.036 21.704 2.46178430194
39.09 26.629 19.325 2.72232757201
40.082 26.904 18.198 2.72232757201
41.035 27.909 18.879 2.72232757201
39.374 28.09 22.24 3.28197651502
39.063 28.063 23.695 3.374854362
37.684 29.39 25.221 3.21343256117
40.34 27.692 24.468 3.374854362
40.559 28.585 25.675 3.29292659605
40.716 29.809 25.456 3.21343256117
40.549 28.09 26.84 3.21343256117
37.738 31.637 23.712 2.72232757201
39.919 32.854 23.84 2.72232757201
40.76 34.036 23.394 2.59344389372
41.975 34.008 23.624 2.46178430194
40.14 35.007 22.775 2.62109821036
33.58 29.009 22.499 2.46178430194
31.2 30.329 22.78 2.78912757715
30.847 30.931 24.118 2.78912757715
29.412 30.796 24.598 2.78912757715
29.271 31.314 26.016 2.78912757715
27.875 31.317 26.443 2.65003072421
27.132 32.423 26.574 2.66677603688
27.63 33.656 26.461 2.69295246139
25.81 32.299 26.732 2.69295246139
29.694 29.436 21.054 2.57572842164
27.101 28.346 21.097 2.46178430194
29.151 28.655 18.755 2.72232757201
24.101 30.149 19.196 2.24769809506
24.196 30.948 18.287 2.06703446881
24.639 31.426 21.286 2.41516305987
25.646 31.67 22.421 2.41516305987
23.181 31.309 21.824 2.41516305987
25.778 30.436 23.356 2.41516305987
22.126 29.062 18.183 2.0
20.821 27.734 19.749 1.4
22.494 28.057 17.109 2.0
21.325 28.813 15.005 1.86
20.638 26.735 16.053 1.86
20.369 28.648 14.001 1.86
19.677 26.539 15.051 1.86
19.593 27.465 14.021 1.86
19.81 29.378 18.578 2.22402568616
18.443 29.143 19.083 2.41516305987
18.453 28.941 20.591 2.24769809506
17.86 27.994 21.128 2.06703446881
17.864 27.977 18.346 2.41516305987
19.172 29.808 21.243 2.41269401738
19.399 29.894 22.655 2.57789518755
20.083 28.729 23.321 2.43285482807
19.991 28.584 24.561 2.28148428923
21.55 26.796 23.133 3.0287949135
23.046 27.087 22.913 2.92608152912
21.242 25.519 22.391 3.0287949135
19.762 25.077 22.455 3.0287949135
19.634 23.885 21.531 3.0287949135
18.791 24.221 20.313 3.0287949135
17.44 24.655 20.827 3.0287949135
23.88 26.727 23.851 2.41269401738
25.743 25.586 22.922 2.43285482807
25.325 24.489 23.378 2.28148428923
26.07 27.025 24.96 2.57789518755
27.553 27.356 24.695 2.57789518755
28.262 27.576 26.02 2.43285482807
29.189 26.84 26.335 2.28148428923
27.777 28.585 26.739 2.46421089331
26.465 25.689 21.833 2.22402568616
26.826 24.521 21.012 2.41516305987
27.994 23.781 21.643 2.24769809506
28.904 24.444 22.098 2.06703446881
27.043 24.992 19.571 2.41516305987
24.577 25.19 19.079 2.41516305987
27.942 22.448 21.648 3.46048228099
29.015 21.657 22.288 3.54436212661
28.348 20.54 23.066 3.54436212661
29.247 19.456 23.705 3.54436212661
28.722 19.047 25.066 3.47033660994
29.139 18.132 25.746 3.39902103994
27.777 19.842 25.367 3.39902103994
31.233 21.09 21.459 3.28197651502
32.128 19.364 19.75 3.29292659605
32.546 19.317 18.558 3.21343256117
33.638 20.716 21.242 3.374854362
34.174 22.129 21.354 3.29292659605
35.252 22.322 21.958 3.21343256117
33.544 23.086 20.883 3.21343256117
31.697 18.311 20.406 2.57572842164
31.568 16.962 19.825 2.72232757201
30.198 15.657 18.366 2.46178430194
29.34 17.594 19.076 2.65003072421
28.108 17.439 18.276 2.78912757715
26.621 17.799 20.352 2.78912757715
26.01 16.37 20.28 2.78912757715
26.975 15.521 20.942 2.65003072421
27.603 14.423 20.655 2.66677603688
27.479 13.733 19.537 2.69295246139
28.519 13.967 21.55 2.69295246139
27.51 17.689 15.954 2.85110369563
27.299 17.055 13.533 2.97245262608
25.925 16.611 13.913 2.81719981417
28.236 15.864 13.558 2.97245262608
24.241 20.436 12.857 2.8655882766
26.084 21.888 11.833 2.97245262608
22.924 18.583 12.025 2.78912757715
22.229 18.244 13.325 2.66677603688
20.963 18.253 13.395 2.5427976846
23.059 17.326 11.154 2.78912757715
23.914 16.395 11.755 2.61066977765
22.997 17.978 14.366 3.18494045613
22.418 17.638 15.693 3.28331166428
21.46 18.737 16.163 3.19656430018
20.497 18.506 16.9 3.11200838625
23.461 17.331 16.741 3.28331166428
24.184 16.016 16.619 3.19656430018
25.303 15.894 17.152 3.11200838625
23.572 15.107 15.975 3.11200838625
21.079 21.149 16.251 2.65207782941
20.142 21.59 15.149 2.51571213812
19.499 22.645 15.321 2.37505611705
22.085 22.254 16.581 2.65207782941
24.272 21.544 17.644 2.57572524911
22.437 22.157 19.065 2.57572524911
25.052 21.285 18.776 2.57572524911
23.204 21.907 20.192 2.57572524911
24.517 21.47 20.03 2.51571213812
25.248 21.302 21.191 2.45240269655
19.993 20.884 14.049 2.41269401738
19.065 21.352 12.999 2.57789518755
19.442 22.745 12.51 2.43285482807
18.571 23.61 12.289 2.28148428923
17.586 21.282 13.461 2.57789518755
16.576 21.258 12.315 2.43285482807
15.44 21.819 12.378 2.28148428923
16.924 20.586 11.216 2.46421089331
20.717 22.964 12.26 2.41269401738
21.184 24.263 11.69 2.57789518755
21.11 24.111 10.173 2.43285482807
21.841 23.198 9.686 2.28148428923
20.291 24.875 9.507 2.41269401738
20.081 24.773 8.033 2.57789518755
20.822 25.914 7.332 2.43285482807
18.599 24.736 7.727 2.57789518755
17.819 23.434 7.9 2.57789518755
16.509 23.529 7.116 2.43285482807
15.446 22.98 7.433 2.28148428923
16.539 24.293 6.009 2.46421089331
20.924 25.862 6.006 2.91219395265
19.958 28.465 5.842 2.8243183199
21.631 26.642 3.731 3.0287949135
20.21 26.423 3.175 3.0287949135
20.268 26.589 1.656 3.0287949135
19.202 25.857 0.891 3.0287949135
17.884 26.544 1.075 3.0287949135
21.466 30.953 7.261 3.47033660994
21.066 32.112 7.533 3.39902103994
21.023 31.223 4.784 3.54436212661
21.861 31.342 3.474 3.54436212661
21.156 30.726 2.311 3.47033660994
19.942 30.793 2.17 3.39902103994
21.954 30.152 1.535 3.39902103994
21.674 30.034 8.191 2.85110369563
21.419 30.253 9.62 2.97245262608
21.637 28.923 10.353 2.97245262608
20.544 28.047 10.059 2.81719981417
22.241 31.873 11.241 2.65003072421
22.544 31.942 14.034 2.5427976846
22.699 34.267 11.985 2.78912757715
22.495 34.69 10.589 2.61066977765
23.727 35.131 12.722 2.78912757715
25.149 31.609 14.98 3.54436212661
25.214 34.565 18.78 3.18635814682
23.978 35.121 18.126 3.09401308242
23.853 36.432 17.781 3.03669634378
22.824 34.514 17.782 3.13412054803
22.674 36.627 17.2 3.13412054803
22.045 35.455 17.173 3.08160126066
28.525 34.447 18.189 2.22402568616
30.052 35.042 20.004 2.24769809506
30.105 36.305 19.788 2.06703446881
30.925 34.304 17.753 2.41516305987
32.345 34.183 18.358 2.24769809506
33.361 34.491 17.245 2.41516305987
30.479 35.369 22.374 2.41516305987
31.901 34.91 22.728 2.24769809506
32.19 33.696 22.635 2.06703446881
29.821 35.957 24.765 2.41516305987
28.049 35.454 23.071 2.41516305987
32.763 35.831 23.09 2.22402568616
34.239 35.353 24.979 2.24769809506
33.707 36.197 25.728 2.06703446881
35.114 36.564 22.907 2.41516305987
35.003 35.084 20.92 2.41516305987
36.533 37.087 20.917 2.41516305987
34.93 34.384 25.451 2.57572842164
35.161 34.174 26.896 2.72232757201
37.305 33.233 26.795 2.46178430194
34.717 32.76 27.286 2.72232757201
35.752 32.054 28.16 2.72232757201
35.612 30.577 28.044 2.72232757201
34.338 29.103 26.65 2.59344389372
34.11 28.437 27.768 2.62109821036
34.014 28.657 25.457 2.62109821036
37.197 35.397 27.513 2.11633202144
38.668 35.502 27.68 2.32485688748
39.076 34.931 29.031 2.14243103283
38.297 34.946 29.996 1.94074133197
39.08 36.941 27.406 2.32485688748
39.502 37.34 26.002 2.14243103283
38.684 36.647 24.923 2.32485688748
39.337 38.854 25.862 2.32485688748
40.294 34.412 29.045 2.41269401738
40.873 33.802 30.253 2.57789518755
41.765 34.829 30.944 2.43285482807
42.945 34.994 30.583 2.28148428923
41.651 32.529 29.923 2.57789518755
41.608 31.444 30.989 2.57789518755
41.896 30.08 30.456 2.57789518755
43.311 29.735 30.563 2.41269401738
44.174 29.905 29.554 2.43285482807
43.754 30.312 28.356 2.46421089331
45.477 29.726 29.763 2.46421089331
41.165 35.531 31.898 1.99639670258
41.845 36.55 32.686 2.22693058289
41.251 37.941 32.588 2.02565795104
41.102 38.523 31.5 1.79544509739
40.946 38.472 33.757 1.99639670258
40.373 39.813 33.944 2.22693058289
40.031 39.992 35.432 2.02565795104
38.933 40.525 35.687 1.79544509739
40.862 39.575 36.251 1.79544509739
