fst1eglNoHeHR_shell
20.
0.010
8092.06
0.731
1.0
1.E-8
454
12.099 -1.267 -22.393 2.41269401738
13.518 -0.955 -22.251 2.57789518755
13.962 -1.217 -20.811 2.43285482807
13.587 -2.235 -20.227 2.28148428923
13.726 0.475 -22.749 2.57789518755
13.102 1.283 -21.753 2.36497245057
12.939 0.771 -24.009 2.57789518755
14.745 -0.294 -20.274 3.18494045613
15.233 -0.424 -18.911 3.28331166428
15.088 0.905 -18.166 3.19656430018
16.012 1.337 -17.48 3.11200838625
16.687 -0.901 -18.894 3.28331166428
16.866 -2.167 -19.735 3.28331166428
18.333 -2.363 -20.122 3.19656430018
19.131 -2.642 -19.201 3.11200838625
18.626 -2.231 -21.33 3.11200838625
13.922 1.516 -18.329 1.7
13.646 2.787 -17.687 2.0
12.439 2.705 -16.75 1.74
12.383 3.421 -15.747 1.4
13.338 3.792 -18.801 2.0
14.576 4.497 -19.36 1.74
15.153 5.512 -18.663 1.86
15.096 4.111 -20.556 1.86
16.301 6.168 -19.183 1.86
16.243 4.767 -21.076 1.86
16.821 5.781 -20.378 1.86
11.502 1.836 -17.102 2.41269401738
10.303 1.665 -16.303 2.57789518755
9.279 2.781 -16.523 2.43285482807
8.28 2.85 -15.803 2.28148428923
9.548 3.628 -17.504 2.57572842164
8.657 4.733 -17.813 2.72232757201
8.362 5.55 -16.557 2.59344389372
9.242 6.286 -16.093 2.46178430194
7.392 4.253 -18.519 2.72232757201
6.427 5.295 -18.657 2.53400746709
7.154 5.422 -16.028 3.18494045613
6.77 6.159 -14.837 3.28331166428
5.629 5.447 -14.104 3.19656430018
4.839 4.734 -14.721 3.11200838625
6.363 7.593 -15.19 3.28331166428
7.568 8.46 -15.554 3.28331166428
7.182 9.94 -15.609 3.19656430018
6.59 10.332 -16.638 3.11200838625
7.488 10.645 -14.623 3.11200838625
5.569 5.678 -12.8 2.11633202144
4.53 5.088 -11.976 2.32485688748
4.612 3.561 -11.991 2.14243103283
4.068 2.912 -12.884 1.94074133197
3.156 5.626 -12.395 2.32485688748
3.095 7.113 -12.744 2.14243103283
2.874 7.315 -14.23 2.32485688748
2.045 7.824 -11.914 2.32485688748
5.285 3.027 -10.982 2.85110369563
5.436 1.585 -10.862 2.97245262608
4.094 0.978 -10.447 2.8655882766
6.584 1.247 -9.909 2.97245262608
7.929 1.697 -10.482 2.97245262608
8.888 2.11 -9.364 2.97245262608
10.251 1.432 -9.531 2.97245262608
11.224 1.979 -8.559 2.97245262608
3.44 0.347 -11.411 2.85110369563
3.39 -2.315 -10.91 2.75923199067
1.257 -0.216 -12.398 2.97245262608
1.968 -0.557 -13.584 2.81719981417
1.313 -3.617 -9.599 2.0
1.276 -3.558 -8.062 2.0
2.604 -3.154 -7.422 1.74
3.777 -3.613 -7.934 1.86
2.613 -2.332 -6.337 1.86
5.009 -3.236 -7.339 1.86
3.846 -1.953 -5.742 1.86
5.018 -2.413 -6.257 1.86
-0.835 -5.762 -11.9 2.97245262608
-1.189 -6.98 -11.044 2.8655882766
-2.337 -7.146 -10.632 2.75923199067
-0.364 -6.133 -13.294 2.97245262608
0.976 -5.448 -13.502 2.97245262608
1.435 -4.915 -12.155 2.97245262608
-0.183 -7.81 -10.803 3.18494045613
-0.374 -9.012 -10.011 3.28331166428
-1.056 -8.692 -8.68 3.19656430018
-1.657 -9.573 -8.063 3.11200838625
0.955 -9.737 -9.787 3.28331166428
0.764 -10.97 -8.901 3.28331166428
1.124 -10.659 -7.447 3.19656430018
2.17 -10.005 -7.248 3.11200838625
0.344 -11.084 -6.567 3.11200838625
-0.994 -5.914 -4.823 2.32485688748
0.852 -6.668 -6.324 2.32485688748
-3.704 -6.984 -8.081 2.11633202144
-6.069 -7.547 -8.276 2.14243103283
-6.097 -8.492 -9.064 1.94074133197
-4.991 -5.817 -9.809 2.32485688748
-6.398 -5.52 -10.289 2.32485688748
-4.138 -4.567 -9.83 2.32485688748
-7.976 -8.346 -7.018 2.72232757201
-7.936 -8.874 -5.583 2.59344389372
-8.929 -9.403 -5.086 2.46178430194
-6.597 -9.195 -3.591 3.18635814682
-5.112 -9.448 -3.318 3.18635814682
-4.525 -10.422 -4.342 3.18635814682
-3.005 -10.274 -4.432 3.18635814682
-2.346 -11.605 -4.798 3.18635814682
-1.249 -11.916 -3.856 3.18635814682
-7.499 -8.664 -1.41 2.85110369563
-9.0 -8.719 0.472 2.97245262608
-8.072 -9.512 1.209 2.81719981417
-9.777 -9.728 -0.347 2.97245262608
-7.477 -6.046 1.114 2.41269401738
-7.432 -4.26 2.777 2.57789518755
-6.562 -3.217 3.434 2.57789518755
-8.539 -3.644 1.949 2.57789518755
-6.324 -6.918 3.642 3.18494045613
-5.606 -7.781 4.562 3.28331166428
-4.591 -8.653 3.823 3.19656430018
-3.496 -8.902 4.332 3.11200838625
-6.569 -8.714 5.306 3.28331166428
-7.524 -9.503 4.409 3.19656430018
-7.095 -10.573 3.925 3.11200838625
-8.662 -9.019 4.227 3.11200838625
-4.12 -9.937 1.83 2.57789518755
-2.855 -9.162 1.45 2.43285482807
-1.742 -9.621 1.699 2.28148428923
-4.847 -10.442 0.584 2.57789518755
-5.439 -11.835 0.806 2.57789518755
-4.366 -12.822 1.271 2.43285482807
-4.247 -13.144 2.441 2.28148428923
-3.595 -13.284 0.29 2.46421089331
-3.077 -7.998 0.851 2.41269401738
-1.967 -7.16 0.429 2.57789518755
-0.282 -5.755 1.385 2.28148428923
-2.457 -6.169 -0.605 2.57789518755
-1.16 -6.152 3.996 2.65207782941
0.063 -6.963 4.42 2.51571213812
1.125 -6.407 4.697 2.37505611705
-2.17 -6.1 5.144 2.65207782941
-1.686 -5.162 6.254 2.65207782941
-2.776 -4.16 6.638 2.65207782941
-2.604 -2.906 5.871 2.49687256947
-2.81 -1.674 6.382 2.51571213812
-3.842 -1.476 7.182 2.54507232427
-1.972 -0.658 6.081 2.54507232427
0.948 -9.18 4.836 3.41882014206
1.941 -9.339 3.684 3.33906215107
3.106 -9.669 3.901 3.26182836231
0.387 -10.537 5.266 3.41882014206
-0.137 -10.485 6.702 3.41882014206
-1.49 -9.773 6.767 3.33906215107
-2.487 -10.411 6.366 3.26182836231
-1.497 -8.606 7.216 3.26182836231
1.441 -9.102 2.479 2.49687256947
2.266 -9.222 1.289 2.65207782941
4.546 -8.51 1.058 2.37505611705
1.33 -9.004 0.1 2.65207782941
1.963 -9.314 -1.258 2.51571213812
2.823 -8.407 -1.842 2.57572524911
1.672 -10.501 -1.9 2.57572524911
3.416 -8.697 -3.122 2.57572524911
2.266 -10.792 -3.179 2.57572524911
3.671 -10.151 -4.935 2.45240269655
4.819 -5.881 2.758 1.74
5.928 -5.348 2.76 1.4
3.166 -4.521 1.484 2.0
1.542 -3.535 -0.147 1.86
3.318 -3.698 -2.241 1.86
1.183 -3.096 -1.449 1.86
2.078 -3.187 -2.469 1.86
4.295 -6.516 3.797 2.41269401738
5.019 -6.627 5.051 2.57789518755
6.145 -7.658 4.964 2.43285482807
7.168 -7.527 5.635 2.28148428923
3.993 -6.966 6.142 2.57789518755
3.224 -5.775 6.272 2.36497245057
4.632 -7.149 7.501 2.57789518755
6.874 -9.757 3.994 2.32485688748
7.924 -9.496 2.915 2.14243103283
9.11 -9.768 3.126 1.94074133197
6.137 -11.091 3.771 2.32485688748
5.695 -11.83 5.033 2.14243103283
4.73 -12.95 4.698 2.32485688748
6.89 -12.329 5.819 2.32485688748
8.351 -8.76 0.649 2.97245262608
10.229 -7.286 0.432 2.75923199067
7.615 -8.994 -0.678 2.97245262608
7.061 -10.389 -0.835 2.8655882766
5.923 -10.666 -1.572 2.79843848817
7.5 -11.583 -0.342 2.91219147086
5.698 -11.971 -1.52 2.91219147086
6.675 -12.536 -0.756 2.85110369563
8.777 -5.027 1.152 2.72232757201
7.841 -3.458 2.72 2.46178430194
7.785 -4.885 -1.214 2.59344389372
8.715 -4.603 -2.195 2.65002772709
6.748 -5.757 -1.478 2.65002772709
8.604 -5.219 -3.491 2.65002772709
6.637 -6.373 -2.775 2.65002772709
7.57 -6.073 -3.717 2.59344389372
7.466 -6.655 -4.943 2.53400746709
9.523 -4.27 4.815 2.97245262608
10.101 -2.857 4.896 2.8655882766
10.165 -2.288 5.988 2.75923199067
10.281 -5.273 5.665 2.97245262608
10.901 -6.278 4.71 2.97245262608
10.521 -5.871 3.291 2.97245262608
10.503 -2.324 3.752 2.32219197539
11.064 -0.986 3.685 2.49917816808
10.172 -0.066 2.851 2.34393302806
10.62 0.965 2.35 2.17953443166
12.49 -1.024 3.125 2.49917816808
12.496 -1.297 1.62 2.49917816808
12.285 -2.786 1.332 2.34393302806
11.285 -3.2 0.769 2.17953443166
13.28 -3.563 1.751 2.37766287277
8.917 -0.465 2.727 2.41269401738
7.927 0.279 1.977 2.57789518755
6.718 0.59 2.87 2.43285482807
6.047 -0.334 3.335 2.28148428923
7.462 -0.71 0.884 2.57789518755
9.495 -0.214 -0.523 2.49686919338
7.426 -0.654 -1.634 2.49686919338
10.139 -0.026 -1.797 2.49686919338
8.069 -0.467 -2.908 2.49686919338
9.395 -0.162 -2.926 2.43285482807
10.002 0.019 -4.13 2.36497245057
6.465 1.873 3.073 3.28197651502
5.321 2.294 3.87 3.374854362
4.093 2.346 2.959 3.29292659605
5.561 3.661 4.508 3.374854362
7.03 3.995 4.787 3.29292659605
7.774 3.047 5.122 3.21343256117
7.374 5.19 4.656 3.21343256117
3.4 1.217 2.901 2.22402568616
2.214 1.096 2.069 2.41516305987
0.928 1.512 4.054 2.06703446881
2.081 -0.354 1.588 2.41516305987
0.642 -0.722 1.295 2.41516305987
2.964 -0.614 0.386 2.41516305987
-1.21 2.602 2.648 2.72232757201
-1.224 4.109 2.38 2.72232757201
-0.315 4.914 3.312 2.59344389372
1.027 5.05 3.018 2.65002772709
-0.837 5.503 4.445 2.65002772709
1.883 5.805 3.897 2.65002772709
0.018 6.259 5.323 2.65002772709
1.336 6.372 5.006 2.59344389372
2.143 7.088 5.834 2.53400746709
-3.517 1.902 2.728 1.7
-6.461 1.938 3.773 1.4
-4.837 -0.096 2.824 2.0
-2.058 -2.648 2.258 1.86
-7.164 5.215 2.448 2.57789518755
-6.438 5.359 3.787 2.43285482807
-6.165 6.817 4.099 2.57789518755
-7.196 4.677 4.905 2.57789518755
-10.833 4.126 0.081 3.28331166428
-12.145 4.445 0.773 3.28331166428
-11.834 4.632 2.249 3.28331166428
-10.326 4.576 2.421 3.28331166428
-11.041 4.874 -2.201 3.18494045613
-10.795 5.733 -3.343 3.28331166428
-11.25 7.163 -3.05 3.19656430018
-12.086 7.385 -2.173 3.11200838625
-11.499 5.182 -4.591 3.28331166428
-12.934 4.737 -4.296 3.28331166428
-13.738 4.588 -5.59 3.19656430018
-13.09 4.533 -6.657 3.11200838625
-14.982 4.533 -5.481 3.11200838625
-10.685 8.098 -3.8 2.41269401738
-11.024 9.498 -3.635 2.57789518755
-10.519 10.089 -2.319 2.43285482807
-10.799 11.254 -2.026 2.28148428923
-9.787 9.276 -1.552 2.57572842164
-9.233 9.757 -0.299 2.72232757201
-7.865 10.413 -0.483 2.59344389372
-7.64 11.533 -0.012 2.46178430194
-9.167 8.662 0.764 2.72232757201
-9.369 9.185 2.079 2.53400746709
-5.605 10.185 -1.396 2.97245262608
-5.597 11.271 -2.474 2.8655882766
-6.501 11.336 -3.304 2.75923199067
-4.775 8.967 -1.763 2.97245262608
-5.765 7.87 -2.117 2.97245262608
-7.154 8.348 -1.73 2.97245262608
-4.564 12.099 -2.425 2.11633202144
-4.415 13.182 -3.38 2.32485688748
-3.17 12.927 -4.237 2.14243103283
-2.711 11.794 -4.356 1.94074133197
-4.407 14.529 -2.641 2.32485688748
-3.059 15.002 -2.129 2.32485688748
-5.123 15.622 -3.445 2.32485688748
-2.673 14.025 -4.815 2.41269401738
-1.478 13.931 -5.631 2.57789518755
-0.229 13.882 -4.751 2.43285482807
0.268 14.921 -4.313 2.28148428923
-1.428 14.986 -6.73 2.57789518755
-1.951 16.197 -6.204 2.36497245057
-2.373 14.63 -7.868 2.57789518755
0.252 12.67 -4.51 2.11633202144
1.438 12.468 -3.695 2.32485688748
2.468 11.683 -4.516 2.14243103283
2.633 10.477 -4.34 1.94074133197
1.07 11.8 -2.37 2.32485688748
-0.662 11.423 -0.593 2.32485688748
0.219 13.735 -1.02 2.32485688748
3.123 12.406 -5.409 3.28197651502
4.11 11.818 -6.29 3.374854362
5.677 12.379 -4.558 3.21343256117
4.099 12.588 -7.63 3.374854362
4.046 14.12 -7.57 3.29292659605
4.8 14.681 -6.747 3.21343256117
3.25 14.688 -8.349 3.21343256117
6.493 11.528 -6.485 2.11633202144
7.881 11.596 -6.065 2.32485688748
8.104 10.858 -4.747 2.14243103283
8.725 11.38 -3.818 1.94074133197
8.346 13.058 -6.073 2.32485688748
9.736 13.357 -5.514 2.14243103283
10.61 14.037 -6.548 2.32485688748
9.645 14.161 -4.233 2.32485688748
7.601 9.634 -4.702 2.41269401738
7.746 8.793 -3.522 2.57789518755
8.182 7.389 -3.962 2.43285482807
7.374 6.633 -4.499 2.28148428923
6.42 8.683 -2.77 2.57789518755
6.286 9.79 -1.724 2.57789518755
7.32 9.628 -0.607 2.57789518755
7.461 10.899 0.139 2.41269401738
8.147 11.971 -0.311 2.43285482807
9.384 11.826 -0.831 2.46421089331
7.59 13.165 -0.232 2.46421089331
9.455 7.098 -3.734 2.41269401738
9.999 5.807 -4.12 2.57789518755
9.701 4.725 -3.077 2.43285482807
9.576 3.55 -3.418 2.28148428923
11.516 5.995 -4.208 2.57789518755
11.975 6.892 -5.358 2.43285482807
11.047 7.434 -6.224 2.49686919338
13.318 7.164 -5.527 2.49686919338
11.48 8.283 -7.304 2.49686919338
13.75 8.012 -6.606 2.49686919338
12.811 8.531 -7.441 2.43285482807
13.218 9.333 -8.461 2.36497245057
9.388 4.239 -0.732 2.72232757201
7.625 3.292 0.562 2.46178430194
10.299 4.588 0.46 2.72232757201
10.15 6.06 0.841 2.59344389372
11.007 6.888 0.575 2.46178430194
9.016 6.346 1.476 2.62109821036
4.721 5.481 -2.29 2.5427976846
5.431 6.659 0.324 2.78912757715
3.97 6.793 0.75 2.78912757715
3.388 8.127 0.271 2.78912757715
3.852 9.221 1.151 2.65003072421
3.177 10.371 1.366 2.66677603688
2.179 10.748 0.541 2.69295246139
3.512 11.124 2.399 2.69295246139
3.003 3.33 -1.913 2.97245262608
4.698 1.487 -2.044 2.97245262608
0.714 4.042 -2.178 2.65003072421
-1.843 3.582 -3.725 2.5427976846
-1.036 5.772 -2.07 2.78912757715
-0.757 6.662 -0.856 2.78912757715
-1.928 7.609 -0.591 2.78912757715
-2.812 7.051 0.46 2.65003072421
-3.143 8.897 1.873 2.69295246139
-4.876 7.437 1.396 2.69295246139
-3.056 1.456 -2.406 2.97245262608
-3.458 -0.995 -2.747 2.97245262608
-5.39 1.501 -2.996 1.7
-7.199 2.731 -3.984 2.0
-6.196 3.853 -4.266 1.74
-5.575 4.485 -3.234 1.86
-5.926 4.216 -5.549 1.86
-4.993 5.254 -5.811 1.86
-4.371 5.886 -4.78 1.86
-11.231 0.932 -1.537 2.88653560143
-11.366 -0.584 2.359 3.02722347308
-9.32 0.624 2.619 3.02722347308
-10.566 0.28 3.041 2.98417189675
-11.034 0.825 4.196 2.93964069245
-13.263 -0.919 -1.952 2.78912757715
-14.009 -1.719 -3.026 2.78912757715
-15.436 -1.199 -3.21 2.66677603688
-16.409 -1.926 -3.084 2.5427976846
-15.508 0.092 -3.519 2.69295246139
-15.206 -0.61 1.31 2.97245262608
-16.434 -1.516 1.219 2.8655882766
-17.1 -1.75 2.231 2.75923199067
-15.535 0.774 1.853 2.97245262608
-15.526 1.706 0.652 2.97245262608
-14.886 0.962 -0.51 2.97245262608
-16.708 -2.008 0.021 2.41269401738
-17.849 -2.885 -0.19 2.57789518755
-17.541 -4.303 0.301 2.43285482807
-18.222 -4.82 1.185 2.28148428923
-16.513 -4.888 -0.295 2.41269401738
-16.101 -6.234 0.071 2.57789518755
-14.615 -6.265 0.429 2.43285482807
-13.969 -7.313 0.387 2.28148428923
-16.53 -7.175 -1.055 2.57789518755
-16.197 -8.479 -0.587 2.36497245057
-15.711 -7.003 -2.315 2.57789518755
-12.456 -5.675 2.53 2.97245262608
-13.152 -4.934 3.672 2.8655882766
-14.092 -4.179 3.475 2.75923199067
-12.643 -5.187 4.874 2.88830125379
-11.179 -3.702 -3.06 2.06703446881
-12.095 -6.848 -3.112 2.41516305987
-11.357 -7.076 -4.418 2.41516305987
-12.417 -8.165 -2.439 2.41516305987
-8.568 -5.082 -6.285 2.06703446881
-10.117 -3.092 -7.461 2.72232757201
-9.265 -2.092 -8.24 2.59344389372
-9.199 -2.163 -9.47 2.46178430194
-11.588 -2.693 -7.607 2.72232757201
-11.922 -1.437 -6.803 2.59344389372
-13.202 -1.335 -6.452 2.62109821036
-7.788 -0.177 -8.134 2.85287250891
-6.336 -0.664 -8.155 2.73628278469
-5.826 -1.137 -7.141 2.61895377264
-7.941 1.179 -7.443 2.85287250891
-9.363 1.561 -7.108 2.73628278469
-9.791 1.797 -5.813 2.66237033299
-10.449 1.746 -7.912 2.78727419845
-11.078 2.112 -5.849 2.78727419845
-11.484 2.076 -7.149 2.7203848681
-5.715 -0.525 -9.315 2.22402568616
-3.436 -0.041 -8.619 2.24769809506
-3.346 1.161 -8.862 2.06703446881
-3.947 -0.93 -10.956 2.41516305987
-2.546 -1.472 -11.159 2.41516305987
-4.953 -1.704 -11.783 2.41516305987
-1.915 0.063 -6.703 3.97461189274
-1.728 -0.849 -5.502 3.97461189274
-0.176 1.663 -7.187 2.85110369563
1.234 3.52 -5.82 2.75923199067
0.809 2.865 -9.102 2.97245262608
-0.32 3.863 -9.046 2.8655882766
-0.243 5.037 -8.312 2.79843848817
-1.551 3.858 -9.634 2.91219147086
-1.383 5.697 -8.459 2.91219147086
-2.19 4.966 -9.281 2.85110369563
3.883 5.442 -6.668 2.24769809506
3.846 5.69 -7.876 2.06703446881
5.373 3.433 -6.156 2.41516305987
6.048 3.736 -4.833 2.41516305987
5.379 1.946 -6.44 2.41516305987
3.864 6.362 -5.715 2.22402568616
3.797 7.776 -6.043 2.41516305987
2.557 8.085 -6.887 2.24769809506
1.467 8.271 -6.349 2.06703446881
2.668 8.157 -8.311 2.06703446881
