1.E-8
1053
30.027 2.434 -29.826 1.99639670258
31.19 1.867 -30.486 2.22693058289
30.782 0.587 -31.22 2.02565795104
31.036 0.444 -32.415 1.79544509739
32.293 1.621 -29.455 2.22693058289
30.225 2.964 -29.002 1.68355989822
31.547 2.595 -31.214 1.68355989822
33.175 2.204 -29.72 1.68355989822
32.549 0.561 -29.442 1.68355989822
31.942 1.921 -28.467 1.68355989822
30.155 -0.311 -30.473 2.32219197539
29.709 -1.573 -31.036 2.49917816808
28.749 -2.274 -30.074 2.34393302806
29.136 -3.212 -29.379 2.17953443166
30.899 -2.473 -31.377 2.49917816808
30.501 -3.552 -32.384 2.49917816808
31.594 -4.614 -32.512 2.34393302806
31.734 -5.403 -31.553 2.17953443166
32.267 -4.613 -33.566 2.17953443166
29.953 -0.187 -29.501 2.10577365931
29.186 -1.311 -31.956 2.10577365931
31.709 -1.87 -31.786 2.10577365931
31.278 -2.941 -30.468 2.10577365931
29.568 -4.021 -32.07 2.10577365931
30.316 -3.096 -33.357 2.10577365931
27.515 -1.794 -30.065 2.32219197539
26.496 -2.362 -29.199 2.49917816808
25.171 -1.617 -29.377 2.34393302806
25.136 -0.54 -29.97 2.17953443166
26.945 -2.342 -27.737 2.49917816808
26.453 -3.586 -26.994 2.49917816808
25.546 -3.203 -25.824 2.34393302806
25.947 -2.29 -25.069 2.17953443166
24.471 -3.832 -25.709 2.17953443166
27.208 -1.03 -30.633 2.10577365931
26.385 -3.397 -29.524 2.10577365931
28.033 -2.29 -27.688 2.10577365931
26.561 -1.446 -27.248 2.10577365931
25.911 -4.233 -27.683 2.10577365931
27.307 -4.155 -26.627 2.10577365931
24.115 -2.22 -28.853 1.99639670258
22.791 -1.627 -28.946 2.22693058289
21.797 -2.431 -28.107 2.02565795104
21.994 -3.625 -27.879 1.79544509739
22.322 -1.554 -30.4 2.22693058289
21.926 -2.829 -30.899 1.9255854327
24.152 -3.097 -28.372 1.68355989822
22.9 -0.618 -28.549 1.68355989822
21.486 -0.859 -30.476 1.68355989822
23.124 -1.156 -31.021 1.68355989822
22.339 -2.99 -31.794 1.68355989822
20.751 -1.747 -27.67 1.99639670258
19.725 -2.383 -26.861 2.22693058289
18.614 -1.381 -26.541 2.02565795104
18.884 -0.204 -26.307 1.79544509739
20.316 -2.952 -25.569 2.22693058289
20.515 -1.941 -24.584 1.9255854327
20.598 -0.778 -27.86 1.68355989822
19.34 -3.199 -27.473 1.68355989822
19.651 -3.719 -25.173 1.68355989822
21.266 -3.436 -25.788 1.68355989822
21.467 -1.946 -24.276 1.68355989822
17.389 -1.884 -26.54 2.22402568616
16.236 -1.047 -26.253 2.41516305987
14.989 -1.927 -26.137 2.24769809506
15.061 -3.14 -26.323 2.06703446881
16.109 0.066 -27.294 2.41516305987
15.707 -0.501 -28.657 2.41516305987
15.804 0.569 -29.747 2.41516305987
15.31 0.029 -31.091 2.41516305987
16.125 0.574 -32.199 2.41516305987
17.178 -2.843 -26.731 1.98452021163
16.412 -0.569 -25.289 1.98452021163
15.366 0.793 -26.966 1.98452021163
17.057 0.597 -27.382 1.98452021163
16.355 -1.342 -28.91 1.98452021163
14.69 -0.886 -28.609 1.98452021163
15.212 1.439 -29.462 1.98452021163
16.836 0.904 -29.842 1.98452021163
15.363 -1.06 -31.094 1.98452021163
14.263 0.297 -31.235 1.98452021163
17.089 0.358 -32.041 1.98452021163
15.83 0.165 -33.062 1.98452021163
16.008 1.565 -32.243 1.98452021163
13.875 -1.28 -25.829 1.99639670258
12.613 -1.987 -25.686 2.22693058289
12.664 -2.861 -24.432 2.02565795104
13.128 -3.999 -24.481 1.79544509739
12.338 -2.801 -26.952 2.22693058289
13.824 -0.292 -25.679 1.68355989822
11.827 -1.243 -25.57 1.68355989822
11.308 -3.155 -26.939 1.68355989822
13.016 -3.654 -26.991 1.68355989822
12.496 -2.173 -27.829 1.68355989822
12.179 -2.296 -23.336 1.99639670258
12.162 -3.009 -22.07 2.22693058289
12.616 -5.364 -21.96 1.79544509739
11.182 -2.34 -21.105 2.22693058289
10.183 -1.461 -21.861 2.22693058289
11.802 -1.37 -23.304 1.68355989822
13.161 -2.937 -21.639 1.68355989822
11.754 -1.698 -20.436 1.68355989822
10.591 -0.454 -21.963 1.68355989822
11.167 -3.852 -19.57 1.68355989822
10.257 -6.057 -23.256 2.49917816808
9.746 -6.727 -21.978 2.34393302806
8.581 -7.114 -21.899 2.17953443166
11.374 -6.834 -23.953 2.49917816808
10.893 -7.411 -25.286 2.49917816808
12.065 -7.619 -26.248 2.49917816808
11.566 -7.885 -27.67 2.49917816808
11.122 -9.289 -27.81 2.49917816808
9.429 -5.981 -23.961 2.10577365931
12.227 -6.177 -24.123 2.10577365931
10.386 -8.36 -25.114 2.10577365931
10.165 -6.736 -25.736 2.10577365931
12.706 -6.738 -26.243 2.10577365931
10.742 -7.211 -27.904 2.10577365931
12.362 -7.676 -28.385 2.10577365931
11.887 -9.903 -27.613 2.10577365931
10.377 -9.469 -27.168 2.10577365931
10.802 -9.446 -28.744 2.10577365931
10.298 -7.458 -19.739 2.22693058289
10.87 -6.658 -18.568 2.02565795104
12.078 -6.44 -18.493 1.79544509739
10.941 -8.846 -19.756 2.22693058289
13.154 -8.607 -20.939 2.11632732207
11.401 -9.798 -22.045 2.11632732207
14.02 -8.837 -22.067 2.11632732207
12.268 -10.029 -23.172 2.11632732207
13.534 -9.537 -23.126 2.02565795104
14.354 -9.755 -24.19 1.9255854327
9.211 -7.478 -19.66 1.68355989822
10.153 -9.6 -19.756 1.68355989822
13.518 -8.049 -20.078 1.68355989822
10.38 -10.181 -22.055 1.68355989822
15.043 -8.46 -22.069 1.68355989822
11.916 -10.585 -24.041 1.68355989822
13.826 -10.113 -24.96 1.68355989822
10.377 -5.47 -16.52 2.22693058289
12.085 -3.103 -16.53 2.11632732207
13.051 -2.072 -16.808 2.11632732207
11.394 -0.846 -18.019 2.11632732207
12.658 -0.995 -17.539 2.02565795104
13.571 -0.021 -17.803 1.9255854327
11.466 -5.47 -16.476 1.68355989822
12.374 -3.977 -15.946 1.68355989822
14.075 -2.153 -16.442 1.68355989822
11.119 0.034 -18.602 1.68355989822
14.452 -0.258 -17.391 1.68355989822
11.164 -6.476 -12.015 2.57789518755
11.817 -5.228 -11.797 2.36497245057
12.17 -7.286 -12.834 2.57789518755
10.896 -7.001 -11.097 2.21447173442
12.32 -4.958 -12.618 2.21447173442
12.022 -7.084 -13.894 2.21447173442
13.183 -7.003 -12.548 2.21447173442
12.022 -8.349 -12.642 2.21447173442
8.046 -3.516 -9.949 2.02565795104
7.538 -2.396 -9.931 1.79544509739
6.523 -5.509 -9.427 2.22693058289
4.435 -6.657 -8.601 2.22693058289
4.264 -4.529 -9.971 2.22693058289
7.048 -6.452 -9.274 1.68355989822
6.579 -4.958 -8.489 1.68355989822
5.229 -7.078 -7.983 1.68355989822
3.791 -6.029 -7.987 1.68355989822
3.752 -4.232 -9.056 1.68355989822
9.266 -3.794 -9.513 2.57572842164
10.487 -1.741 -10.046 2.59344389372
11.374 -3.356 -8.325 2.72232757201
11.488 -2.951 -6.854 2.72232757201
10.457 -3.692 -5.999 2.59344389372
9.252 -3.484 -6.255 2.46178430194
10.899 -4.451 -5.109 2.46178430194
9.671 -4.708 -9.531 2.40458343712
11.343 -4.442 -8.406 2.40458343712
12.257 -3.022 -8.868 2.40458343712
12.493 -3.169 -6.49 2.40458343712
11.34 -1.876 -6.756 2.40458343712
11.371 -1.419 -12.275 2.72232757201
10.492 0.719 -12.918 2.46178430194
13.22 -2.739 -13.371 2.72232757201
14.18 -1.733 -14.008 2.59344389372
13.691 -0.652 -14.401 2.46178430194
15.382 -2.068 -14.087 2.46178430194
12.24 -0.864 -11.925 2.40458343712
13.477 -2.878 -12.322 2.40458343712
13.328 -3.708 -13.857 2.40458343712
8.472 2.24 -9.275 2.14243103283
8.071 3.281 -8.757 1.94074133197
7.783 0.13 -8.079 2.32485688748
6.791 0.504 -6.976 2.32485688748
7.515 1.11 -5.771 2.14243103283
8.635 0.753 -5.443 1.94074133197
6.815 2.043 -5.133 2.18262886222
7.659 -0.921 -8.343 1.84630452267
8.803 0.248 -7.713 1.84630452267
6.063 1.217 -7.364 1.84630452267
6.237 -0.38 -6.664 1.84630452267
5.9 2.289 -5.453 1.84630452267
7.203 2.499 -4.331 1.84630452267
10.623 3.181 -9.855 2.41516305987
10.126 4.262 -10.816 2.24769809506
10.385 5.447 -10.612 2.06703446881
12.024 2.661 -10.186 2.41516305987
12.456 1.579 -9.194 2.41516305987
13.031 2.201 -7.92 2.41516305987
14.283 3.026 -8.229 2.41516305987
14.014 4.469 -8.038 2.41516305987
10.667 3.604 -8.851 1.98452021163
12.035 2.257 -11.199 1.98452021163
12.737 3.485 -10.165 1.98452021163
11.603 0.95 -8.943 1.98452021163
13.202 0.934 -9.657 1.98452021163
12.279 2.836 -7.451 1.98452021163
13.276 1.417 -7.205 1.98452021163
15.1 2.713 -7.581 1.98452021163
14.601 2.843 -9.255 1.98452021163
13.158 4.584 -7.534 1.98452021163
14.763 4.882 -7.521 1.98452021163
13.939 4.915 -8.93 1.98452021163
11.591 4.113 -14.588 2.97082099925
11.666 5.254 -16.453 2.97082099925
12.408 4.606 -15.511 2.91219395265
9.5 5.627 -12.802 2.78120700753
11.892 3.546 -13.707 2.78120700753
12.054 5.762 -17.337 2.78120700753
13.407 4.566 -15.484 2.78120700753
5.986 8.186 -11.34 2.02565795104
5.147 8.815 -10.696 1.79544509739
5.71 6.221 -9.859 2.22693058289
4.632 7.108 -9.232 2.02565795104
4.81 7.693 -8.177 1.79544509739
3.508 7.173 -9.939 2.07047405937
8.091 6.739 -11.404 1.68355989822
6.62 6.271 -9.261 1.68355989822
2.743 7.728 -9.611 1.68355989822
8.464 10.648 -12.189 2.22693058289
8.843 11.099 -10.777 2.02565795104
8.843 12.275 -10.452 1.79544509739
9.166 10.101 -9.959 2.07047405937
6.442 10.588 -11.404 1.68355989822
8.613 11.469 -12.889 1.68355989822
9.145 9.158 -10.289 1.68355989822
9.428 10.295 -9.013 1.68355989822
6.0 11.853 -13.66 2.32219197539
6.415 12.227 -16.039 2.34393302806
6.034 12.324 -17.204 2.17953443166
5.038 13.856 -14.714 2.49917816808
3.627 14.028 -14.61 2.27055054127
6.04 12.497 -12.896 2.10577365931
5.519 14.257 -13.822 2.10577365931
5.412 14.43 -15.563 2.10577365931
3.408 14.998 -14.501 2.10577365931
7.665 11.985 -15.676 2.22402568616
8.714 11.811 -16.667 2.41516305987
8.936 10.318 -16.911 2.24769809506
9.301 9.912 -18.015 2.06703446881
9.978 12.562 -16.248 2.41516305987
10.202 13.796 -17.124 2.41516305987
11.694 14.072 -17.313 2.41516305987
11.961 15.572 -17.448 2.41516305987
11.807 16.001 -18.856 2.41516305987
7.967 11.907 -14.725 1.98452021163
8.363 12.265 -17.594 1.98452021163
9.898 12.864 -15.204 1.98452021163
10.841 11.898 -16.321 1.98452021163
9.73 13.646 -18.096 1.98452021163
9.723 14.661 -16.666 1.98452021163
12.251 13.675 -16.464 1.98452021163
12.055 13.553 -18.201 1.98452021163
11.272 16.129 -16.814 1.98452021163
12.969 15.801 -17.099 1.98452021163
11.02 15.538 -19.261 1.98452021163
11.666 16.991 -18.889 1.98452021163
12.633 15.765 -19.368 1.98452021163
8.879 8.098 -15.952 2.72232757201
10.076 7.635 -15.119 2.72232757201
10.508 8.636 -14.202 2.53400746709
9.069 7.893 -17.005 2.40458343712
10.899 7.372 -15.783 2.40458343712
10.313 8.349 -13.264 2.40458343712
8.76 4.596 -18.694 2.41269401738
11.086 3.618 -18.687 2.49686919338
11.294 1.839 -17.072 2.49686919338
11.861 2.637 -18.06 2.49686919338
8.861 5.361 -19.464 2.21447173442
11.494 4.263 -19.465 2.21447173442
11.928 1.085 -16.605 2.21447173442
12.904 2.498 -18.343 2.21447173442
-4.207 -0.81 -19.551 2.97245262608
-4.624 -1.584 -20.195 2.7140117378
-3.691 -6.944 -19.176 2.78912757715
-4.743 -5.984 -19.68 2.66677603688
-4.431 -4.757 -20.238 2.58878484312
-6.102 -6.085 -19.704 2.72038202399
-5.561 -4.154 -20.578 2.72038202399
-6.596 -4.978 -20.247 2.65003072421
-2.785 -6.816 -19.766 2.4893021431
-4.036 -7.964 -19.34 2.4893021431
-6.685 -6.931 -19.34 2.4893021431
-5.649 -3.172 -21.044 2.4893021431
0.16 -8.179 -17.51 2.41516305987
2.477 -8.193 -18.139 2.06703446881
-0.123 -9.611 -17.97 2.41516305987
-0.203 -9.772 -19.489 2.24769809506
-1.349 -9.403 -20.164 2.32218807228
0.872 -10.287 -20.187 2.32218807228
-1.425 -9.554 -21.594 2.32218807228
0.797 -10.438 -21.617 2.32218807228
-0.347 -10.064 -22.249 2.24769809506
-0.418 -10.207 -23.6 2.16754538317
0.658 -10.267 -17.586 1.98452021163
-2.198 -8.996 -19.614 1.98452021163
1.776 -10.578 -19.654 1.98452021163
-2.324 -9.266 -22.139 1.98452021163
1.638 -10.843 -22.179 1.98452021163
-0.962 -9.467 -23.994 1.98452021163
0.651 -7.251 -23.042 2.97245262608
1.249 -7.938 -24.272 2.97245262608
0.383 -7.731 -25.453 2.97245262608
-0.283 -7.741 -22.766 2.7140117378
2.245 -7.543 -24.469 2.7140117378
1.363 -9.005 -24.079 2.7140117378
-0.577 -7.752 -25.172 2.7140117378
0.59 -6.844 -25.866 2.7140117378
-0.803 -2.009 -22.492 3.23418432231
-1.342 -4.199 -21.879 3.15786376808
-1.44 -2.098 -23.371 3.076638282
-1.148 -4.874 -21.167 3.076638282
5.594 4.287 -22.039 3.97461189274
6.971 4.734 -21.545 3.91610941646
7.569 3.965 -20.76 3.86046154913
7.394 5.833 -21.961 3.86046154913
4.547 8.998 -20.122 2.57789518755
4.219 10.489 -21.976 2.28148428923
6.055 8.883 -19.894 2.57789518755
6.843 9.978 -20.616 2.57789518755
6.345 10.225 -21.554 2.21447173442
6.891 10.866 -19.986 2.21447173442
7.852 9.623 -20.822 2.21447173442
3.441 8.453 -23.701 2.49917816808
1.925 8.64 -23.794 2.34393302806
1.415 9.108 -24.812 2.17953443166
3.969 7.289 -24.542 2.49917816808
5.293 7.657 -25.217 2.49917816808
5.954 6.423 -25.834 2.49917816808
7.062 6.825 -26.81 2.49917816808
6.796 6.267 -28.154 2.49917816808
3.924 9.359 -24.066 2.10577365931
3.234 7.018 -25.299 2.10577365931
5.116 8.404 -25.99 2.10577365931
5.964 8.108 -24.486 2.10577365931
6.37 5.796 -25.045 2.10577365931
5.205 5.826 -26.354 2.10577365931
7.127 7.912 -26.868 2.10577365931
8.024 6.467 -26.444 2.10577365931
5.859 5.92 -28.191 2.10577365931
6.912 6.984 -28.842 2.10577365931
7.436 5.521 -28.338 2.10577365931
-0.2 8.386 -22.668 2.0
-4.326 7.409 -23.57 1.86
-5.031 6.673 -22.67 1.86
-0.531 8.731 -23.647 1.2
-2.351 8.11 -24.168 1.2
-4.843 7.914 -24.385 1.2
0.348 10.157 -21.128 2.11633202144
1.396 11.786 -19.625 2.32485688748
2.608 12.926 -17.729 2.32485688748
1.3 10.096 -21.426 1.84630452267
1.463 12.799 -20.022 1.84630452267
2.645 13.683 -18.513 1.84630452267
2.311 13.39 -16.789 1.84630452267
-0.449 12.975 -21.605 2.41269401738
-1.291 13.991 -22.212 2.57789518755
-2.725 13.476 -22.356 2.43285482807
-3.643 14.002 -21.729 2.28148428923
-0.73 14.434 -23.565 2.57789518755
0.598 15.175 -23.391 2.57789518755
1.151 15.632 -24.743 2.43285482807
1.333 14.75 -25.61 2.28148428923
1.381 16.854 -24.878 2.28148428923
0.484 12.932 -21.962 2.21447173442
-1.269 14.836 -21.524 2.21447173442
-0.582 13.563 -24.204 2.21447173442
-1.448 15.08 -24.069 2.21447173442
0.454 16.038 -22.743 2.21447173442
1.321 14.524 -22.899 2.21447173442
-2.872 12.454 -23.186 2.41269401738
-4.178 11.862 -23.421 2.57789518755
-4.854 11.524 -22.09 2.43285482807
-4.32 11.827 -21.024 2.28148428923
-5.023 10.712 -25.5 2.57789518755
-4.254 10.71 -26.823 2.43285482807
-3.813 11.808 -27.225 2.28148428923
-4.125 9.61 -27.401 2.28148428923
-2.12 12.032 -23.692 2.21447173442
-4.752 12.626 -23.944 2.21447173442
-3.043 10.518 -24.668 2.21447173442
-5.718 9.873 -25.478 2.21447173442
-5.619 11.622 -25.423 2.21447173442
-6.018 10.902 -22.196 3.08160126066
-6.773 10.52 -21.015 3.18635814682
-7.617 11.704 -20.54 3.09401308242
-7.137 12.835 -20.496 3.00350354728
-6.446 10.659 -23.067 2.96548237867
-7.437 9.709 -21.316 2.96548237867
-8.894 11.394 -20.185 2.41269401738
-9.809 12.42 -19.715 2.57789518755
-9.476 12.837 -18.282 2.43285482807
-9.366 14.026 -17.986 2.28148428923
-11.192 11.803 -19.848 2.57789518755
-10.972 10.303 -19.946 2.57789518755
-9.497 10.065 -20.224 2.57789518755
-9.718 13.248 -20.269 2.21447173442
-11.814 12.051 -18.988 2.21447173442
-11.583 9.879 -20.743 2.21447173442
-9.346 9.59 -21.194 2.21447173442
-9.324 11.835 -17.428 1.99639670258
-9.006 12.082 -16.032 2.22693058289
-7.819 13.039 -15.902 2.02565795104
-7.751 13.826 -14.959 1.79544509739
-8.775 11.14 -15.535 1.68355989822
-9.874 12.505 -15.526 1.68355989822
-5.73 13.786 -16.867 2.22693058289
-4.455 12.947 -16.985 2.02565795104
-5.698 14.376 -15.952 1.68355989822
-5.786 14.488 -17.698 1.68355989822
-3.341 13.571 -16.636 2.49687256947
-1.81 12.103 -15.413 2.51571213812
-0.924 13.898 -16.948 2.65207782941
-0.773 14.193 -18.442 2.65207782941
-0.367 15.65 -18.673 2.51571213812
-1.289 16.491 -18.745 2.37505611705
0.854 15.889 -18.775 2.37505611705
-3.307 14.519 -16.315 2.31343329867
-1.126 14.823 -16.409 2.31343329867
0.012 13.499 -16.556 2.31343329867
-1.714 13.988 -18.953 2.31343329867
-2.189 12.709 -14.298 2.49687256947
-2.017 12.071 -13.005 2.65207782941
-2.509 12.979 -11.876 2.65207782941
-1.517 12.995 -10.712 2.65207782941
-2.214 13.362 -9.4 2.51571213812
-3.301 12.793 -9.158 2.37505611705
-1.646 14.202 -8.671 2.37505611705
-2.607 13.616 -14.27 2.31343329867
-0.944 11.917 -12.897 2.31343329867
-2.648 13.991 -12.254 2.31343329867
-3.482 12.634 -11.524 2.31343329867
-1.048 12.015 -10.616 2.31343329867
-0.721 13.71 -10.918 2.31343329867
-3.982 10.742 -13.438 1.99639670258
-4.786 9.533 -13.472 2.22693058289
-5.986 9.729 -14.403 2.22693058289
-6.95 8.545 -14.311 2.22693058289
-4.437 11.563 -13.783 1.68355989822
-5.166 9.363 -12.464 1.68355989822
-6.519 10.622 -14.079 1.68355989822
-6.708 7.946 -13.433 1.68355989822
-7.972 8.915 -14.228 1.68355989822
1.208 10.264 -12.645 2.49917816808
2.349 10.674 -10.434 2.49917816808
2.186 12.134 -10.262 2.32219197539
3.17 13.026 -10.443 2.34393302806
4.393 12.611 -10.803 2.37766287277
2.931 14.332 -10.265 2.37766287277
1.288 10.766 -13.61 2.10577365931
1.47 10.154 -10.052 2.10577365931
3.203 10.323 -9.854 2.10577365931
1.286 12.477 -9.993 2.10577365931
5.126 13.277 -10.938 2.10577365931
2.019 14.642 -9.996 2.10577365931
3.665 14.998 -10.4 2.10577365931
-1.273 7.943 -9.793 3.08311555793
-1.342 6.415 -9.837 2.98417189675
-1.495 5.767 -8.803 2.88653560143
-2.632 8.543 -9.427 3.08311555793
-3.703 8.132 -10.439 3.08311555793
-4.537 6.962 -9.91 2.98417189675
-3.943 5.876 -9.733 2.88653560143
-5.748 7.181 -9.694 2.88653560143
-0.533 8.259 -9.056 2.84530335529
-2.923 8.213 -8.43 2.84530335529
-2.557 9.629 -9.394 2.84530335529
-4.354 8.981 -10.65 2.84530335529
-1.274 4.446 -11.238 2.78912757715
0.107 3.916 -11.63 2.66677603688
0.394 2.733 -11.459 2.5427976846
-2.323 4.067 -12.286 2.78912757715
-1.568 4.034 -10.273 2.4893021431
3.099 4.088 -11.335 2.8655882766
3.13 4.833 -10.356 2.75923199067
4.579 2.46 -10.33 2.22693058289
4.225 1.018 -9.964 2.02565795104
4.613 0.528 -8.904 1.79544509739
4.445 3.104 -9.459 1.68355989822
3.491 0.376 -10.862 1.99639670258
3.08 -1.0 -10.647 2.22693058289
1.879 -1.357 -11.526 2.02565795104
1.482 -0.575 -12.387 1.79544509739
2.823 -1.147 -9.598 1.68355989822
1.336 -2.54 -11.278 3.08160126066
-1.018 -2.124 -11.728 3.09401308242
-1.546 -2.151 -10.618 3.00350354728
-0.171 -4.448 -11.655 3.18635814682
-1.631 -4.835 -11.898 3.09401308242
-2.492 -4.275 -11.186 3.00350354728
-1.854 -5.682 -12.789 3.00350354728
1.666 -3.171 -10.575 2.96548237867
0.059 -4.597 -10.6 2.96548237867
-2.558 -0.464 -12.583 2.97245262608
-2.615 -0.173 -11.534 2.7140117378
-4.541 -5.644 -13.812 3.18635814682
-5.612 -5.687 -13.612 2.96548237867
-3.999 -5.561 -12.869 2.96548237867
-6.005 -4.089 -10.642 3.08311555793
-7.016 -2.962 -10.427 2.98417189675
-8.068 -3.174 -9.826 2.88653560143
-5.119 -4.274 -9.409 3.08311555793
-4.135 -3.112 -9.262 3.08311555793
-4.505 -2.228 -8.069 2.98417189675
-4.421 -2.743 -6.933 2.88653560143
-4.865 -1.057 -8.32 2.88653560143
-6.528 -5.023 -10.848 2.84530335529
-5.74 -4.345 -8.517 2.84530335529
-4.569 -5.212 -9.489 2.84530335529
-3.124 -3.499 -9.132 2.84530335529
-7.526 -0.628 -10.799 2.49917816808
-6.724 0.614 -10.401 2.49917816808
-7.356 1.31 -9.194 2.34393302806
-6.833 1.294 -8.092 2.17953443166
-8.507 1.921 -9.463 2.37766287277
-8.243 -0.89 -10.021 2.10577365931
-5.699 0.329 -10.166 2.10577365931
-8.881 1.896 -10.39 2.10577365931
-8.996 2.406 -8.738 2.10577365931
-9.737 -0.764 -15.836 1.4
-7.721 -3.1 -17.75 1.86
-7.662 -2.528 -18.983 1.86
-8.012 -4.146 -17.648 1.2
-10.068 -3.097 -14.363 3.13558669588
-11.412 -2.662 -13.773 3.04008465649
-12.465 -2.951 -14.339 2.9461805266
-9.63 -4.447 -13.79 3.13558669588
-9.071 -5.352 -14.889 3.13558669588
-10.189 -6.143 -15.57 3.04008465649
-10.797 -6.984 -14.872 2.9461805266
-10.412 -5.89 -16.774 2.9461805266
-10.149 -3.178 -15.447 2.90663511069
-10.478 -4.934 -13.309 2.90663511069
-8.342 -6.041 -14.461 2.90663511069
-11.33 -1.972 -12.645 2.91219395265
-12.526 -1.493 -11.973 3.0287949135
-13.13 -0.338 -12.776 2.92608152912
-14.324 -0.342 -13.074 2.8243183199
-12.201 -0.975 -10.572 3.0287949135
-13.173 -1.418 -9.476 2.92608152912
-12.921 -2.497 -8.896 2.8243183199
-14.145 -0.667 -9.242 2.8243183199
-13.191 -2.356 -11.921 2.78120700753
-11.198 -1.306 -10.302 2.78120700753
-12.18 0.115 -10.599 2.78120700753
-12.278 0.622 -13.103 1.99639670258
-12.712 1.78 -13.865 2.22693058289
-13.456 1.311 -15.117 2.02565795104
-14.203 2.079 -15.723 1.79544509739
-11.513 2.676 -14.184 2.22693058289
-11.922 3.836 -15.095 2.22693058289
-11.308 0.617 -12.857 1.68355989822
-13.4 2.347 -13.239 1.68355989822
-11.152 3.098 -13.245 1.68355989822
-12.956 4.112 -14.89 1.68355989822
-11.828 3.529 -16.136 1.68355989822
-13.866 -0.526 -16.637 2.41516305987
-13.618 0.333 -17.88 2.24769809506
-14.522 1.019 -18.355 2.06703446881
-14.938 -0.616 -16.461 1.98452021163
-13.484 -1.532 -16.803 1.98452021163
-12.389 0.264 -18.371 2.7203848681
-12.011 1.026 -19.549 2.85287250891
-12.729 0.463 -20.777 2.73628278469
-13.511 -0.481 -20.664 2.61895377264
-10.49 1.053 -19.713 2.85287250891
-9.661 3.252 -18.569 2.78727419845
-11.661 -0.296 -17.978 2.56861636439
-12.346 2.05 -19.38 2.56861636439
-10.11 0.034 -19.657 2.56861636439
-12.439 1.065 -21.921 2.41269401738
-13.048 0.634 -23.168 2.57789518755
-13.591 1.828 -23.955 2.57789518755
-12.58 2.455 -24.741 2.36497245057
-13.874 -0.014 -22.878 2.21447173442
-14.4 1.495 -24.606 2.21447173442
-14.016 2.556 -23.265 2.21447173442
-12.737 3.441 -24.776 2.21447173442
-12.543 -1.074 -24.793 2.22402568616
-9.688 -1.458 -26.898 2.06703446881
-12.595 -2.748 -26.53 2.41516305987
-12.953 -3.845 -25.694 2.16754538317
-11.834 -3.396 -27.689 2.41516305987
-13.52 -1.281 -24.848 1.98452021163
-13.447 -2.173 -26.895 1.98452021163
-13.939 -4.004 -25.742 1.98452021163
-10.939 -3.885 -27.307 1.98452021163
-12.474 -4.133 -28.176 1.98452021163
-11.551 -2.629 -28.41 1.98452021163
-11.124 0.261 -26.584 2.85110369563
-10.311 1.218 -27.316 2.97245262608
-9.142 1.666 -26.438 2.8655882766
-7.997 1.688 -26.886 2.75923199067
-11.124 2.459 -27.69 2.97245262608
-10.414 3.441 -28.624 2.8655882766
-9.659 2.953 -29.493 2.75923199067
-10.641 4.658 -28.448 2.75923199067
-11.975 0.629 -26.21 2.7140117378
-9.982 0.689 -28.211 2.7140117378
-12.052 2.138 -28.164 2.7140117378
-11.399 2.984 -26.776 2.7140117378
-9.471 2.014 -25.202 2.85110369563
-8.463 2.461 -24.257 2.97245262608
-6.99 -1.006 -23.88 2.41516305987
-6.118 -1.172 -25.126 2.24769809506
-4.91 -1.376 -25.019 2.06703446881
-7.78 -2.294 -23.643 2.41516305987
-9.818 -3.284 -22.535 2.41516305987
-9.182 -4.397 -21.795 2.22402568616
-9.755 -5.593 -21.6 2.24769809506
-10.979 -5.837 -22.088 2.28430885786
-9.104 -6.545 -20.917 2.28430885786
-8.232 -2.625 -24.578 1.98452021163
-7.104 -3.086 -23.32 1.98452021163
-10.751 -2.999 -22.049 1.98452021163
-10.07 -3.605 -23.546 1.98452021163
-11.465 -5.127 -22.597 1.98452021163
-11.407 -6.73 -21.942 1.98452021163
-9.532 -7.436 -20.771 1.98452021163
-6.764 -1.077 -26.279 2.85110369563
-6.063 -1.214 -27.543 2.97245262608
-5.078 -0.059 -27.732 2.8655882766
-3.984 -0.251 -28.262 2.75923199067
-7.049 -1.29 -28.711 2.97245262608
-6.931 -2.629 -29.443 2.97245262608
-8.049 -2.791 -30.474 2.8655882766
-7.863 -2.278 -31.598 2.75923199067
-9.064 -3.424 -30.114 2.75923199067
-5.519 -2.156 -27.473 2.7140117378
-8.067 -1.161 -28.342 2.7140117378
-6.856 -0.473 -29.408 2.7140117378
-6.974 -3.445 -28.722 2.7140117378
-5.5 1.116 -27.287 1.99639670258
-4.668 2.302 -27.4 2.22693058289
-5.456 3.55 -26.997 2.22693058289
-3.905 5.366 -26.189 2.22693058289
-6.083 4.912 -24.969 2.22693058289
-4.401 2.415 -28.451 1.68355989822
-5.475 4.234 -27.845 1.68355989822
-4.245 5.869 -27.094 1.68355989822
-7.002 4.862 -25.554 1.68355989822
-5.857 5.953 -24.736 1.68355989822
-2.862 0.558 -23.255 3.54436212661
-4.229 0.158 -23.312 3.43758922265
-1.844 -0.33 -26.251 2.32219197539
-0.962 -1.179 -27.033 2.49917816808
1.0 -0.811 -28.367 2.17953443166
-1.776 -2.112 -27.931 2.49917816808
-1.613 -1.734 -29.406 2.49917816808
-2.45 -2.649 -30.301 2.49917816808
-2.861 -1.93 -31.588 2.49917816808
-4.327 -2.0 -31.776 2.49917816808
-1.453 -3.143 -27.779 2.10577365931
-2.828 -2.065 -27.654 2.10577365931
-1.917 -0.697 -29.554 2.10577365931
-0.564 -1.802 -29.689 2.10577365931
-1.879 -3.544 -30.547 2.10577365931
-3.34 -2.977 -29.765 2.10577365931
-2.543 -0.887 -31.547 2.10577365931
-2.357 -2.381 -32.442 2.10577365931
-4.665 -2.88 -31.439 2.10577365931
-4.766 -1.259 -31.268 2.10577365931
0.63 1.941 -28.466 2.41516305987
1.736 2.428 -27.529 2.24769809506
2.748 2.962 -27.981 2.06703446881
-0.248 3.072 -29.008 2.41516305987
0.558 3.687 -30.01 2.16754538317
-0.476 4.181 -27.979 2.41516305987
1.116 1.429 -29.296 1.98452021163
-1.197 2.684 -29.379 1.98452021163
-0.022 4.063 -30.732 1.98452021163
0.304 4.936 -28.08 1.98452021163
-1.45 4.639 -28.15 1.98452021163
2.472 2.639 -25.234 2.0
3.24 1.435 -24.686 1.74
4.309 1.592 -24.099 1.4
0.979 5.255 -25.476 1.86
0.013 6.201 -25.909 1.86
-1.251 6.16 -25.409 1.86
3.17 3.324 -25.717 1.2
1.992 5.289 -25.877 1.2
0.284 6.961 -26.642 1.2
-1.992 6.886 -25.741 1.2
2.664 0.261 -24.896 1.86000608385
3.281 -0.969 -24.43 2.11953941158
5.126 -0.941 -25.966 1.62182580604
2.527 -2.186 -24.971 2.11953941158
3.476 -3.365 -25.195 2.11953941158
1.104 -4.066 -24.077 2.11953941158
2.107 -1.922 -25.942 1.48123575012
4.305 -3.049 -25.828 1.48123575012
2.937 -4.178 -25.68 1.48123575012
1.063 -4.414 -25.108 1.48123575012
0.157 -4.281 -23.582 1.48123575012
7.034 -0.955 -23.946 2.11953941158
7.596 -2.342 -23.628 1.89360203896
8.616 -2.746 -24.186 1.62182580604
7.677 0.169 -23.131 2.11953941158
7.464 1.526 -23.806 2.11953941158
8.138 0.891 -20.759 2.11953941158
7.223 -0.74 -24.997 1.48123575012
8.751 -0.007 -23.094 1.48123575012
6.486 1.542 -24.29 1.48123575012
7.512 2.316 -23.057 1.48123575012
8.241 1.685 -24.553 1.48123575012
9.044 1.145 -21.309 1.48123575012
7.324 -4.369 -22.335 2.97245262608
7.603 -4.945 -23.217 2.7140117378
6.298 -7.152 -18.56 3.19656430018
7.519 -7.122 -18.411 3.11200838625
5.16 -7.955 -20.663 3.28331166428
5.174 -7.694 -22.17 3.28331166428
4.766 -8.946 -22.948 3.19656430018
4.889 -10.043 -22.361 3.11200838625
4.339 -8.778 -24.111 3.11200838625
5.782 -8.82 -20.434 3.076638282
6.17 -7.378 -22.479 3.076638282
5.437 -7.532 -17.627 2.41269401738
6.631 -9.29 -16.441 2.43285482807
6.078 -10.261 -16.955 2.28148428923
4.148 -8.893 -15.507 2.21447173442
8.685 -10.495 -16.016 2.72232757201
10.157 -10.159 -15.78 2.72232757201
12.459 -10.654 -16.739 2.51075987144
10.81 -11.132 -18.116 2.65002772709
12.983 -11.13 -17.86 2.65002772709
11.96 -11.425 -18.712 2.57572842164
8.592 -10.891 -17.027 2.40458343712
10.472 -10.596 -14.832 2.40458343712
12.972 -10.354 -15.935 2.40458343712
9.818 -11.26 -18.549 2.40458343712
14.046 -11.262 -18.064 2.40458343712
12.056 -11.852 -19.611 2.40458343712
8.5 -13.726 -14.006 2.57789518755
8.79 -13.347 -12.553 2.43285482807
8.656 -14.175 -11.653 2.28148428923
9.283 -14.943 -14.471 2.57789518755
10.426 -14.405 -15.317 2.57789518755
10.123 -12.951 -15.639 2.57789518755
7.513 -13.879 -14.058 2.21447173442
9.66 -15.513 -13.621 2.21447173442
8.651 -15.616 -15.051 2.21447173442
10.936 -12.298 -15.32 2.21447173442
9.995 -12.801 -16.71 2.21447173442
9.182 -12.095 -12.369 2.65003072421
9.493 -11.597 -11.039 2.78912757715
8.191 -11.277 -10.302 2.66677603688
8.155 -11.274 -9.073 2.5427976846
10.322 -10.313 -11.113 2.78912757715
9.936 -9.235 -10.098 2.66677603688
10.361 -9.376 -8.931 2.5427976846
9.225 -8.294 -10.513 2.5427976846
10.059 -12.394 -10.559 2.4893021431
11.372 -10.567 -10.969 2.4893021431
7.155 -11.014 -11.085 2.65003072421
5.854 -10.694 -10.522 2.78912757715
6.364 -9.063 -8.588 2.66677603688
5.608 -9.366 -7.641 2.5427976846
7.528 -8.617 -8.486 2.5427976846
5.714 -11.402 -9.704 2.4893021431
4.937 -11.875 -12.412 2.22402568616
4.57 -13.131 -14.495 2.41516305987
4.547 -12.556 -15.913 2.41516305987
5.675 -13.145 -16.762 2.41516305987
5.151 -13.56 -18.082 2.22402568616
4.384 -14.641 -18.281 2.24769809506
4.048 -15.423 -17.247 2.28430885786
3.955 -14.94 -19.515 2.28430885786
5.684 -12.535 -12.339 1.98452021163
3.992 -14.055 -14.465 1.98452021163
3.586 -12.768 -16.38 1.98452021163
6.468 -12.408 -16.891 1.98452021163
6.116 -14.002 -16.251 1.98452021163
5.383 -12.998 -18.876 1.98452021163
4.369 -15.2 -16.326 1.98452021163
3.476 -16.23 -17.395 1.98452021163
4.205 -14.356 -20.287 1.98452021163
3.383 -15.747 -19.663 1.98452021163
2.766 -13.892 -12.392 2.22402568616
1.597 -14.539 -11.819 2.41516305987
1.115 -13.758 -10.595 2.24769809506
0.112 -14.12 -9.981 2.06703446881
1.903 -15.989 -11.438 2.41516305987
2.888 -16.075 -10.411 2.16754538317
3.61 -14.426 -12.347 1.98452021163
0.844 -14.522 -12.607 1.98452021163
0.987 -16.476 -11.103 1.98452021163
2.249 -16.53 -12.318 1.98452021163
3.725 -16.482 -10.774 1.98452021163
1.851 -12.704 -10.278 2.22402568616
1.509 -11.869 -9.139 2.41516305987
0.525 -10.784 -9.582 2.24769809506
-0.24 -10.267 -8.771 2.06703446881
2.776 -11.318 -8.48 2.41516305987
2.905 -11.814 -7.038 2.41516305987
1.834 -11.187 -6.144 2.41516305987
2.22 -11.294 -4.668 2.41516305987
1.484 -10.292 -3.866 2.41516305987
2.665 -12.417 -10.783 1.98452021163
1.015 -12.505 -8.405 1.98452021163
3.652 -11.623 -9.054 1.98452021163
2.752 -10.228 -8.493 1.98452021163
2.813 -12.901 -7.015 1.98452021163
3.895 -11.57 -6.653 1.98452021163
1.698 -10.14 -6.414 1.98452021163
0.878 -11.686 -6.311 1.98452021163
2.001 -12.296 -4.3 1.98452021163
3.294 -11.141 -4.555 1.98452021163
0.545 -10.217 -4.205 1.98452021163
1.47 -10.576 -2.907 1.98452021163
1.938 -9.404 -3.943 1.98452021163
0.578 -10.474 -10.869 1.99639670258
-0.3 -9.461 -11.43 2.22693058289
-0.951 -10.005 -12.704 2.02565795104
-2.162 -9.892 -12.882 1.79544509739
0.46 -8.15 -11.641 2.22693058289
0.938 -8.018 -13.088 2.22693058289
1.613 -8.019 -10.642 2.22693058289
-1.083 -9.265 -10.698 1.68355989822
-0.224 -7.323 -11.45 1.68355989822
1.527 -8.893 -13.362 1.68355989822
1.401 -8.623 -9.761 1.68355989822
1.724 -6.975 -10.35 1.68355989822
-2.33 -12.261 -13.578 2.28148428923
0.425 -12.181 -15.282 2.57789518755
0.128 -12.351 -16.665 2.36497245057
0.18 -13.563 -14.674 2.57789518755
-0.83 -12.612 -16.779 2.21447173442
-0.333 -13.455 -13.72 2.21447173442
-0.434 -14.155 -15.353 2.21447173442
1.136 -14.066 -14.518 2.21447173442
-4.169 -12.062 -15.653 2.41516305987
-4.982 -11.251 -14.642 2.24769809506
-4.791 -11.387 -13.435 2.06703446881
-4.189 -13.57 -15.39 2.41516305987
-4.188 -14.356 -16.702 2.41516305987
-4.191 -15.863 -16.439 2.41516305987
-5.617 -16.386 -16.256 2.41516305987
-5.674 -17.84 -16.521 2.41516305987
-2.531 -11.123 -16.531 1.98452021163
-4.593 -11.903 -16.644 1.98452021163
-3.321 -13.851 -14.794 1.98452021163
-5.073 -13.828 -14.807 1.98452021163
-5.063 -14.085 -17.293 1.98452021163
-3.311 -14.086 -17.291 1.98452021163
-3.713 -16.382 -17.271 1.98452021163
-3.603 -16.081 -15.547 1.98452021163
-5.959 -16.18 -15.242 1.98452021163
-6.292 -15.86 -16.933 1.98452021163
-4.9 -18.105 -17.097 1.98452021163
-5.631 -18.339 -15.656 1.98452021163
-6.528 -18.06 -16.992 1.98452021163
-6.737 -9.569 -14.345 2.57789518755
-7.844 -10.395 -13.689 2.43285482807
-8.24 -11.436 -14.211 2.28148428923
-7.272 -8.489 -15.272 2.57789518755
-7.085 -9.021 -16.684 2.57789518755
-6.148 -10.215 -16.612 2.57789518755
-6.202 -9.182 -13.595 2.21447173442
-8.323 -8.284 -15.068 2.21447173442
-8.044 -9.313 -17.112 2.21447173442
-6.603 -11.102 -17.053 2.21447173442
-5.224 -10.026 -17.158 2.21447173442
-8.313 -9.9 -12.553 2.22402568616
-9.368 -10.579 -11.819 2.41516305987
-9.731 -9.781 -10.566 2.24769809506
-8.871 -9.143 -9.961 2.06703446881
-8.947 -12.001 -11.441 2.41516305987
-8.137 -12.023 -10.269 2.16754538317
-7.986 -9.053 -12.135 1.98452021163
-10.214 -10.622 -12.505 1.98452021163
-9.836 -12.611 -11.279 1.98452021163
-8.4 -12.45 -12.269 1.98452021163
-8.714 -11.996 -9.452 1.98452021163
-11.007 -9.842 -10.213 2.78727690768
-11.494 -9.133 -9.042 2.91388939885
-12.892 -9.629 -8.665 2.80242708673
-13.764 -9.749 -9.523 2.69092106381
-11.494 -7.621 -9.277 2.91388939885
-11.121 -6.867 -8.0 2.91388939885
-9.618 -6.958 -7.729 2.80242708673
-8.871 -6.237 -8.427 2.69092106381
-9.249 -7.744 -6.83 2.69092106381
-11.7 -10.364 -10.71 2.64331341772
-10.789 -9.37 -8.246 2.64331341772
-10.787 -7.373 -10.07 2.64331341772
-12.48 -7.303 -9.618 2.64331341772
-11.415 -5.822 -8.091 2.64331341772
-11.672 -7.282 -7.155 2.64331341772
-13.059 -9.905 -7.38 2.22402568616
-14.335 -10.385 -6.877 2.41516305987
-14.644 -9.738 -5.526 2.24769809506
-14.09 -10.137 -4.503 2.06703446881
-14.338 -11.91 -6.749 2.41516305987
-13.348 -12.37 -5.833 2.16754538317
-12.344 -9.805 -6.688 1.98452021163
-15.071 -10.083 -7.623 1.98452021163
-15.321 -12.244 -6.419 1.98452021163
-14.162 -12.357 -7.728 1.98452021163
-13.061 -13.296 -6.077 1.98452021163
-15.526 -8.751 -5.567 1.7
-15.914 -8.044 -4.358 2.0
-17.441 -8.015 -4.258 1.74
-18.132 -7.945 -5.273 1.4
-15.268 -6.658 -4.316 2.0
-15.982 -5.692 -5.264 2.0
-13.769 -6.743 -4.606 2.0
-15.687 -6.038 -6.724 2.0
-15.972 -8.433 -6.403 1.2
-15.523 -8.607 -3.51 1.2
-15.378 -6.261 -3.307 1.2
-17.057 -5.731 -5.088 1.2
-15.662 -4.671 -5.056 1.2
-13.428 -5.802 -5.036 1.2
-13.229 -6.936 -3.679 1.2
-16.597 -6.4 -7.203 1.2
-15.332 -5.149 -7.244 1.2
-17.922 -8.07 -3.024 1.7
-19.355 -8.05 -2.779 2.0
-19.818 -6.602 -2.607 1.74
-19.35 -5.898 -1.713 1.4
-19.708 -8.953 -1.595 2.0
-19.128 -8.401 -0.291 2.0
-19.264 -10.395 -1.854 2.0
-20.213 -7.72 0.545 2.0
-17.354 -8.127 -2.204 1.2
-19.843 -8.467 -3.66 1.2
-20.792 -8.965 -1.486 1.2
-18.676 -9.21 0.281 1.2
-18.335 -7.686 -0.516 1.2
-19.582 -10.699 -2.852 1.2
-18.178 -10.459 -1.783 1.2
-19.716 -11.053 -1.112 1.2
-20.99 -8.445 0.791 1.2
-19.773 -7.333 1.466 1.2
-20.732 -6.199 -3.477 1.86000608385
-21.264 -4.848 -3.433 2.11953941158
-22.63 -4.835 -2.743 1.89360203896
-23.592 -5.407 -3.251 1.62182580604
-21.302 -4.308 -4.864 2.11953941158
-19.929 -4.14 -5.208 1.77770009144
-21.882 -2.894 -4.94 2.11953941158
-21.108 -6.778 -4.202 1.48123575012
-20.595 -4.235 -2.83 1.48123575012
-21.844 -4.987 -5.523 1.48123575012
-19.824 -4.137 -6.202 1.48123575012
-22.45 -2.684 -4.035 1.48123575012
-21.069 -2.173 -5.034 1.48123575012
-22.538 -2.817 -5.807 1.48123575012
-23.901 -4.081 -0.828 2.11953941158
-23.84 -2.893 0.135 1.89360203896
-23.664 -3.074 1.338 1.62182580604
-24.127 -5.421 -0.127 2.11953941158
-25.318 -5.222 0.628 1.77770009144
-23.061 -5.715 0.93 2.11953941158
-21.883 -3.713 -1.187 1.48123575012
-24.721 -3.889 -1.52 1.48123575012
-24.191 -6.234 -0.851 1.48123575012
-25.152 -4.563 1.362 1.48123575012
-22.1 -5.321 0.598 1.48123575012
-23.342 -5.241 1.871 1.48123575012
-22.98 -6.793 1.076 1.48123575012
-23.988 -1.704 -0.432 1.86000608385
-23.951 -0.487 0.362 2.11953941158
-25.297 0.23 0.249 1.89360203896
-26.211 -0.257 -0.417 1.62182580604
-22.757 0.379 -0.041 2.11953941158
-22.788 0.695 -1.537 2.11953941158
-21.439 -0.275 0.379 2.11953941158
-21.783 1.794 -1.887 2.11953941158
-24.131 -1.566 -1.412 1.48123575012
-23.802 -0.78 1.401 1.48123575012
-22.828 1.328 0.491 1.48123575012
-22.561 -0.206 -2.108 1.48123575012
-23.791 1.01 -1.825 1.48123575012
-21.614 -0.929 1.233 1.48123575012
-21.043 -0.861 -0.451 1.48123575012
-20.722 0.498 0.654 1.48123575012
-21.391 2.233 -0.969 1.48123575012
-20.963 1.366 -2.463 1.48123575012
-22.278 2.566 -2.476 1.48123575012
-25.379 1.376 0.909 2.85110369563
-26.598 2.166 0.891 2.97245262608
-26.321 3.539 1.506 2.8655882766
-26.439 3.716 2.717 2.75923199067
-27.701 1.495 1.711 2.97245262608
-28.923 2.372 1.992 2.8655882766
-29.17 3.28 1.17 2.75923199067
-29.583 2.113 3.022 2.75923199067
-24.631 1.765 1.448 2.7140117378
-26.883 2.229 -0.159 2.7140117378
-28.029 0.598 1.185 2.7140117378
-27.279 1.171 2.663 2.7140117378
-25.955 4.476 0.642 2.22402568616
-25.661 5.828 1.086 2.41516305987
-25.253 6.692 -0.109 2.24769809506
-25.976 6.766 -1.101 2.06703446881
-24.556 5.831 2.144 2.41516305987
-24.196 7.153 2.536 2.16754538317
-25.862 4.323 -0.341 1.98452021163
-26.587 6.196 1.527 1.98452021163
-24.89 5.272 3.019 1.98452021163
-23.677 5.317 1.754 1.98452021163
-24.621 7.379 3.413 1.98452021163
-10.735 7.103 -18.592 1.86
-8.798 5.868 -23.137 2.0
-11.364 7.164 -21.702 2.0
-12.555 6.226 -21.585 2.0
-12.155 4.766 -21.633 1.74
-11.828 4.201 -20.572 1.4
-12.122 4.181 -22.731 1.4
-5.241 2.541 -13.368 2.0
-7.553 4.353 -12.03 1.86
-6.556 4.445 -11.072 1.86
-10.582 6.994 -17.203 1.74
-11.503 7.722 -13.633 2.0
-12.377 8.775 -16.47 2.0
-13.754 8.166 -16.561 2.0
-14.507 8.642 -17.781 1.74
-13.84 8.976 -18.782 1.4
-15.76 8.669 -17.748 1.4
-9.273 6.084 -13.217 1.2
-8.596 4.354 -11.713 1.2
-8.271 6.75 -23.5 1.2
-9.747 5.771 -23.663 1.2
-11.136 7.25 -22.763 1.2
-13.492 6.709 -21.916 1.2
-11.617 6.837 -13.008 1.2
-10.837 8.432 -13.137 1.2
-12.477 8.185 -13.787 1.2
-12.339 9.514 -15.669 1.2
-14.077 7.745 -15.605 1.2
-13.802 7.36 -17.289 1.2
-12.813 6.166 -20.405 1.2
