1.E-7
15                            
-12.9000  0.0000  0.0000  2.05
 -8.8     0.      0.      2.05
 -6.0     0.      0.      0.75
 -4.5     0.      0.      0.75
 -3.0     0.      0.      0.75
 -1.5     0.      0.      0.75
  0.      0.      0.      0.75
  0.5     0.      0.8660  0.25
  0.75    0.      1.2990  0.25
  0.5     0.     -0.8660  0.25
  0.75    0.     -1.2990  0.25
  1.9     0.     -3.2909  2.05
  3.95   -3.5507 -3.2909  2.05
  1.9     0.      3.2909  2.05
  3.95    3.5507  3.2909  2.05
