fst1clbNoHeHR_shell
20.
0.010
8461.6
0.744
1.0
1.E-8
756
5.142 -12.601 2.549 2.32219197539
6.291 -12.612 3.435 2.49917816808
5.854 -12.032 4.786 2.34393302806
4.712 -11.594 4.923 2.17953443166
7.799 -12.21 1.377 2.49917816808
8.335 -13.644 1.244 2.49917816808
9.584 -13.928 2.093 2.49917816808
10.662 -12.954 1.841 2.49917816808
4.81 -11.634 2.43 2.10577365931
6.605 -13.645 3.586 2.10577365931
6.913 -12.11 0.746 2.10577365931
8.543 -11.508 0.995 2.10577365931
7.549 -14.349 1.518 2.10577365931
8.581 -13.818 0.195 2.10577365931
9.331 -13.92 3.152 2.10577365931
9.954 -14.925 1.846 2.10577365931
10.912 -12.965 0.862 2.10577365931
11.475 -13.19 2.394 2.10577365931
6.736 -12.036 5.79 2.32219197539
6.4 -11.512 7.105 2.49917816808
7.436 -12.011 8.118 2.49917816808
8.728 -11.552 7.77 2.27055054127
7.688 -12.336 5.64 2.10577365931
5.43 -11.924 7.387 2.10577365931
7.176 -11.657 9.115 2.10577365931
7.435 -13.103 8.137 2.10577365931
9.29 -11.599 8.556 2.10577365931
6.89 -7.18 7.922 2.51571213812
6.974 -6.184 7.213 2.37505611705
4.903 -7.594 9.453 2.65207782941
3.951 -8.777 9.612 2.65207782941
4.734 -9.934 8.987 2.65207782941
5.661 -7.632 10.238 2.31343329867
4.384 -6.635 9.476 2.31343329867
3.046 -8.591 9.03 2.31343329867
5.333 -10.417 9.758 2.31343329867
4.033 -10.646 8.552 2.31343329867
7.947 -7.709 8.547 2.41269401738
9.309 -7.201 8.422 2.57789518755
9.727 -7.102 6.95 2.43285482807
10.235 -6.078 6.493 2.28148428923
10.304 -8.113 9.164 2.57789518755
9.879 -8.549 10.574 2.57789518755
9.009 -9.802 10.53 2.43285482807
9.581 -10.897 10.335 2.28148428923
7.773 -9.631 10.612 2.28148428923
9.344 -6.206 8.869 2.21447173442
10.483 -9.014 8.574 2.21447173442
11.248 -7.571 9.238 2.21447173442
10.774 -8.793 11.148 2.21447173442
9.357 -7.736 11.079 2.21447173442
9.911 -8.302 4.819 2.57789518755
9.542 -6.616 3.167 2.28148428923
9.753 -9.753 4.355 2.57789518755
10.705 -10.718 5.076 2.57789518755
12.153 -10.508 4.647 2.43285482807
12.487 -10.993 3.543 2.28148428923
12.892 -9.865 5.423 2.28148428923
10.949 -7.992 4.698 2.21447173442
9.931 -9.807 3.28 2.21447173442
10.626 -10.599 6.156 2.21447173442
10.426 -11.741 4.828 2.21447173442
3.443 -8.467 4.102 2.41516305987
5.045 -8.683 2.18 2.41516305987
3.358 -8.255 5.168 1.98452021163
3.121 -9.494 3.926 1.98452021163
4.541 -7.955 1.545 1.98452021163
4.611 -9.669 2.015 1.98452021163
8.233 -3.293 6.788 2.65207782941
8.708 -1.9 7.223 2.65207782941
9.551 -1.961 8.502 2.65207782941
10.935 -2.584 8.268 2.65207782941
11.788 -2.449 9.462 2.65207782941
7.316 -3.53 7.329 2.31343329867
7.828 -1.277 7.393 2.31343329867
9.702 -0.934 8.828 2.31343329867
9.011 -2.504 9.279 2.31343329867
10.854 -3.646 8.034 2.31343329867
11.427 -2.08 7.435 2.31343329867
11.91 -1.47 9.682 2.31343329867
11.357 -2.92 10.244 2.31343329867
11.521 -3.705 3.854 2.41516305987
11.258 -3.48 2.36 2.24769809506
11.683 -2.475 1.786 2.06703446881
12.063 -2.849 4.259 1.98452021163
12.136 -4.597 3.973 1.98452021163
10.536 -4.413 1.734 1.99639670258
10.179 -4.352 0.324 2.22693058289
10.231 -6.855 -0.013 2.22693058289
9.403 -8.143 0.044 2.22693058289
11.099 -4.348 -0.263 1.68355989822
10.891 -6.886 -0.881 1.68355989822
10.854 -6.837 0.881 1.68355989822
9.589 -5.072 -2.155 1.68355989822
8.826 -8.279 -0.868 1.68355989822
10.076 -8.995 0.158 1.68355989822
6.434 0.896 2.768 1.86
5.787 2.137 2.855 1.86
7.346 0.731 3.323 1.2
6.216 2.914 3.465 1.2
11.316 0.992 0.616 3.19656430018
11.612 2.093 0.166 3.11200838625
11.106 0.856 3.143 3.28331166428
10.149 1.123 4.313 3.28331166428
10.912 1.412 5.599 3.19656430018
11.235 0.433 6.306 3.11200838625
11.165 2.614 5.842 3.11200838625
11.596 -0.111 3.266 3.076638282
11.868 1.637 3.136 3.076638282
11.777 -0.144 0.081 2.32219197539
12.628 -0.157 -1.108 2.49917816808
12.791 1.428 -2.896 2.17953443166
12.829 -1.6 -1.595 2.49917816808
13.832 -1.717 -2.75 2.49917816808
13.958 -3.186 -3.176 2.49917816808
14.824 -3.343 -4.431 2.49917816808
16.206 -2.88 -4.21 2.49917816808
13.601 0.247 -0.825 2.10577365931
13.167 -2.212 -0.758 2.10577365931
13.485 -1.128 -3.6 2.10577365931
14.797 -1.333 -2.423 2.10577365931
14.38 -3.771 -2.357 2.10577365931
12.964 -3.578 -3.398 2.10577365931
14.849 -4.397 -4.712 2.10577365931
14.383 -2.778 -5.254 2.10577365931
16.62 -3.398 -3.448 2.10577365931
16.749 -3.028 -5.049 2.10577365931
16.203 -1.896 -3.985 2.10577365931
10.056 1.427 -3.473 2.57789518755
9.544 2.776 -2.947 2.43285482807
9.562 3.765 -3.678 2.28148428923
8.961 0.569 -4.122 2.57789518755
9.716 -0.539 -6.288 2.49686919338
10.339 -1.599 -6.972 2.49686919338
10.689 -2.771 -6.281 2.43285482807
11.341 -3.782 -6.92 2.36497245057
10.772 1.654 -4.263 2.21447173442
10.61 -3.817 -4.398 2.21447173442
10.531 -1.508 -8.03 2.21447173442
11.648 -3.531 -7.792 2.21447173442
10.898 4.667 -0.567 2.11633202144
11.985 5.545 -0.147 2.32485688748
12.544 6.359 -1.319 2.14243103283
13.712 6.218 -1.675 1.94074133197
13.075 4.726 0.552 2.32485688748
12.651 4.211 1.415 1.84630452267
13.495 3.992 -0.138 1.84630452267
13.87 5.388 0.896 1.84630452267
11.711 7.231 -1.893 2.41269401738
12.101 8.206 -2.9 2.57789518755
12.184 9.597 -2.259 2.43285482807
13.127 9.871 -1.519 2.28148428923
11.21 8.091 -4.157 2.57789518755
9.772 7.574 -3.974 2.57789518755
8.83 8.495 -3.189 2.57789518755
7.446 7.859 -3.033 2.57789518755
6.564 8.707 -2.218 2.57789518755
13.117 7.998 -3.239 2.21447173442
11.208 9.027 -4.716 2.21447173442
11.694 7.347 -4.793 2.21447173442
9.358 7.46 -4.975 2.21447173442
8.709 9.438 -3.723 2.21447173442
6.376 9.582 -2.685 2.21447173442
11.145 11.828 -1.997 2.97245262608
9.676 12.191 -1.776 2.8655882766
8.783 11.402 -2.081 2.75923199067
11.84 12.807 -2.965 2.97245262608
13.203 13.267 -2.425 2.97245262608
13.099 14.136 -1.171 2.8655882766
11.957 14.514 -0.819 2.75923199067
14.167 14.41 -0.584 2.75923199067
10.431 10.178 -3.085 2.7140117378
11.623 11.852 -1.017 2.7140117378
11.992 12.324 -3.932 2.7140117378
11.223 13.69 -3.141 2.7140117378
13.817 12.393 -2.202 2.7140117378
13.705 13.853 -3.195 2.7140117378
9.424 13.379 -1.224 2.11633202144
8.083 13.835 -0.89 2.32485688748
7.598 13.14 0.38 2.14243103283
7.404 13.789 1.404 1.94074133197
10.214 13.969 -0.977 1.84630452267
8.111 14.912 -0.722 1.84630452267
7.392 13.629 -1.709 1.84630452267
7.44 11.814 0.32 2.97082338406
7.176 10.974 1.478 3.08311555793
7.975 9.678 1.309 2.98417189675
5.676 10.679 1.584 3.08311555793
5.335 9.998 2.905 2.98417189675
5.965 8.959 3.202 2.88653560143
4.451 10.533 3.609 2.88653560143
7.653 11.348 -0.558 2.84530335529
7.471 11.51 2.378 2.84530335529
5.122 11.615 1.531 2.84530335529
8.886 9.335 2.232 2.41269401738
9.751 8.174 2.088 2.57789518755
9.658 5.796 2.326 2.28148428923
10.924 8.452 3.032 2.57789518755
10.266 9.241 4.164 2.57789518755
9.228 10.088 3.428 2.57789518755
11.412 7.542 3.385 2.21447173442
11.65 9.09 2.525 2.21447173442
9.762 8.55 4.843 2.21447173442
8.358 10.257 4.065 2.21447173442
9.673 11.042 3.138 2.21447173442
5.655 5.725 2.991 2.34393302806
4.755 5.243 3.678 2.17953443166
7.225 5.658 5.021 2.49917816808
8.277 4.661 5.503 2.34393302806
8.033 3.91 6.442 2.17953443166
9.449 4.628 4.88 2.37766287277
7.467 6.645 5.418 2.10577365931
6.286 5.352 5.479 2.10577365931
10.16 3.997 5.226 2.10577365931
2.685 7.552 2.591 2.57789518755
1.239 8.028 2.478 2.43285482807
0.331 7.382 2.994 2.28148428923
0.999 9.122 1.761 2.46421089331
2.67 6.603 3.118 2.21447173442
3.253 8.254 3.197 2.21447173442
1.747 9.606 1.272 2.21447173442
3.428 7.947 -5.688 2.97245262608
2.798 8.572 -6.321 2.7140117378
3.936 8.594 -4.969 2.7140117378
5.192 7.742 -6.54 2.7140117378
0.509 5.483 -7.823 2.57789518755
1.686 4.935 -8.639 2.43285482807
1.755 3.74 -8.924 2.28148428923
-0.534 6.165 -8.73 2.57789518755
-0.56 7.7 -8.744 2.57789518755
-1.478 8.257 -7.647 2.57789518755
-1.422 9.787 -7.64 2.57789518755
-2.27 10.343 -6.574 2.57789518755
0.024 4.623 -7.36 2.21447173442
-0.374 5.818 -9.753 2.21447173442
-1.518 5.816 -8.431 2.21447173442
-0.969 8.016 -9.706 2.21447173442
-2.505 7.936 -7.841 2.21447173442
-0.396 10.116 -7.468 2.21447173442
-1.761 10.174 -8.602 2.21447173442
-3.229 10.056 -6.713 2.21447173442
2.626 5.817 -8.983 2.57572842164
3.824 5.468 -9.731 2.72232757201
4.626 4.401 -8.982 2.59344389372
4.943 3.351 -9.541 2.46178430194
4.686 6.714 -9.995 2.72232757201
4.002 7.766 -10.889 2.72232757201
2.876 8.54 -10.207 2.59344389372
2.893 8.606 -8.958 2.46178430194
1.999 9.037 -10.945 2.46178430194
3.521 5.049 -10.692 2.40458343712
5.001 7.169 -9.056 2.40458343712
5.587 6.38 -10.513 2.40458343712
4.751 8.494 -11.199 2.40458343712
3.607 7.278 -11.781 2.40458343712
7.619 5.22 -5.985 2.72232757201
7.411 6.337 -7.005 2.59344389372
7.022 7.445 -6.572 2.46178430194
7.641 6.067 -8.203 2.46178430194
8.407 4.558 -6.347 2.40458343712
0.924 -0.334 -4.582 2.97245262608
-0.347 0.65 -7.654 2.7140117378
2.885 0.415 -9.989 2.49917816808
4.39 -1.395 -10.411 2.17953443166
2.591 1.408 -11.126 2.49917816808
2.619 0.795 -12.537 2.49917816808
4.03 0.739 -13.149 2.49917816808
3.982 0.404 -14.645 2.49917816808
3.382 -0.919 -14.892 2.49917816808
2.149 -0.388 -10.031 2.10577365931
1.586 1.798 -10.959 2.10577365931
3.279 2.252 -11.086 2.10577365931
2.175 -0.2 -12.514 2.10577365931
2.003 1.432 -13.174 2.10577365931
4.514 1.711 -13.032 2.10577365931
4.643 -0.012 -12.655 2.10577365931
3.408 1.165 -15.178 2.10577365931
5.0 0.402 -15.038 2.10577365931
2.424 -0.925 -14.571 2.10577365931
6.7 0.094 -9.934 2.11953941158
7.672 1.239 -9.616 2.11953941158
9.391 0.699 -11.426 2.11953941158
10.022 2.066 -9.434 2.11953941158
6.842 -0.215 -10.969 1.48123575012
7.384 2.123 -10.189 1.48123575012
9.434 0.009 -9.396 1.48123575012
9.025 1.554 -11.994 1.48123575012
10.46 0.585 -11.605 1.48123575012
8.897 -0.206 -11.776 1.48123575012
9.872 2.224 -8.366 1.48123575012
11.073 1.83 -9.607 1.48123575012
9.77 2.983 -9.968 1.48123575012
4.342 -3.161 -4.32 2.11953941158
0.976 -5.471 -7.158 2.11953941158
0.028 -4.311 -9.145 2.11953941158
2.382 -3.213 -9.383 1.48123575012
0.646 -4.677 -6.487 1.48123575012
0.175 -6.204 -7.254 1.48123575012
1.84 -5.969 -6.722 1.48123575012
0.227 -3.929 -10.146 1.48123575012
-0.738 -5.084 -9.211 1.48123575012
4.747 -4.175 -10.406 2.11633202144
6.98 -6.356 -11.993 1.94074133197
5.397 -3.523 -12.662 2.32485688748
5.825 -3.98 -14.067 2.32485688748
7.322 -3.804 -14.323 2.14243103283
7.744 -2.769 -14.827 1.94074133197
8.135 -4.802 -13.998 2.18262886222
4.669 -5.437 -12.034 1.84630452267
4.392 -3.109 -12.745 1.84630452267
6.061 -2.732 -12.308 1.84630452267
5.527 -5.013 -14.246 1.84630452267
5.309 -3.354 -14.795 1.84630452267
7.78 -5.635 -13.534 1.84630452267
9.125 -4.685 -14.153 1.84630452267
8.942 -5.158 -10.479 2.57789518755
9.598 -7.368 -9.829 2.28148428923
9.66 -2.881 -10.862 2.36497245057
11.338 -4.405 -10.146 2.57789518755
9.294 -5.496 -11.456 2.21447173442
11.561 -4.722 -11.166 2.21447173442
11.967 -3.547 -9.907 2.21447173442
11.567 -5.223 -9.462 2.21447173442
8.571 -7.132 -7.23 3.28331166428
7.497 -8.22 -7.311 3.19656430018
7.751 -9.344 -6.882 3.11200838625
9.844 -6.678 -5.069 3.28331166428
9.925 -8.124 -4.587 3.19656430018
9.205 -8.438 -3.615 3.11200838625
10.718 -8.881 -5.187 3.11200838625
9.533 -7.632 -7.341 3.076638282
10.721 -6.433 -5.67 3.076638282
4.181 -8.363 -6.787 2.0
4.768 -8.205 -5.399 1.74
5.296 -9.328 -4.739 1.86
4.859 -6.932 -4.802 1.86
5.92 -9.179 -3.49 1.86
5.474 -6.788 -3.548 1.86
6.012 -7.909 -2.896 1.86
5.519 -9.842 -7.621 1.2
5.29 -10.294 -5.224 1.2
6.372 -10.034 -3.009 1.2
6.544 -7.787 -1.966 1.2
3.708 -10.592 -11.649 2.43285482807
2.691 -10.569 -12.338 2.28148428923
5.864 -9.621 -12.553 2.57789518755
6.944 -10.208 -11.643 2.57789518755
6.665 -9.539 -10.298 2.57789518755
4.142 -8.499 -11.922 2.21447173442
5.62 -10.275 -13.389 2.21447173442
6.201 -8.651 -12.917 2.21447173442
6.8 -11.286 -11.555 2.21447173442
7.951 -9.994 -12.005 2.21447173442
6.953 -10.208 -9.487 2.21447173442
4.014 -11.627 -10.867 2.22402568616
3.179 -12.797 -10.684 2.41516305987
1.81 -12.442 -10.097 2.24769809506
0.866 -13.21 -10.264 2.06703446881
3.945 -13.748 -9.757 2.41516305987
4.673 -12.988 -8.802 2.16754538317
3.018 -13.288 -11.644 1.98452021163
3.249 -14.433 -9.267 1.98452021163
4.651 -14.329 -10.352 1.98452021163
5.14 -13.587 -8.211 1.98452021163
0.518 -10.946 -8.623 2.0
0.807 -11.054 -7.114 2.0
1.856 -12.361 -5.232 2.0
0.228 -13.502 -6.75 2.0
-0.316 -11.608 -8.856 1.2
1.555 -10.307 -6.862 1.2
2.164 -12.74 -7.295 1.2
2.636 -11.603 -5.161 1.2
1.051 -12.115 -4.543 1.2
2.279 -13.325 -4.949 1.2
-0.623 -13.212 -6.134 1.2
-0.103 -13.632 -7.779 1.2
0.618 -14.455 -6.392 1.2
-0.017 -9.28 -10.336 1.7
-0.631 -8.071 -10.881 2.0
-2.152 -8.106 -10.663 1.74
-2.924 -8.143 -11.621 1.4
-0.292 -7.946 -12.377 2.0
1.567 -7.984 -14.065 2.0
1.421 -6.082 -12.463 2.0
0.344 -9.968 -10.984 1.2
-0.526 -8.898 -12.857 1.2
-0.912 -7.175 -12.836 1.2
1.427 -9.057 -14.204 1.2
0.947 -7.448 -14.784 1.2
2.615 -7.743 -14.244 1.2
0.793 -5.517 -13.151 1.2
-2.601 -8.084 -9.407 2.32219197539
-4.014 -8.157 -9.052 2.49917816808
-4.689 -6.795 -9.25 2.34393302806
-5.199 -6.203 -8.301 2.17953443166
-4.17 -8.678 -7.613 2.49917816808
-3.867 -11.157 -8.318 2.49917816808
-5.371 -11.461 -8.334 2.49917816808
-5.874 -11.834 -6.999 2.49917816808
-1.915 -8.053 -8.66 2.10577365931
-4.518 -8.857 -9.719 2.10577365931
-3.744 -7.944 -6.926 2.10577365931
-5.232 -8.77 -7.385 2.10577365931
-3.541 -10.904 -9.328 2.10577365931
-3.331 -12.061 -8.02 2.10577365931
-5.929 -10.598 -8.698 2.10577365931
-5.551 -12.293 -9.016 2.10577365931
-5.362 -12.633 -6.652 2.10577365931
-5.756 -11.059 -6.364 2.10577365931
-4.685 -6.308 -10.492 1.86000608385
-5.37 -5.096 -10.915 2.11953941158
-6.438 -5.461 -11.942 1.89360203896
-7.232 -6.371 -11.715 1.62182580604
-4.25 -6.88 -11.21 1.48123575012
-5.853 -4.59 -10.078 1.48123575012
-4.636 -4.419 -11.354 1.48123575012
-6.443 -4.768 -13.08 1.86000608385
-7.32 -5.042 -14.205 2.11953941158
-6.611 -4.584 -15.475 1.89360203896
-5.391 -4.699 -15.573 1.62182580604
-5.751 -4.036 -13.221 1.48123575012
-7.538 -6.106 -14.28 1.48123575012
-8.245 -4.483 -14.063 1.48123575012
-7.324 -3.952 -16.408 2.22402568616
-6.742 -3.363 -17.608 2.41516305987
-6.163 -1.976 -17.277 2.24769809506
-6.352 -1.018 -18.023 2.06703446881
-7.864 -3.302 -18.654 2.41516305987
-9.092 -2.994 -18.008 2.16754538317
-8.324 -3.822 -16.32 1.98452021163
-5.934 -3.986 -17.996 1.98452021163
-7.635 -2.571 -19.432 1.98452021163
-7.959 -4.283 -19.123 1.98452021163
-9.776 -2.878 -18.675 1.98452021163
-5.47 -1.892 -16.139 2.11633202144
-4.965 -0.732 -15.425 2.32485688748
-4.894 -1.171 -13.959 2.14243103283
-5.209 -2.314 -13.618 1.94074133197
-5.841 0.537 -15.596 2.32485688748
-5.303 1.598 -14.821 2.05369213118
-7.3 0.342 -15.162 2.32485688748
-5.318 -2.751 -15.621 1.84630452267
-3.957 -0.518 -15.78 1.84630452267
-5.813 0.864 -16.637 1.84630452267
-5.649 2.441 -15.15 1.84630452267
-7.356 0.055 -14.111 1.84630452267
-7.845 1.277 -15.299 1.84630452267
-7.786 -0.425 -15.764 1.84630452267
-4.597 -0.331 -11.656 2.22693058289
-3.256 -0.776 -11.055 2.22693058289
-2.021 1.467 -11.163 2.22693058289
-0.775 -0.684 -10.946 2.22693058289
-4.289 0.658 -13.513 1.68355989822
-5.333 -1.093 -11.392 1.68355989822
-3.126 -1.824 -11.326 1.68355989822
-1.936 -0.097 -12.636 1.68355989822
-2.202 1.576 -10.094 1.68355989822
-1.057 1.914 -11.405 1.68355989822
-2.787 2.004 -11.722 1.68355989822
-0.734 -1.733 -11.241 1.68355989822
-6.397 3.059 -11.428 3.08311555793
-7.469 2.7 -10.4 2.98417189675
-7.465 3.208 -9.281 2.88653560143
-7.022 3.853 -12.585 3.08311555793
-5.983 4.453 -13.526 2.98417189675
-5.118 5.2 -13.022 2.88653560143
-6.075 4.149 -14.736 2.88653560143
-5.648 3.681 -10.932 2.84530335529
-7.704 3.218 -13.151 2.84530335529
-7.6 4.68 -12.168 2.84530335529
-9.47 1.369 -9.92 2.97245262608
-8.922 0.814 -8.603 2.8655882766
-9.38 1.187 -7.526 2.75923199067
-10.35 0.336 -10.642 2.97245262608
-10.743 0.745 -12.072 2.97245262608
-11.255 2.18 -12.155 2.8655882766
-12.374 2.413 -11.648 2.75923199067
-10.509 3.015 -12.71 2.75923199067
-8.323 1.437 -11.718 2.7140117378
-10.079 2.245 -9.685 2.7140117378
-9.839 -0.627 -10.688 2.7140117378
-11.261 0.207 -10.054 2.7140117378
-11.531 0.078 -12.422 2.7140117378
-7.916 -0.061 -8.701 1.99639670258
-7.225 -0.616 -7.547 2.22693058289
-6.102 -1.551 -8.027 2.22693058289
-6.191 -3.225 -6.115 2.22693058289
-4.096 -2.944 -7.459 2.22693058289
-7.578 -0.296 -9.621 1.68355989822
-7.952 -1.193 -6.976 1.68355989822
-6.531 -2.324 -8.665 1.68355989822
-6.608 -3.966 -6.8 1.68355989822
-3.549 -3.441 -6.658 1.68355989822
-4.727 3.576 -7.499 2.0
-3.953 4.627 -6.74 1.74
-4.614 5.779 -6.269 1.86
-2.673 4.306 -6.256 1.86
-4.012 6.582 -5.286 1.86
-4.036 3.009 -8.125 1.2
-5.439 4.072 -8.158 1.2
-5.643 5.96 -6.544 1.2
-2.209 3.374 -6.545 1.2
-4.526 7.446 -4.882 1.2
-8.757 4.421 -5.844 2.57789518755
-9.353 3.576 -4.713 2.43285482807
-9.693 4.103 -3.657 2.28148428923
-9.822 4.765 -6.896 2.57789518755
-9.32 5.761 -7.954 2.57789518755
-8.939 7.108 -7.349 2.43285482807
-9.876 7.843 -6.968 2.28148428923
-7.72 7.375 -7.275 2.28148428923
-8.39 5.343 -5.393 2.21447173442
-10.15 3.85 -7.391 2.21447173442
-10.682 5.206 -6.387 2.21447173442
-8.459 5.357 -8.482 2.21447173442
-10.115 5.927 -8.682 2.21447173442
-9.479 2.264 -4.931 2.41269401738
-9.966 1.342 -3.919 2.57789518755
-9.545 1.363 -1.559 2.28148428923
-10.066 -0.072 -4.51 2.57789518755
-10.763 -1.055 -3.561 2.57789518755
-10.766 -2.463 -4.145 2.43285482807
-11.717 -2.766 -4.897 2.28148428923
-9.809 -3.208 -3.837 2.28148428923
-10.966 1.663 -3.627 2.21447173442
-10.63 -0.034 -5.443 2.21447173442
-10.247 -1.084 -2.601 2.21447173442
-11.793 -0.734 -3.395 2.21447173442
-6.797 1.354 -1.778 2.41516305987
-6.862 2.737 0.182 2.06703446881
-5.41 -1.485 -1.585 2.41516305987
-7.134 0.614 -1.054 1.98452021163
-6.383 -1.436 -1.099 1.98452021163
-8.004 6.789 -1.15 3.39902103994
-5.586 5.972 -2.258 3.54436212661
-5.298 7.364 -1.702 3.47033660994
-4.911 7.453 -0.517 3.39902103994
-5.491 8.331 -2.467 3.39902103994
-6.222 6.061 -3.14 3.36945124096
-9.06 5.838 1.285 2.41516305987
-8.359 6.252 2.579 2.24769809506
-8.917 6.124 3.666 2.06703446881
-10.218 4.87 1.555 2.41516305987
-10.762 4.271 0.254 2.41516305987
-12.208 3.8 0.467 2.41516305987
-12.793 3.15 -0.791 2.41516305987
-12.253 1.797 -1.008 2.41516305987
-7.652 4.321 0.736 1.98452021163
-9.464 6.734 0.814 1.98452021163
-9.889 4.058 2.205 1.98452021163
-11.005 5.428 2.064 1.98452021163
-10.737 5.029 -0.531 1.98452021163
-10.112 3.444 -0.037 1.98452021163
-12.249 3.097 1.302 1.98452021163
-12.818 4.67 0.718 1.98452021163
-13.875 3.068 -0.677 1.98452021163
-12.58 3.771 -1.663 1.98452021163
-12.464 1.213 -0.212 1.98452021163
-12.666 1.395 -1.837 1.98452021163
-7.103 6.698 2.463 2.11633202144
-6.227 6.893 3.607 2.32485688748
-4.95 7.627 3.191 2.14243103283
-4.746 8.771 3.589 1.94074133197
-5.935 5.526 4.255 2.32485688748
-4.605 5.507 5.007 2.14243103283
-4.475 6.09 6.077 1.94074133197
-3.598 4.867 4.42 2.18262886222
-6.717 6.83 1.54 1.84630452267
-6.734 7.518 4.346 1.84630452267
-6.737 5.284 4.952 1.84630452267
-5.934 4.753 3.483 1.84630452267
-2.65 4.958 4.778 1.84630452267
-2.74 7.498 2.141 2.72232757201
-2.597 8.735 1.247 2.59344389372
-2.299 7.74 3.109 2.40458343712
-3.58 9.641 1.229 2.85110369563
-3.525 10.949 0.577 2.97245262608
-2.876 10.902 -0.814 2.8655882766
-1.833 11.507 -1.053 2.75923199067
-2.83 11.955 1.508 2.97245262608
-2.848 13.379 0.952 2.8655882766
-3.847 13.722 0.282 2.75923199067
-1.872 14.108 1.228 2.75923199067
-4.368 9.463 1.838 2.7140117378
-4.558 11.272 0.444 2.7140117378
-3.334 11.962 2.475 2.7140117378
-1.793 11.651 1.655 2.7140117378
-3.494 10.169 -1.739 2.11633202144
-3.002 10.034 -3.106 2.32485688748
-1.763 9.146 -3.207 2.14243103283
-1.134 9.095 -4.263 1.94074133197
-4.331 9.657 -1.483 1.84630452267
-3.78 9.595 -3.727 1.84630452267
-2.776 11.011 -3.527 1.84630452267
1.332 9.315 -2.123 3.69904372689
2.656 9.745 -1.502 3.63125461652
2.631 10.123 -0.309 3.56629383662
3.674 9.659 -2.223 3.56629383662
1.448 9.236 -3.201 3.53946452616
0.595 10.092 -1.928 3.53946452616
0.335 4.602 4.567 2.78912757715
-0.886 5.215 4.192 2.61066977765
0.114 3.846 5.323 2.4893021431
0.992 5.352 5.012 2.4893021431
-0.665 6.051 3.75 2.4893021431
2.3 2.187 4.485 1.7
3.876 0.722 5.74 2.0
4.231 -0.716 6.095 1.74
4.486 -1.645 5.068 1.86
4.119 -1.169 7.424 1.86
4.327 -2.528 7.726 1.86
4.55 -3.454 6.692 1.86
2.787 2.937 4.953 1.2
4.765 1.206 5.335 1.2
3.584 1.255 6.645 1.2
3.865 -0.484 8.22 1.2
4.306 -2.861 8.754 1.2
0.752 0.395 6.077 2.49687256947
-0.434 -0.329 6.51 2.65207782941
-1.707 -1.825 5.129 2.37505611705
-1.186 0.524 7.54 2.65207782941
-2.308 -0.271 8.217 2.65207782941
-3.03 0.576 9.259 2.51571213812
-2.527 0.617 10.402 2.37505611705
-4.06 1.178 8.887 2.37505611705
0.964 1.284 6.502 2.31343329867
-0.12 -1.266 6.972 2.31343329867
-0.484 0.859 8.305 2.31343329867
-1.614 1.401 7.049 2.31343329867
-3.037 -0.604 7.475 2.31343329867
-1.891 -1.15 8.71 2.31343329867
-1.619 0.332 4.488 2.49687256947
-2.471 0.192 3.32 2.65207782941
-2.583 -1.737 1.871 2.37505611705
-2.642 1.583 2.688 2.65207782941
-3.846 1.677 1.742 2.65207782941
-3.446 -0.15 3.67 2.31343329867
-2.802 2.311 3.484 2.31343329867
-4.767 1.511 2.303 2.31343329867
2.834 -4.049 -1.295 1.86
2.535 -4.452 -2.252 1.2
-1.113 -5.194 3.814 2.24769809506
-1.258 -6.375 3.516 2.06703446881
0.708 -4.44 5.422 2.41516305987
1.163 -5.801 5.967 2.41516305987
1.284 -5.825 7.486 2.24769809506
0.842 -6.773 8.128 2.06703446881
1.883 -4.795 8.078 2.28430885786
-0.128 -4.054 6.007 1.98452021163
0.445 -6.569 5.681 1.98452021163
1.95 -4.792 9.083 1.98452021163
-2.142 -4.362 3.992 1.86000608385
-3.531 -4.707 3.736 2.11953941158
-4.331 -6.228 2.071 1.62182580604
-4.428 -3.52 4.137 2.11953941158
-5.836 -3.613 3.533 2.11953941158
-4.549 -3.457 5.665 2.11953941158
-3.794 -5.547 4.38 1.48123575012
-6.292 -4.569 3.794 1.48123575012
-6.455 -2.806 3.923 1.48123575012
-5.794 -3.515 2.448 1.48123575012
-3.561 -3.414 6.125 1.48123575012
-5.105 -2.565 5.953 1.48123575012
-5.074 -4.337 6.037 1.48123575012
-3.542 -4.884 -3.19 2.41516305987
-1.393 -3.593 -3.293 2.41516305987
-1.646 -5.493 -2.398 1.98452021163
-3.328 -5.266 -4.189 1.98452021163
-4.114 -5.638 -2.65 1.98452021163
-1.242 -3.99 -4.297 1.98452021163
0.652 -7.865 1.049 2.32485688748
1.272 -9.269 1.107 2.32485688748
1.599 -6.953 0.26 2.32485688748
-0.591 -8.203 -0.656 1.84630452267
0.564 -7.482 2.065 1.84630452267
1.28 -9.717 0.113 1.84630452267
0.71 -9.911 1.786 1.84630452267
1.741 -7.341 -0.75 1.84630452267
-2.277 -8.587 2.16 1.99639670258
-3.252 -9.426 2.841 2.22693058289
-4.73 -11.01 1.787 1.79544509739
-3.825 -8.669 4.052 2.22693058289
-3.996 -9.563 5.284 2.22693058289
-2.676 -9.953 5.976 2.22693058289
-1.865 -8.735 6.44 2.22693058289
-0.734 -9.126 7.302 2.22693058289
-2.734 -10.325 3.171 1.68355989822
-4.805 -8.263 3.796 1.68355989822
-4.62 -9.025 5.998 1.68355989822
-4.534 -10.462 4.977 1.68355989822
-2.928 -10.56 6.847 1.68355989822
-2.062 -10.562 5.31 1.68355989822
-1.454 -8.21 5.578 1.68355989822
-2.506 -8.053 6.998 1.68355989822
-1.08 -9.602 8.123 1.68355989822
-0.112 -9.738 6.794 1.68355989822
-4.936 -8.858 1.171 1.99639670258
-5.981 -9.071 0.179 2.22693058289
-5.493 -10.016 -0.926 2.02565795104
-6.157 -11.009 -1.218 1.79544509739
-6.457 -7.716 -0.369 2.22693058289
-7.753 -7.838 -1.18 2.22693058289
-8.102 -6.561 -1.963 2.22693058289
-8.333 -5.322 -1.085 2.22693058289
-7.075 -4.631 -0.743 2.22693058289
-6.825 -9.54 0.687 1.68355989822
-6.643 -7.06 0.483 1.68355989822
-5.682 -7.278 -0.997 1.68355989822
-7.65 -8.646 -1.906 1.68355989822
-8.574 -8.093 -0.507 1.68355989822
-7.329 -6.353 -2.704 1.68355989822
-9.031 -6.76 -2.504 1.68355989822
-8.949 -4.615 -1.643 1.68355989822
-8.867 -5.599 -0.174 1.68355989822
-7.283 -3.807 -0.198 1.68355989822
-4.333 -9.721 -1.525 1.86000608385
-3.711 -10.554 -2.556 2.11953941158
-3.983 -12.931 -2.749 1.62182580604
-2.33 -9.986 -2.96 2.11953941158
-2.5 -8.64 -3.685 2.11953941158
-1.56 -10.973 -3.852 2.11953941158
-1.172 -7.942 -4.014 2.11953941158
-4.357 -10.556 -3.436 1.48123575012
-1.737 -9.826 -2.06 1.48123575012
-3.076 -7.975 -3.048 1.48123575012
-2.13 -11.19 -4.755 1.48123575012
-0.597 -10.55 -4.128 1.48123575012
-1.359 -11.905 -3.325 1.48123575012
-0.545 -7.873 -3.124 1.48123575012
-0.63 -8.473 -4.797 1.48123575012
-1.378 -6.936 -4.379 1.48123575012
-2.865 -13.466 -0.238 2.49917816808
-4.208 -14.181 -0.076 2.34393302806
-4.343 -15.348 -0.431 2.17953443166
-2.15 -13.323 1.11 2.49917816808
-0.932 -12.622 0.951 2.27055054127
-2.231 -14.057 -0.904 2.10577365931
-2.785 -12.793 1.821 2.10577365931
-1.939 -14.318 1.504 2.10577365931
-1.125 -11.707 0.707 2.10577365931
-5.213 -13.468 0.437 2.11633202144
-6.585 -13.945 0.439 2.32485688748
-7.127 -13.874 -0.989 2.14243103283
-8.269 -14.354 -1.266 1.94074133197
-7.42 -13.093 1.4 2.32485688748
-6.988 -13.318 2.857 2.32485688748
-7.508 -12.207 3.76 2.14243103283
-8.382 -12.416 4.592 1.94074133197
-6.958 -11.01 3.593 2.18262886222
-6.43 -13.331 -1.902 1.94074133197
-6.622 -14.986 0.769 1.84630452267
-7.304 -12.044 1.125 1.84630452267
-8.475 -13.357 1.308 1.84630452267
-7.371 -14.279 3.202 1.84630452267
-5.902 -13.332 2.939 1.84630452267
-7.279 -10.234 4.15 1.84630452267
