1ovaNoHeHR_shell
20.
0.010
42861.8
0.737
1.0
1.E-8
1855
24.767 16.666 14.754 2.41269401738
26.114 16.416 15.194 2.57789518755
26.119 16.275 16.728 2.43285482807
26.108 15.189 17.316 2.28148428923
26.082 17.456 17.33 2.65003072421
26.05 17.65 18.768 2.78912757715
27.481 18.052 19.186 2.78912757715
27.632 19.358 18.606 2.61066977765
24.852 19.618 18.088 2.5427976846
24.639 18.867 20.26 2.57572842164
22.962 19.478 21.981 2.72232757201
23.978 19.371 23.126 2.72232757201
25.346 21.441 20.74 2.57572842164
25.967 22.81 20.689 2.72232757201
25.881 23.325 19.252 2.59344389372
26.464 22.566 18.365 2.11633202144
26.464 22.821 16.913 2.32485688748
27.204 21.691 16.23 2.32485688748
25.054 22.924 16.353 2.14243103283
24.207 21.956 16.745 2.11633202144
22.835 21.972 16.18 2.32485688748
22.109 20.655 16.465 2.32485688748
25.435 27.429 18.679 2.72232757201
26.027 29.166 18.675 2.62109821036
27.784 28.762 18.463 2.72232757201
23.054 26.425 13.417 3.54436212661
23.341 25.159 12.644 3.54436212661
24.793 24.655 12.66 3.54436212661
25.06 23.371 11.87 3.47033660994
26.253 22.971 11.893 3.39902103994
24.126 22.81 11.25 3.39902103994
21.176 27.692 12.606 3.39902103994
19.304 26.419 14.182 2.0
16.208 25.535 14.025 1.86
21.305 31.507 12.929 2.0
22.813 31.268 12.588 2.0
23.51 33.247 13.99 1.86
24.558 31.066 14.411 1.86
20.027 32.391 11.201 1.4
19.885 30.157 11.532 3.28197651502
18.776 30.042 10.532 3.374854362
18.408 28.591 10.259 3.374854362
19.407 27.873 9.364 3.29292659605
20.298 28.5 8.781 3.21343256117
19.262 26.643 9.326 3.21343256117
16.975 31.568 10.06 3.21343256117
19.318 34.985 13.54 2.0
20.695 37.035 12.992 1.86
18.218 35.135 9.118 2.97245262608
18.769 34.124 8.135 2.97245262608
20.261 34.253 7.823 2.97245262608
21.157 33.367 8.626 2.97245262608
22.641 33.507 8.52 2.97245262608
23.39 32.378 9.14 2.97245262608
16.787 35.426 8.744 2.8655882766
16.479 36.478 8.177 2.75923199067
15.92 34.48 9.136 3.18494045613
14.464 34.768 8.876 3.28331166428
13.688 33.445 8.965 3.28331166428
12.24 33.429 8.485 3.28331166428
12.139 34.048 7.088 3.19656430018
12.961 33.725 6.243 3.11200838625
11.259 34.911 7.008 3.11200838625
13.963 35.937 9.639 3.19656430018
13.282 36.854 9.058 3.11200838625
13.599 37.125 11.74 2.97245262608
11.725 35.782 13.813 2.97245262608
17.435 39.898 10.66 3.0287949135
18.093 39.379 9.404 3.0287949135
19.587 39.096 9.679 3.0287949135
20.316 39.314 8.344 3.0287949135
21.529 38.48 8.228 3.0287949135
15.276 40.576 9.392 2.92608152912
15.05 41.804 9.376 2.8243183199
14.846 39.767 8.447 2.22402568616
13.878 40.103 7.393 2.41516305987
12.15 39.22 5.71 2.41516305987
14.315 38.055 5.863 2.41516305987
12.654 42.194 7.59 2.06703446881
10.732 41.058 9.259 2.57789518755
8.613 39.571 7.383 2.33822562908
9.443 39.118 8.382 2.43285482807
9.698 39.92 9.636 2.57789518755
9.387 37.666 6.751 2.41269401738
9.945 37.928 7.977 2.49686919338
8.577 38.651 6.432 2.49686919338
10.768 41.996 10.447 2.43285482807
9.687 42.502 10.803 2.28148428923
12.016 42.917 12.315 2.57789518755
9.69 41.669 14.147 2.33822562908
10.885 41.178 13.687 2.43285482807
12.077 42.077 13.602 2.57789518755
9.398 39.609 13.58 2.41269401738
10.702 39.891 13.265 2.49686919338
8.815 40.671 14.077 2.49686919338
13.321 44.651 11.265 2.22402568616
14.457 45.617 11.196 2.41516305987
14.556 46.111 9.765 2.41516305987
14.192 46.7 12.225 2.24769809506
13.007 47.087 12.468 2.06703446881
15.254 47.169 12.836 2.41269401738
15.238 48.336 13.723 2.57789518755
14.816 49.657 13.068 2.57789518755
15.737 50.063 11.928 2.43285482807
15.295 50.19 10.778 2.28148428923
17.012 50.246 12.241 2.46421089331
14.359 48.02 14.937 2.43285482807
13.724 48.948 15.45 2.28148428923
13.702 46.338 16.552 3.69904372689
12.432 45.552 16.233 3.69904372689
11.239 46.299 15.645 3.69904372689
10.001 45.448 15.351 3.63125461652
9.025 46.078 14.866 3.56629383662
10.006 44.221 15.609 3.56629383662
14.262 45.344 18.671 2.65003072421
14.809 44.278 19.532 2.78912757715
14.347 44.46 20.985 2.78912757715
14.169 46.32 22.523 2.69295246139
13.297 42.751 18.435 2.5427976846
14.931 40.837 16.165 2.72232757201
15.413 39.757 19.956 2.59344389372
16.511 40.04 20.488 2.46178430194
14.81 38.715 22.832 2.0
15.211 29.214 25.128 1.8
17.518 25.379 24.152 2.97245262608
16.986 24.617 25.385 2.97245262608
14.407 26.143 23.693 2.57572842164
12.942 25.962 23.958 2.72232757201
12.425 27.245 24.594 2.72232757201
12.382 21.278 23.919 2.97245262608
11.814 22.508 24.365 2.81719981417
10.584 21.097 22.09 2.8655882766
9.943 20.01 22.067 2.75923199067
9.97 22.208 21.743 2.85110369563
8.597 22.25 21.235 2.97245262608
7.257 18.024 23.088 2.72232757201
5.887 18.722 24.114 2.62109821036
5.735 20.345 23.357 2.72232757201
12.836 13.186 14.987 3.94130856496
13.7 12.736 12.847 3.89046738633
7.569 12.512 19.418 2.57789518755
9.055 10.681 20.26 2.57789518755
6.677 11.482 17.257 2.43285482807
6.906 10.287 17.097 2.28148428923
4.429 11.508 16.33 2.97245262608
4.333 11.819 14.852 2.8655882766
5.382 12.398 14.27 2.85110369563
6.704 10.95 12.358 2.75923199067
5.659 10.737 9.739 3.18635814682
4.594 9.648 9.615 3.18635814682
4.136 9.048 10.929 3.18635814682
5.16 8.015 11.425 3.18635814682
4.524 7.247 12.593 3.18635814682
5.585 6.711 13.478 3.18635814682
6.621 10.589 7.558 3.18494045613
6.62 10.846 6.099 3.28331166428
5.227 10.631 5.549 3.28331166428
4.903 9.142 5.385 3.19656430018
5.703 8.277 5.79 3.11200838625
3.819 8.867 4.827 3.11200838625
7.235 12.243 5.919 3.19656430018
8.215 12.531 6.609 3.11200838625
6.613 13.05 5.079 2.85110369563
7.249 14.31 4.676 2.97245262608
6.505 14.882 3.47 2.97245262608
7.295 15.873 2.861 2.81719981417
6.208 15.082 6.679 3.46048228099
3.561 16.037 7.659 3.43758922265
8.81 12.828 10.039 2.72232757201
9.857 12.401 11.064 2.72232757201
9.856 10.95 11.328 2.72232757201
10.909 10.466 12.192 2.57572842164
10.9 10.476 13.522 2.59344389372
9.879 10.94 14.254 2.62109821036
11.967 9.959 14.159 2.62109821036
10.151 14.737 9.133 2.59344389372
11.068 15.214 9.852 2.46178430194
11.544 14.854 7.154 2.72232757201
11.686 14.189 5.729 2.72232757201
11.196 15.155 4.762 2.53400746709
11.094 12.812 5.731 2.72232757201
11.88 16.345 7.046 2.59344389372
13.059 16.632 7.248 2.46178430194
10.956 18.611 6.883 3.18635814682
9.218 19.105 5.134 3.18635814682
7.673 19.813 3.411 3.11352764288
14.533 15.368 10.294 2.72232757201
15.935 14.791 10.33 2.59344389372
16.507 14.609 9.252 2.46178430194
16.448 14.517 11.516 2.62109821036
15.492 17.73 9.994 2.59344389372
16.427 18.187 10.666 2.46178430194
15.258 17.988 8.725 2.7203848681
16.222 18.792 7.958 2.85287250891
16.026 18.867 6.494 2.85287250891
14.949 19.685 5.85 2.85287250891
14.945 19.462 4.338 2.85287250891
15.845 20.441 3.626 2.85287250891
15.407 20.603 2.217 2.85287250891
16.388 20.214 8.536 2.73628278469
17.522 20.66 8.741 2.61895377264
15.312 22.226 9.316 2.57789518755
13.772 24.156 9.9 2.57789518755
13.503 22.866 7.74 2.57789518755
16.606 23.238 10.957 2.28148428923
18.943 19.565 12.745 2.65207782941
19.808 20.639 13.398 2.65207782941
20.332 21.901 12.785 2.65207782941
19.455 22.691 11.953 2.65207782941
19.934 23.616 10.985 2.49687256947
20.882 23.572 10.07 2.51571213812
21.682 22.52 9.945 2.54507232427
21.121 24.619 9.253 2.54507232427
18.872 18.317 13.64 2.51571213812
19.794 18.083 14.474 2.37505611705
17.794 17.507 13.53 1.7
16.172 16.001 14.905 2.0
18.389 15.215 14.167 1.74
18.525 14.308 14.983 1.4
18.908 15.316 12.964 3.28197651502
19.423 14.196 12.217 3.374854362
20.248 14.642 10.979 3.374854362
20.406 13.417 10.063 3.29292659605
19.63 12.454 10.209 3.21343256117
21.327 13.461 9.233 3.21343256117
19.682 12.172 13.538 3.21343256117
21.434 13.637 13.37 2.7203848681
22.308 12.666 14.052 2.85287250891
23.573 12.434 13.249 2.85287250891
23.305 11.498 12.047 2.85287250891
24.51 11.486 11.117 2.85287250891
24.3 10.571 9.902 2.85287250891
25.478 10.59 9.04 2.85287250891
22.531 13.021 15.505 2.73628278469
23.506 12.493 16.076 2.61895377264
21.625 13.807 16.092 2.22402568616
20.84 16.555 17.46 2.24769809506
22.226 17.05 17.871 2.41516305987
21.538 12.733 18.279 2.24769809506
20.566 12.027 17.928 2.06703446881
22.376 12.448 19.261 2.97082338406
22.101 11.401 20.243 3.08311555793
23.653 13.163 19.547 3.08311555793
23.061 11.72 21.411 3.08311555793
24.261 12.306 20.656 3.08311555793
19.944 10.33 20.504 2.85110369563
18.625 10.102 21.109 2.97245262608
17.751 10.76 18.938 1.7
16.96 12.513 17.333 2.0
16.411 10.086 16.866 1.74
15.267 10.224 16.329 1.4
17.251 9.169 16.487 2.85110369563
16.831 8.036 15.596 2.97245262608
14.844 6.979 14.677 3.18494045613
13.595 6.209 14.801 3.28331166428
12.896 5.917 13.471 3.28331166428
11.612 5.12 13.648 3.19656430018
10.955 4.824 12.619 3.11200838625
11.179 4.963 14.815 3.11200838625
13.822 4.937 15.621 3.19656430018
12.834 4.573 16.299 3.11200838625
14.994 4.295 15.568 1.7
15.049 3.026 16.387 2.0
16.303 2.189 16.22 2.0
16.291 1.508 14.946 1.4
14.787 3.412 17.854 1.74
13.897 2.861 18.524 1.4
15.794 0.158 14.422 1.8
16.434 -0.767 15.395 1.4
16.324 -0.117 13.062 1.4
14.339 -0.112 14.445 1.4
15.587 4.395 18.293 2.22402568616
15.579 4.747 19.725 2.41516305987
16.779 5.636 20.15 2.41516305987
16.73 5.932 21.687 2.41516305987
16.791 7.009 19.389 2.41516305987
17.402 4.859 22.553 2.41516305987
11.984 7.776 18.354 4.15863791428
11.211 10.101 16.748 4.05475951182
11.286 5.781 19.682 4.10530006652
10.386 5.988 20.551 4.05475951182
11.375 4.674 18.955 2.22402568616
10.395 3.608 19.046 2.41516305987
10.737 2.424 18.152 2.41516305987
10.304 3.153 20.495 2.24769809506
9.309 2.54 20.874 2.06703446881
11.35 2.888 22.636 2.57789518755
12.677 2.366 23.102 2.57789518755
13.319 1.396 22.124 2.57789518755
14.715 1.026 22.542 2.43285482807
15.207 1.464 23.594 2.28148428923
15.35 0.232 21.687 2.46421089331
10.804 3.915 23.607 2.43285482807
10.243 4.981 23.028 1.7
8.774 6.992 23.163 2.0
8.441 5.023 25.444 2.57572842164
7.882 4.831 26.78 2.72232757201
8.456 4.366 29.079 2.46178430194
10.539 2.655 28.358 2.72232757201
9.993 1.274 27.795 2.72232757201
10.684 1.039 26.535 2.53400746709
8.468 1.2 27.581 2.72232757201
12.061 2.731 28.337 2.59344389372
12.783 1.788 28.766 2.46178430194
12.523 3.877 27.818 2.57572842164
13.972 4.097 27.668 2.72232757201
14.485 3.733 26.282 2.72232757201
15.888 4.034 26.207 2.53400746709
14.37 5.545 27.99 2.59344389372
13.791 6.499 27.422 2.46178430194
15.372 5.643 28.854 2.11633202144
15.841 6.99 29.282 2.32485688748
16.369 6.891 30.723 2.32485688748
17.428 5.823 30.928 2.32485688748
16.863 8.23 31.248 2.32485688748
16.731 7.619 28.229 2.14243103283
17.103 8.821 28.241 1.94074133197
17.983 7.338 26.174 2.72232757201
18.715 6.206 25.425 2.72232757201
19.52 5.319 26.359 2.59344389372
20.269 5.849 27.195 2.46178430194
19.37 4.005 26.208 2.62109821036
17.97 8.881 24.414 2.46178430194
18.883 12.539 25.63 2.57789518755
19.994 11.499 25.79 2.57789518755
20.648 11.205 24.553 2.36497245057
19.554 13.889 25.422 2.43285482807
20.9 15.205 23.947 2.57789518755
21.473 15.126 22.558 2.57789518755
20.878 17.467 24.853 2.28148428923
16.542 16.53 27.408 2.78912757715
15.779 15.162 27.577 2.78912757715
14.462 15.203 26.806 2.78912757715
13.582 13.512 28.337 2.65003072421
14.168 12.411 28.819 2.66677603688
14.813 11.493 28.093 2.69295246139
14.112 12.256 30.151 2.69295246139
17.508 16.759 28.548 2.66677603688
19.767 16.639 29.375 3.374854362
21.053 15.827 29.093 3.374854362
20.737 14.323 29.174 3.29292659605
19.754 13.879 29.784 3.21343256117
21.434 13.563 28.481 3.21343256117
19.916 18.122 29.644 3.29292659605
19.887 18.5 30.831 3.21343256117
20.125 20.417 28.852 2.72232757201
21.617 20.575 26.801 2.72232757201
22.996 20.723 27.529 2.72232757201
15.269 20.538 28.759 2.41516305987
13.783 20.483 26.862 2.41516305987
14.464 22.698 27.884 2.41516305987
16.308 20.739 31.051 2.24769809506
15.787 21.526 31.849 2.06703446881
16.661 19.029 32.726 2.57789518755
16.661 17.491 32.731 2.57789518755
15.446 16.844 32.092 2.43285482807
15.496 15.706 31.571 2.28148428923
14.285 17.499 32.007 2.46421089331
17.604 19.782 33.639 2.43285482807
17.29 20.194 34.778 2.28148428923
18.81 20.029 33.098 2.41269401738
19.815 20.726 33.902 2.57789518755
21.214 20.595 33.334 2.57789518755
22.249 21.447 34.075 2.57789518755
23.455 21.789 33.222 2.43285482807
23.64 21.23 32.145 2.28148428923
24.277 22.706 33.719 2.46421089331
19.243 22.587 35.279 2.28148428923
17.131 25.452 29.712 2.72232757201
17.078 24.493 34.001 2.59344389372
16.811 25.587 34.553 2.46178430194
14.88 23.67 34.625 2.72232757201
13.689 22.937 33.861 2.72232757201
14.175 21.576 33.822 2.53400746709
13.326 23.501 32.495 2.72232757201
14.891 23.193 36.091 2.59344389372
13.877 23.479 36.718 2.46178430194
15.922 22.513 36.527 2.7203848681
16.035 22.111 37.952 2.85287250891
17.306 21.3 38.141 2.85287250891
17.235 19.825 38.245 2.85287250891
18.59 19.136 38.315 2.85287250891
18.411 17.634 38.468 2.85287250891
17.437 17.114 37.481 2.85287250891
16.125 23.333 38.872 2.73628278469
16.758 24.363 38.538 2.61895377264
15.505 23.217 40.037 2.7203848681
15.628 24.282 41.083 2.85287250891
14.92 22.001 40.585 2.85287250891
14.795 23.793 42.246 2.85287250891
14.326 22.415 41.904 2.85287250891
17.1 24.476 41.443 2.73628278469
17.866 23.524 41.643 2.61895377264
17.533 25.734 41.475 2.41269401738
18.868 26.033 42.04 2.57789518755
19.986 25.704 41.067 2.57789518755
20.068 26.763 39.997 2.43285482807
21.047 27.508 40.013 2.28148428923
19.142 26.733 39.051 2.46421089331
18.968 27.445 42.571 2.43285482807
18.033 28.247 42.52 2.28148428923
20.192 27.669 43.089 3.18494045613
20.386 28.832 44.023 3.28331166428
21.298 28.435 45.168 3.28331166428
22.705 28.08 44.692 3.19656430018
22.884 27.38 43.655 3.11200838625
23.675 28.495 45.34 3.11200838625
20.854 30.058 43.235 3.19656430018
20.757 31.175 43.777 3.11200838625
21.272 29.89 41.983 2.11633202144
21.843 31.047 41.248 2.32485688748
23.37 30.824 41.014 2.32485688748
24.082 30.642 42.366 2.32485688748
23.669 29.769 40.016 2.32485688748
21.099 31.443 40.008 2.14243103283
21.33 32.571 39.525 1.94074133197
20.216 30.659 39.424 2.49687256947
19.347 31.161 38.331 2.65207782941
19.994 30.909 36.961 2.65207782941
19.284 28.631 36.094 2.57572524911
21.533 28.927 36.855 2.57572524911
19.573 27.299 35.794 2.57572524911
21.846 27.613 36.576 2.57572524911
21.132 25.459 35.768 2.45240269655
17.953 30.469 38.381 2.51571213812
17.829 29.478 39.073 2.37505611705
17.013 31.035 37.668 2.57572842164
15.657 30.448 37.512 2.72232757201
14.794 31.374 38.424 2.72232757201
13.443 30.902 38.293 2.53400746709
15.258 30.457 36.045 2.59344389372
15.318 31.523 35.385 2.46178430194
14.947 29.286 35.468 1.7
14.188 29.163 34.216 2.0
14.734 28.196 33.213 2.0
16.058 28.982 31.284 1.86
17.276 29.301 30.678 1.86
12.765 28.614 34.488 1.74
12.723 27.678 35.245 1.4
11.807 29.205 33.827 2.65003072421
10.419 28.661 33.838 2.78912757715
9.462 29.73 34.322 2.78912757715
9.705 30.076 35.662 2.61066977765
10.066 28.322 32.375 2.66677603688
9.816 27.077 32.041 2.11633202144
10.312 25.629 30.155 2.32485688748
10.054 25.143 28.721 2.14243103283
10.121 26.225 27.653 2.32485688748
11.112 24.114 28.363 2.32485688748
7.901 26.226 30.73 2.14243103283
7.603 25.316 31.503 1.94074133197
7.07 26.904 29.985 2.57572842164
5.659 26.509 29.755 2.72232757201
4.837 27.696 30.158 2.72232757201
5.677 24.819 28.085 2.85110369563
6.99 24.024 26.232 2.97245262608
7.161 23.511 24.991 2.81719981417
4.863 22.058 27.078 2.75923199067
0.113 21.352 29.337 3.46048228099
-1.525 22.383 30.671 3.48587667591
-0.48 20.637 31.509 3.48587667591
-4.157 23.752 27.309 3.94130856496
-2.643 24.705 28.798 3.89046738633
-5.347 19.426 20.84 2.72232757201
-4.875 17.956 20.966 2.72232757201
-7.271 19.176 22.182 2.46178430194
-7.632 19.704 20.002 2.85110369563
-10.978 20.723 18.634 2.97245262608
-12.102 20.232 19.527 2.8655882766
-12.26 19.055 19.772 2.75923199067
-12.777 21.161 19.963 2.75923199067
-8.907 17.287 20.312 2.75923199067
-10.7 17.154 22.428 2.97245262608
-11.555 17.315 23.637 2.97245262608
-12.979 17.801 23.582 2.97245262608
-13.664 18.149 24.872 2.8655882766
-12.976 17.943 25.897 2.75923199067
-14.808 18.584 24.963 2.75923199067
-11.349 16.108 21.512 2.8655882766
-11.081 14.902 21.665 2.75923199067
-12.13 16.531 20.525 2.41269401738
-12.755 15.508 19.634 2.57789518755
-13.801 16.073 18.741 2.57789518755
-13.491 17.089 17.69 2.57789518755
-12.66 16.573 16.551 2.57789518755
-12.45 17.72 15.602 2.41269401738
-11.746 17.61 14.467 2.43285482807
-11.623 18.691 13.699 2.46421089331
-11.155 16.475 14.109 2.46421089331
-11.696 14.651 18.988 2.43285482807
-12.082 13.51 18.695 2.28148428923
-9.504 14.178 18.073 2.72232757201
-8.339 14.784 17.323 2.72232757201
-8.688 17.198 16.684 2.65002772709
-8.596 15.581 14.941 2.65002772709
-8.901 18.208 15.746 2.65002772709
-8.782 16.577 13.989 2.65002772709
-9.143 18.863 13.448 2.53400746709
-8.974 13.151 19.083 2.59344389372
-8.55 13.528 20.177 2.46178430194
-8.57 10.808 19.613 2.97245262608
-9.867 11.341 17.623 2.97245262608
-9.176 9.543 18.988 2.97245262608
-9.302 9.891 17.531 2.97245262608
-7.052 10.725 19.62 2.8655882766
-6.479 10.765 18.515 2.75923199067
-6.422 10.603 20.77 2.11633202144
-4.406 11.568 21.987 2.32485688748
-4.957 13.009 21.864 2.32485688748
-2.867 11.614 22.098 2.32485688748
-4.718 13.698 20.493 2.32485688748
-4.506 9.153 21.16 2.14243103283
-5.033 8.525 22.106 1.94074133197
-3.52 8.704 20.455 2.11633202144
-2.803 7.456 20.703 2.32485688748
-1.747 7.158 19.663 2.32485688748
-0.997 6.07 17.545 2.32485688748
-3.415 6.347 17.939 2.32485688748
-2.345 7.43 22.139 2.14243103283
-1.577 8.274 22.62 1.94074133197
-2.543 6.157 24.202 2.97245262608
-4.034 5.579 22.383 2.97245262608
-3.258 4.846 24.507 2.97245262608
-3.662 4.31 23.162 2.97245262608
-1.029 6.077 24.33 2.8655882766
-0.5 6.551 25.351 2.75923199067
-0.368 5.498 23.324 3.18494045613
1.089 5.332 23.52 3.28331166428
1.673 4.099 22.953 3.28331166428
1.933 3.831 21.497 3.28331166428
2.549 2.468 21.172 3.19656430018
2.76 2.258 19.949 3.11200838625
2.787 1.651 22.092 3.11200838625
1.905 6.555 23.099 3.19656430018
3.112 6.639 23.432 3.11200838625
1.306 7.517 22.416 3.18494045613
2.003 8.847 22.359 3.28331166428
1.706 9.645 21.12 3.28331166428
3.488 11.357 20.475 3.23418432231
-1.084 10.375 25.957 2.41516305987
-2.277 11.212 25.626 2.24769809506
-3.472 10.822 26.529 2.41516305987
-2.014 12.698 25.841 2.41516305987
1.359 10.141 26.471 2.24769809506
1.741 10.968 27.304 2.06703446881
1.783 8.878 26.393 2.41269401738
2.552 8.322 27.524 2.57789518755
2.432 6.821 27.718 2.57789518755
3.036 5.912 26.699 2.57789518755
4.515 5.674 26.713 2.43285482807
5.113 5.331 27.748 2.28148428923
5.175 5.894 25.574 2.46421089331
4.794 9.041 28.195 2.28148428923
5.624 8.707 24.014 2.0
7.097 9.501 23.27 1.8
3.001 13.653 24.949 2.97245262608
5.909 14.232 27.39 2.75923199067
4.48 12.698 29.286 2.97245262608
3.317 12.169 30.072 2.97245262608
2.947 10.733 30.166 2.97245262608
3.791 9.795 31.004 2.97245262608
3.179 8.403 31.04 2.97245262608
4.165 7.349 31.36 2.97245262608
5.787 12.273 29.957 2.8655882766
6.298 13.088 30.729 2.75923199067
7.613 10.697 30.146 3.54436212661
8.096 9.357 29.592 3.54436212661
9.49 8.883 30.094 3.54436212661
9.975 7.541 29.54 3.47033660994
11.104 7.17 29.955 3.39902103994
9.268 6.907 28.722 3.39902103994
9.456 12.125 30.807 3.39902103994
9.998 12.922 28.18 2.57789518755
11.823 10.724 26.771 2.57789518755
9.84 14.434 28.417 2.43285482807
10.805 15.159 28.685 2.28148428923
8.58 14.817 28.208 2.7203848681
8.322 16.274 28.18 2.85287250891
7.969 16.814 26.795 2.85287250891
10.256 17.48 25.904 2.78727419845
11.383 17.33 25.121 2.78727419845
7.456 16.566 29.385 2.73628278469
6.807 15.662 29.926 2.61895377264
7.624 17.766 29.901 2.41269401738
6.62 18.386 30.807 2.57789518755
7.368 19.041 31.892 2.57789518755
6.9 19.5 33.214 2.57789518755
8.042 20.049 34.004 2.57789518755
8.559 21.293 33.631 2.41269401738
8.792 22.101 32.638 2.43285482807
8.445 21.928 31.358 2.46421089331
9.448 23.228 32.867 2.46421089331
5.818 19.339 29.895 2.43285482807
6.356 19.89 28.908 2.28148428923
4.567 19.477 30.265 2.22402568616
3.598 20.28 29.458 2.41516305987
2.832 19.185 28.659 2.24769809506
1.613 19.136 28.778 2.06703446881
3.623 18.371 27.96 2.22402568616
3.162 17.482 26.938 2.41516305987
0.995 17.1 26.024 2.22402568616
-0.343 16.239 24.147 2.41516305987
-2.84 15.762 23.916 2.41516305987
-1.421 17.303 26.249 2.24769809506
-1.603 16.406 27.056 2.06703446881
-3.498 18.505 26.732 3.69904372689
-3.381 19.856 27.509 3.69904372689
-4.532 20.078 28.484 3.69904372689
-4.375 19.372 29.819 3.63125461652
-3.595 18.481 30.071 3.56629383662
-5.179 19.854 30.644 3.56629383662
-5.684 16.634 26.959 3.08311555793
-7.58 16.566 25.436 3.08311555793
-7.076 16.061 26.755 3.08311555793
-7.763 19.137 25.721 2.98417189675
-7.758 19.495 26.904 2.88653560143
-8.523 19.727 24.794 2.22402568616
-9.297 20.935 25.083 2.41516305987
-8.295 22.187 25.205 2.41516305987
-9.024 23.389 25.816 2.41516305987
-8.146 24.598 26.278 2.41516305987
-11.506 21.801 24.461 2.41269401738
-12.621 22.12 23.561 2.57789518755
-14.039 21.953 24.152 2.57789518755
-15.117 21.806 23.074 2.43285482807
-14.895 21.8 21.863 2.28148428923
-16.33 21.525 23.506 2.46421089331
-12.822 24.541 23.399 2.28148428923
-13.902 25.6 19.774 1.4
-15.276 21.778 18.459 2.72232757201
-16.433 21.409 17.599 2.72232757201
-16.542 19.897 17.38 2.59344389372
-17.438 19.409 16.694 2.46178430194
-15.599 19.125 17.968 2.62109821036
-16.728 24.918 18.657 2.46178430194
-17.692 24.549 21.109 2.72232757201
-18.767 23.524 21.623 2.72232757201
-18.302 22.96 22.87 2.53400746709
-18.983 22.332 20.633 2.72232757201
-17.364 25.73 21.968 2.59344389372
-18.296 26.554 22.241 2.46178430194
-16.124 25.977 22.401 2.11633202144
-15.848 27.1 23.329 2.32485688748
-16.109 26.664 24.781 2.32485688748
-14.416 27.629 23.239 2.14243103283
-13.68 27.57 24.265 1.94074133197
-14.064 28.124 22.078 2.11633202144
-12.882 29.265 20.278 2.32485688748
-13.131 30.753 22.925 3.18494045613
-12.662 31.912 23.69 3.28331166428
-13.428 33.198 23.472 3.28331166428
-12.49 34.409 23.413 3.19656430018
-11.667 34.567 22.485 3.11200838625
-12.604 35.223 24.36 3.11200838625
-12.465 31.463 25.129 3.19656430018
-11.662 32.069 25.851 3.11200838625
-13.17 30.395 25.489 2.41269401738
-12.939 29.766 26.785 2.57789518755
-14.002 28.76 27.277 2.57789518755
-13.723 28.298 28.725 2.57789518755
-14.088 29.372 29.729 2.43285482807
-15.237 29.827 29.783 2.28148428923
-13.106 29.825 30.516 2.46421089331
-11.421 28.339 25.583 2.57572842164
-10.19 27.495 25.464 2.72232757201
-10.125 26.699 24.193 2.72232757201
-8.415 31.747 23.856 2.78912757715
-7.368 32.787 23.596 2.78912757715
-7.742 33.839 22.608 2.78912757715
-8.471 34.939 23.202 2.65003072421
-7.982 35.949 23.897 2.66677603688
-6.685 36.133 24.085 2.69295246139
-8.803 36.872 24.408 2.69295246139
-7.774 31.092 26.189 2.66677603688
-8.793 31.137 27.035 3.32841402621
-8.586 31.725 28.391 3.41882014206
-9.89 32.102 29.071 3.41882014206
-9.982 32.211 30.591 3.41882014206
-11.323 32.562 31.17 3.33906215107
-12.057 33.418 30.685 3.26182836231
-11.627 31.921 32.206 3.26182836231
-7.017 31.075 30.12 3.26182836231
-7.51 28.339 29.731 2.32485688748
-8.197 27.022 29.306 2.32485688748
-9.374 26.477 30.105 2.14243103283
-8.932 25.995 31.49 2.32485688748
-10.374 27.6 30.368 2.32485688748
-6.0 28.364 29.464 2.14243103283
-5.133 28.238 30.353 1.94074133197
-4.363 28.37 27.654 3.54436212661
-3.44 31.988 28.513 2.78912757715
-4.181 33.262 28.146 2.78912757715
-4.879 34.557 26.2 2.69295246139
-3.119 31.913 30.001 2.66677603688
-2.068 32.383 30.522 2.5427976846
-3.958 31.364 32.206 2.78912757715
-5.373 31.432 32.802 2.78912757715
-5.702 30.077 33.085 2.61066977765
-3.034 30.255 32.661 2.66677603688
-2.365 30.418 33.696 2.5427976846
-2.878 29.181 31.875 2.41269401738
-1.869 28.163 32.239 2.57789518755
-1.971 26.896 31.367 2.57789518755
-0.851 25.066 32.791 2.49686919338
0.291 24.276 32.729 2.41269401738
2.122 23.951 31.088 2.49686919338
2.561 24.385 29.823 2.49686919338
1.09 30.694 29.255 2.97245262608
2.276 31.634 28.935 2.97245262608
0.438 31.974 32.071 3.32841402621
-0.492 33.951 33.182 3.41882014206
-0.603 34.953 34.314 3.41882014206
-1.629 36.036 34.108 3.33906215107
-2.306 36.149 33.092 3.26182836231
-1.712 36.807 35.082 3.26182836231
0.97 32.458 34.423 3.33906215107
1.942 32.882 35.068 3.26182836231
0.21 31.455 34.894 2.57572842164
0.535 30.667 36.048 2.72232757201
-0.45 29.451 36.248 2.72232757201
-1.375 29.732 37.261 2.53400746709
1.917 29.993 36.072 2.59344389372
2.568 29.88 37.123 2.46178430194
3.605 28.692 35.016 2.57789518755
3.676 27.624 33.91 2.57789518755
2.654 26.512 34.282 2.57789518755
3.161 25.619 35.387 2.43285482807
2.599 25.544 36.449 2.28148428923
4.251 24.89 35.107 2.46421089331
4.799 29.653 34.902 2.43285482807
5.944 29.227 35.054 2.28148428923
5.585 31.872 34.331 2.97245262608
5.865 31.443 31.782 2.97245262608
5.627 33.023 35.322 2.8655882766
6.165 34.15 35.064 2.75923199067
5.02 32.744 36.448 2.41269401738
4.906 33.662 37.579 2.57789518755
6.24 33.772 38.324 2.57789518755
6.253 32.627 39.351 2.43285482807
7.175 31.792 39.318 2.28148428923
5.257 32.679 40.215 2.46421089331
4.224 34.966 37.301 2.43285482807
4.498 36.027 37.898 2.28148428923
3.255 34.845 36.401 2.41269401738
2.434 35.996 36.035 2.57789518755
3.178 36.807 34.981 2.43285482807
2.605 37.87 34.688 2.28148428923
5.106 37.272 33.617 2.22693058289
7.03 37.56 35.203 2.22693058289
7.58 37.751 32.752 2.22693058289
8.242 36.809 35.746 2.22693058289
4.519 38.363 31.489 1.79544509739
3.921 36.068 30.239 2.22693058289
6.17 35.432 29.293 2.22693058289
4.047 34.734 28.048 2.22693058289
7.121 34.335 28.809 2.22693058289
2.374 35.979 30.277 2.02565795104
1.859 34.961 30.685 1.79544509739
1.705 37.009 29.898 2.41269401738
0.269 37.235 29.765 2.57789518755
-0.063 38.62 30.388 2.57789518755
0.506 38.644 31.789 2.57789518755
-0.28 39.606 32.66 2.57789518755
-0.084 39.046 33.983 2.41269401738
0.022 39.457 35.204 2.43285482807
-0.034 40.719 35.602 2.46421089331
0.227 38.488 36.117 2.46421089331
-0.18 37.329 28.309 2.43285482807
0.637 37.688 27.447 2.28148428923
-1.419 36.892 28.099 2.57572842164
-2.693 38.278 26.495 2.72232757201
-3.721 38.58 27.6 2.59344389372
-4.238 37.651 28.232 2.46178430194
-4.01 39.882 27.716 2.62109821036
-1.014 37.037 24.642 2.46178430194
-0.614 35.261 25.908 2.22402568616
0.135 34.615 24.831 2.41516305987
0.839 33.388 25.436 2.41516305987
0.013 32.117 25.48 2.41516305987
2.219 33.22 24.828 2.41516305987
-0.113 34.701 22.514 2.06703446881
-2.781 33.803 22.464 2.97245262608
-1.987 31.152 21.035 2.97245262608
-3.637 35.786 21.378 2.41269401738
-4.475 36.972 21.194 2.57789518755
-3.835 37.953 20.194 2.57789518755
-3.097 37.347 19.023 2.57789518755
-2.501 38.408 18.093 2.43285482807
-1.866 38.098 17.087 2.28148428923
-2.714 39.702 18.426 2.46421089331
-6.734 38.719 21.539 3.08311555793
-9.074 38.139 21.153 3.08311555793
-8.155 39.112 21.845 3.08311555793
-8.34 36.859 19.062 2.98417189675
-7.696 37.49 18.209 2.88653560143
-9.224 35.937 18.797 2.22402568616
-9.526 35.219 17.567 2.41516305987
-10.5 35.96 16.676 2.41516305987
-11.803 35.752 17.234 2.16754538317
-8.294 34.708 16.862 2.24769809506
-8.093 34.795 15.66 2.06703446881
-7.44 34.102 17.702 2.22402568616
-6.362 33.257 17.158 2.41516305987
-5.027 33.636 17.796 2.41516305987
-4.926 33.179 19.118 2.16754538317
-6.726 31.792 17.385 2.24769809506
-5.986 30.939 16.853 2.06703446881
-7.794 31.548 18.134 2.22402568616
-8.476 30.226 18.153 2.41516305987
-6.883 29.0 19.815 2.41516305987
-8.756 30.378 20.61 2.41516305987
-9.991 30.449 17.839 2.24769809506
-10.59 31.506 18.086 2.06703446881
-11.961 29.391 16.847 3.69904372689
-12.069 30.177 15.537 3.69904372689
-11.275 29.579 14.387 3.63125461652
-11.065 28.356 14.266 3.56629383662
-10.845 30.414 13.54 3.56629383662
-13.612 27.731 16.267 2.57572842164
-14.203 26.37 16.275 2.72232757201
-15.617 26.365 15.678 2.72232757201
-15.842 27.592 14.992 2.53400746709
-13.34 25.448 15.431 2.59344389372
-13.338 24.217 15.587 2.46178430194
-11.885 25.274 13.535 2.57789518755
-11.806 26.063 12.235 2.57789518755
-13.203 26.279 11.626 2.57789518755
-13.462 25.075 10.726 2.43285482807
-13.043 25.108 9.578 2.28148428923
-14.057 24.08 11.371 2.46421089331
-10.526 24.851 14.047 2.43285482807
-9.929 23.913 13.491 2.28148428923
-10.032 25.549 15.071 2.57572842164
-8.634 25.215 15.554 2.72232757201
-8.559 27.433 16.463 2.53400746709
-7.005 25.759 17.543 2.72232757201
-8.512 23.74 15.827 2.59344389372
-9.363 23.211 16.58 2.46178430194
-7.474 23.128 15.313 2.41269401738
-7.149 21.744 15.599 2.57789518755
-6.409 21.028 14.449 2.57789518755
-6.555 20.814 17.709 2.28148428923
-2.153 27.083 20.727 3.54436212661
2.034 27.256 20.317 3.39902103994
0.344 28.412 23.242 3.54436212661
13.292 28.697 28.824 3.54436212661
10.371 33.61 32.621 2.41516305987
10.882 34.843 33.387 2.41516305987
9.014 33.886 31.988 2.41516305987
12.72 32.788 32.044 2.24769809506
12.9 31.636 32.447 2.06703446881
14.986 33.477 32.643 2.0
19.34 32.249 33.115 1.86
20.129 33.383 32.826 1.86
15.391 34.655 33.544 1.74
15.137 35.815 33.196 1.4
16.023 34.307 34.645 2.85110369563
15.833 35.931 36.609 2.97245262608
16.388 37.179 37.312 2.97245262608
16.754 38.314 36.355 2.97245262608
17.467 39.497 36.994 2.97245262608
18.509 39.103 37.972 2.97245262608
17.899 34.607 36.098 2.8655882766
17.814 33.454 36.48 2.75923199067
20.25 34.57 36.61 2.97245262608
21.042 35.658 37.391 2.8655882766
21.899 35.197 38.279 2.22402568616
23.204 35.625 40.342 2.41516305987
22.366 35.859 41.558 2.24769809506
23.316 35.654 42.771 2.41516305987
21.658 37.143 41.651 2.41516305987
24.625 34.972 37.838 2.06703446881
26.578 38.841 37.384 2.78912757715
25.767 39.558 36.341 2.66677603688
25.597 39.261 34.953 2.66677603688
24.789 40.266 34.417 2.66677603688
26.12 38.266 34.118 2.72038202399
28.2 36.311 38.101 3.62225757892
30.515 35.362 38.229 3.69904372689
31.824 35.102 39.039 3.69904372689
31.582 34.127 40.17 3.63125461652
30.578 33.422 40.294 3.56629383662
32.53 34.112 40.974 3.56629383662
30.059 38.289 39.065 2.85110369563
30.44 39.621 39.573 2.97245262608
31.608 40.221 38.697 2.97245262608
32.787 39.216 38.66 2.97245262608
33.484 39.215 40.03 2.97245262608
34.503 38.096 40.163 2.97245262608
34.707 37.721 41.588 2.97245262608
28.941 41.04 38.298 2.75923199067
28.737 40.987 40.551 2.57572842164
27.068 41.916 41.999 2.72232757201
29.183 43.751 40.39 2.46178430194
27.34 45.509 39.399 2.0
26.897 43.715 35.153 1.86
27.64 44.531 34.323 1.86
25.763 45.563 41.254 1.4
27.295 47.195 41.203 2.91219395265
26.665 47.806 42.394 3.0287949135
27.683 48.632 43.203 3.0287949135
28.868 47.86 43.719 3.0287949135
29.788 48.763 44.542 3.0287949135
30.874 47.965 45.267 3.0287949135
32.168 48.089 44.544 3.0287949135
24.431 48.72 42.755 3.18494045613
23.332 49.618 42.267 3.28331166428
22.091 49.601 43.216 3.28331166428
21.446 48.217 43.218 3.19656430018
21.88 47.335 42.432 3.11200838625
20.517 48.019 44.008 3.11200838625
23.837 51.071 42.231 3.19656430018
23.298 51.862 41.473 3.11200838625
24.772 51.355 43.161 3.18494045613
25.071 52.821 43.308 3.28331166428
25.902 52.976 44.604 3.28331166428
27.258 52.264 44.604 3.28331166428
28.082 52.284 45.857 3.19656430018
27.512 52.664 46.888 3.11200838625
29.272 52.015 45.899 3.11200838625
25.738 53.3 42.059 3.19656430018
25.781 54.528 41.782 3.11200838625
27.115 52.713 40.079 3.54436212661
28.273 51.708 39.887 3.54436212661
29.419 51.892 40.879 3.47033660994
29.611 52.986 41.412 3.39902103994
30.124 50.89 41.097 3.39902103994
26.999 53.079 37.781 3.39902103994
22.848 51.644 37.948 3.18635814682
21.85 51.749 36.825 3.18635814682
23.386 54.625 38.523 3.00350354728
23.745 54.542 36.292 2.41269401738
23.51 55.996 36.074 2.57789518755
24.863 56.79 35.915 2.57789518755
25.521 57.054 37.241 2.57789518755
26.82 57.824 37.206 2.43285482807
27.364 58.2 36.176 2.28148428923
27.414 58.075 38.385 2.46421089331
21.948 57.157 34.639 2.22402568616
21.299 57.483 33.354 2.41516305987
20.322 58.615 33.633 2.41516305987
22.37 57.885 32.349 2.24769809506
23.166 58.754 32.719 2.06703446881
22.473 57.319 31.178 2.11633202144
23.391 57.716 30.083 2.32485688748
24.654 56.817 30.07 2.32485688748
25.638 57.16 31.063 2.32485688748
26.951 55.887 31.217 2.18262886222
27.261 55.552 29.426 2.32485688748
22.638 57.505 28.798 2.14243103283
23.04 58.247 27.777 2.85110369563
22.384 58.142 26.482 2.97245262608
23.89 59.443 27.828 2.97245262608
22.875 59.326 25.645 2.97245262608
24.085 59.786 26.374 2.97245262608
23.852 56.307 25.862 2.75923199067
24.072 56.349 20.325 2.85287250891
24.618 57.369 21.359 2.85287250891
26.021 57.757 21.064 2.85287250891
26.939 56.687 21.282 2.7203848681
28.159 56.496 20.824 2.73628278469
28.751 57.415 20.055 2.76116415538
28.84 55.396 21.156 2.76116415538
18.496 54.211 18.907 2.41516305987
17.725 53.069 18.227 2.41516305987
18.01 54.301 20.35 2.41516305987
20.543 54.245 17.301 2.24769809506
20.894 53.271 16.626 2.06703446881
21.26 55.929 15.678 2.78912757715
20.208 56.358 14.579 2.78912757715
20.691 57.623 14.033 2.61066977765
18.749 56.467 15.034 2.78912757715
22.392 57.636 17.037 2.5427976846
22.988 57.378 14.901 3.18494045613
23.801 58.584 14.789 3.28331166428
24.336 58.654 13.334 3.28331166428
25.236 59.88 13.005 3.28331166428
25.764 59.95 11.57 3.19656430018
26.49 60.947 11.319 3.11200838625
25.452 59.063 10.742 3.11200838625
23.065 59.851 15.177 3.19656430018
23.69 60.785 15.731 3.11200838625
20.938 61.079 15.062 2.57789518755
20.333 61.447 13.679 2.57789518755
19.409 62.696 13.664 2.57789518755
18.852 62.995 12.268 2.43285482807
18.101 63.948 12.067 2.28148428923
19.233 62.168 11.268 2.46421089331
19.859 60.908 16.119 2.43285482807
18.766 61.533 16.057 2.28148428923
20.097 60.057 17.112 3.18494045613
19.009 59.709 18.044 3.28331166428
17.881 58.984 17.356 3.28331166428
16.687 58.577 18.266 3.28331166428
15.54 57.841 17.568 3.19656430018
14.581 57.518 18.317 3.11200838625
15.61 57.587 16.343 3.11200838625
19.542 58.91 19.225 3.19656430018
20.31 57.944 19.078 3.11200838625
19.125 59.349 20.384 2.57572842164
19.546 58.924 21.7 2.72232757201
20.6 59.752 22.409 2.72232757201
21.843 59.581 21.733 2.53400746709
18.315 58.905 22.626 2.59344389372
17.407 59.705 22.437 2.46178430194
18.445 58.017 23.587 2.85110369563
17.344 57.774 24.584 2.97245262608
16.611 56.529 24.098 2.97245262608
15.731 55.825 25.118 2.97245262608
15.368 54.428 24.664 2.97245262608
14.452 53.697 25.611 2.97245262608
14.631 52.214 25.425 2.97245262608
18.132 57.482 25.88 2.8655882766
17.71 58.034 26.978 2.7203848681
18.424 57.867 28.258 2.85287250891
16.613 59.019 27.097 2.85287250891
17.961 59.023 29.108 2.85287250891
16.912 59.796 28.352 2.85287250891
18.078 56.47 28.789 2.73628278469
16.937 56.057 28.626 2.61895377264
19.077 55.754 29.271 2.22402568616
18.89 54.409 29.827 2.41516305987
19.227 53.326 28.791 2.41516305987
18.462 53.563 27.478 2.41516305987
19.655 54.31 31.141 2.24769809506
19.239 53.352 31.93 2.41269401738
19.078 52.394 34.18 2.57789518755
17.97 53.414 34.593 2.57789518755
18.613 54.519 35.43 2.43285482807
18.625 55.663 34.999 2.28148428923
19.214 54.137 36.542 2.46421089331
20.98 51.075 32.386 2.28148428923
24.399 53.161 31.611 2.41516305987
25.64 52.534 30.978 2.41516305987
24.671 52.27 34.537 2.06703446881
26.725 49.775 34.479 2.24769809506
27.05 49.871 33.297 2.06703446881
29.296 51.445 35.587 2.72232757201
30.754 51.783 35.793 2.59344389372
31.602 51.871 34.673 2.65002772709
31.296 51.992 37.059 2.65002772709
32.943 52.22 34.802 2.65002772709
32.632 52.295 37.226 2.65002772709
33.445 52.437 36.075 2.59344389372
34.771 52.736 36.184 2.53400746709
29.433 48.978 37.625 2.46178430194
31.816 47.905 36.926 2.78912757715
31.347 46.566 37.494 2.78912757715
31.413 45.436 36.376 2.78912757715
31.99 43.68 37.845 2.5427976846
29.881 43.64 37.03 2.69295246139
34.219 47.729 37.02 2.11633202144
36.65 48.419 37.057 2.32485688748
36.31 49.817 36.552 2.32485688748
38.085 47.94 36.691 2.32485688748
37.085 50.991 37.259 2.32485688748
35.882 45.962 37.043 2.14243103283
35.65 45.642 38.195 1.94074133197
36.588 43.716 36.58 3.54436212661
37.915 41.911 35.827 2.22402568616
39.52 40.217 36.045 2.41516305987
40.766 39.49 35.592 2.24769809506
40.428 38.25 34.816 2.41516305987
41.63 40.424 34.711 2.41516305987
36.894 39.358 34.8 2.06703446881
36.651 39.64 32.04 2.0
33.744 40.092 33.145 1.86
32.948 40.388 34.254 1.86
33.887 42.651 34.356 1.86
32.964 41.656 34.814 1.86
37.376 39.148 30.804 1.74
36.885 38.089 30.19 2.7203848681
37.417 35.339 29.696 2.85287250891
37.953 34.033 29.375 2.85287250891
37.341 33.058 28.661 2.7203848681
36.711 32.813 27.55 2.73628278469
36.363 33.807 26.758 2.76116415538
36.294 31.571 27.289 2.76116415538
37.352 42.559 25.173 2.97245262608
39.417 39.191 24.83 2.75923199067
38.483 39.765 22.236 2.72232757201
37.876 38.637 21.41 2.72232757201
37.096 41.543 21.352 2.46178430194
39.321 41.491 20.792 2.57572842164
39.154 42.681 19.898 2.72232757201
40.168 43.762 20.301 2.72232757201
39.752 45.002 19.755 2.53400746709
39.384 42.186 18.488 2.59344389372
40.381 41.459 18.259 2.46178430194
38.443 42.411 17.633 2.22402568616
38.509 41.809 16.273 2.41516305987
38.232 38.602 16.998 2.28430885786
38.541 38.224 15.268 2.41516305987
38.684 43.079 15.401 2.24769809506
37.661 43.566 14.908 2.06703446881
39.92 43.583 15.283 2.22402568616
40.143 44.883 14.585 2.41516305987
41.577 45.302 14.786 2.41516305987
39.672 44.821 13.128 2.24769809506
39.064 45.747 12.52 2.06703446881
39.848 43.651 12.53 2.57572842164
39.382 43.393 11.178 2.72232757201
39.833 41.999 10.716 2.72232757201
39.204 41.027 11.526 2.53400746709
37.883 43.524 11.031 2.59344389372
37.4 43.755 9.918 2.46178430194
35.65 43.273 11.878 3.41882014206
35.021 42.015 12.485 3.41882014206
35.627 40.674 11.95 3.41882014206
35.102 40.325 10.581 3.33906215107
34.022 40.894 10.269 3.26182836231
35.606 39.558 9.777 3.26182836231
35.155 44.52 12.558 3.33906215107
33.959 44.81 12.601 3.26182836231
35.761 46.504 13.805 3.0287949135
35.121 47.468 12.819 3.0287949135
36.103 48.033 11.76 3.0287949135
35.392 49.225 11.081 3.0287949135
36.37 50.05 10.282 3.0287949135
37.349 49.238 9.508 3.0287949135
33.643 46.805 15.047 2.8243183199
35.117 45.347 15.871 2.22402568616
34.122 45.017 16.927 2.41516305987
33.179 43.895 16.302 2.41516305987
32.539 40.973 14.568 2.41516305987
34.908 44.468 18.079 2.24769809506
36.054 44.059 17.855 2.06703446881
34.222 44.389 19.214 3.08160126066
35.037 44.762 21.477 3.18635814682
36.088 45.797 21.065 3.18635814682
36.431 46.737 22.203 3.18635814682
35.366 47.601 22.733 3.18635814682
35.169 48.965 22.297 3.18635814682
32.784 36.19 27.996 3.69904372689
31.966 34.945 28.43 3.69904372689
32.644 33.642 28.158 3.63125461652
33.844 33.569 28.048 3.56629383662
31.904 32.64 28.08 3.56629383662
32.763 38.095 30.229 3.56629383662
29.174 39.033 31.423 2.72232757201
28.271 41.308 30.907 2.72232757201
30.468 41.062 31.901 2.72232757201
31.479 36.496 33.427 3.28331166428
31.105 34.112 33.966 3.28331166428
32.089 35.214 34.028 3.28331166428
28.563 35.882 35.087 3.11200838625
27.805 33.852 34.317 1.7
25.424 33.148 34.732 2.0
24.648 34.085 33.85 1.74
23.8 35.076 34.359 1.86
27.26 33.047 36.514 1.74
28.271 32.284 36.373 1.4
26.715 33.289 37.711 2.41269401738
27.203 32.536 38.9 2.57789518755
26.412 33.015 40.16 2.57789518755
26.004 30.598 38.022 2.28148428923
27.808 30.293 39.275 2.57572842164
28.044 28.87 39.213 2.72232757201
26.996 28.078 39.993 2.72232757201
27.403 28.258 41.367 2.53400746709
28.532 28.222 37.968 2.59344389372
28.637 26.991 37.857 2.46178430194
29.021 29.021 37.035 2.41269401738
29.98 28.645 36.033 2.57789518755
29.36 27.724 35.023 2.43285482807
30.188 27.029 34.405 2.28148428923
28.057 27.76 34.812 2.57572842164
27.511 26.924 33.685 2.72232757201
26.37 25.936 34.283 2.72232757201
25.301 26.85 34.579 2.53400746709
26.903 25.107 35.457 2.72232757201
26.844 26.981 31.384 2.46178430194
26.71 28.886 32.543 2.22402568616
24.888 30.149 31.839 2.41516305987
23.989 28.907 31.775 2.41516305987
22.307 29.44 32.289 2.28430885786
22.099 31.031 31.601 2.41516305987
27.633 31.605 32.441 2.06703446881
29.251 33.012 29.68 4.32767651728
29.459 34.03 23.027 2.41516305987
30.987 35.163 24.655 2.41516305987
30.027 45.92 21.473 2.41516305987
29.88 47.437 21.538 2.24769809506
30.638 47.881 22.78 2.41516305987
31.615 45.82 18.943 2.06703446881
30.322 46.951 16.68 3.08311555793
29.17 47.342 15.746 3.08311555793
27.987 46.523 16.198 3.08311555793
31.024 48.235 17.135 2.98417189675
30.499 48.835 18.059 2.88653560143
32.124 48.616 16.539 3.18494045613
32.777 49.905 16.909 3.28331166428
34.143 50.03 16.243 3.28331166428
35.239 49.211 16.82 3.19656430018
35.18 48.487 17.85 3.11200838625
36.319 49.276 16.149 3.11200838625
31.813 51.059 16.583 3.19656430018
31.657 51.947 17.431 3.11200838625
31.13 50.974 15.435 3.32841402621
30.264 52.125 15.051 3.41882014206
30.353 52.465 13.593 3.41882014206
31.683 52.433 12.848 3.41882014206
31.622 52.803 11.364 3.33906215107
32.728 52.772 10.763 3.26182836231
30.53 53.123 10.841 3.26182836231
28.324 50.732 15.174 3.26182836231
28.113 52.935 15.627 2.11633202144
26.757 53.022 16.167 2.32485688748
26.306 54.466 16.455 2.32485688748
24.975 54.62 17.166 2.32485688748
27.374 55.34 17.117 2.32485688748
25.821 52.336 15.184 2.14243103283
24.613 52.271 15.408 1.94074133197
26.402 51.905 14.071 2.57572842164
25.574 51.4 12.957 2.72232757201
25.108 52.561 12.099 2.72232757201
26.132 53.038 11.233 2.53400746709
26.399 50.385 12.198 2.59344389372
26.292 50.205 10.978 2.46178430194
27.277 49.759 12.976 2.41269401738
28.091 48.66 12.415 2.57789518755
27.311 47.34 12.519 2.43285482807
27.794 46.248 12.112 2.28148428923
26.086 47.443 13.028 2.22402568616
24.127 46.528 14.187 2.41516305987
23.514 45.305 14.865 2.24769809506
22.344 45.865 15.689 2.41516305987
24.978 45.428 12.053 2.24769809506
24.564 46.226 11.057 3.18494045613
24.124 45.656 9.762 3.28331166428
23.86 46.75 8.728 3.28331166428
22.556 47.519 8.861 3.28331166428
22.317 48.609 7.813 3.19656430018
21.233 49.237 7.936 3.11200838625
23.163 48.807 6.909 3.11200838625
25.19 44.73 9.227 3.19656430018
24.963 43.544 8.937 3.11200838625
26.441 45.265 9.244 2.41269401738
27.492 44.338 8.718 2.57789518755
28.805 45.094 8.524 2.57789518755
29.9 44.252 7.907 2.57789518755
31.206 45.032 7.723 2.43285482807
32.205 44.507 7.235 2.28148428923
31.204 46.327 8.114 2.46421089331
27.614 43.158 10.816 2.41269401738
27.947 42.008 11.693 2.57789518755
28.102 42.54 13.148 2.57789518755
28.301 42.221 15.629 2.57789518755
23.223 41.468 11.26 3.87583860819
21.61 42.582 12.881 3.81424376621
20.783 42.591 11.999 3.75551382604
21.422 43.017 14.03 3.75551382604
24.021 38.678 9.88 3.75551382604
25.077 40.418 8.865 2.57572842164
25.294 39.716 7.565 2.72232757201
25.865 40.694 6.553 2.72232757201
25.155 41.931 6.645 2.53400746709
26.266 38.559 7.672 2.59344389372
26.067 37.545 6.961 2.46178430194
28.435 37.761 8.458 2.22693058289
29.86 38.372 8.377 2.22693058289
30.559 38.557 9.743 2.22693058289
30.064 39.647 7.49 2.22693058289
30.407 39.85 10.518 2.22693058289
28.287 36.673 9.517 2.02565795104
28.716 35.547 9.244 1.79544509739
27.732 37.023 10.68 1.99639670258
25.561 37.11 12.907 2.22693058289
26.183 34.526 10.755 1.79544509739
27.329 31.842 10.35 2.97245262608
28.727 31.748 9.787 2.8655882766
29.601 31.32 10.519 2.75923199067
28.995 32.166 8.551 2.88830125379
27.551 30.166 12.872 1.7
27.545 27.834 13.774 2.0
28.497 26.904 15.904 1.86
28.598 25.531 13.971 1.86
29.1 25.949 16.709 1.86
29.215 24.54 14.716 1.86
29.51 24.76 16.073 1.86
29.692 29.222 13.74 1.74
30.235 29.131 12.529 3.18494045613
31.7 29.011 12.362 3.28331166428
32.094 28.832 10.901 3.28331166428
31.183 28.012 9.967 3.28331166428
31.623 28.08 8.514 3.19656430018
32.788 28.355 8.221 3.11200838625
30.685 27.856 7.7 3.11200838625
32.385 30.307 12.874 3.19656430018
33.36 30.24 13.59 3.11200838625
31.814 31.437 12.434 3.08160126066
32.35 32.746 12.857 3.18635814682
31.995 34.027 10.693 3.18635814682
33.252 34.906 10.597 3.18635814682
33.928 34.772 9.245 3.18635814682
32.978 35.265 8.191 3.18635814682
29.599 32.558 16.973 2.57789518755
29.286 32.898 18.428 2.43285482807
27.943 32.326 18.776 2.57789518755
32.07 31.982 17.15 2.43285482807
32.249 30.774 16.682 2.41269401738
33.231 29.838 17.27 2.57789518755
33.029 28.44 16.519 2.57789518755
31.656 28.038 16.856 2.36497245057
34.028 27.359 16.884 2.57789518755
34.646 30.396 17.118 2.43285482807
35.465 30.344 18.055 2.28148428923
34.916 30.941 15.919 3.18494045613
36.26 31.506 15.659 3.28331166428
36.439 31.991 14.244 3.28331166428
36.749 31.028 13.121 3.28331166428
36.906 31.654 11.733 3.19656430018
37.164 30.84 10.808 3.11200838625
36.794 32.894 11.587 3.11200838625
36.533 32.68 16.595 3.19656430018
37.565 32.706 17.284 3.11200838625
35.671 34.803 17.451 2.97245262608
35.425 36.398 14.855 2.91219147086
34.928 36.859 13.681 2.85110369563
32.679 37.537 12.835 2.91219147086
33.695 33.014 21.293 2.78912757715
33.293 31.787 20.549 2.61066977765
32.848 34.217 20.934 2.78912757715
36.146 32.191 21.364 2.66677603688
36.103 31.686 22.511 2.5427976846
38.036 30.808 20.742 2.41516305987
38.685 30.409 19.442 2.41516305987
40.048 30.063 19.637 2.16754538317
38.986 31.334 21.83 2.24769809506
39.338 30.407 22.678 2.22402568616
40.443 30.308 23.595 2.41516305987
40.77 28.822 23.74 2.41516305987
41.879 28.507 24.475 2.16754538317
41.625 31.106 23.056 2.24769809506
42.208 31.907 23.792 2.06703446881
41.948 30.901 21.808 2.41269401738
43.002 31.543 21.036 2.57789518755
42.795 31.341 19.518 2.57789518755
43.871 31.992 18.643 2.43285482807
43.854 31.926 17.413 2.28148428923
44.861 32.638 19.298 2.46421089331
43.966 33.631 21.663 2.28148428923
41.477 34.971 20.573 2.41516305987
39.635 36.165 19.183 2.41516305987
40.623 34.034 18.369 2.41516305987
41.101 35.754 21.825 2.24769809506
41.211 36.974 21.945 2.06703446881
38.561 35.248 24.339 2.57789518755
35.979 35.523 24.196 2.46421089331
40.91 35.855 25.046 2.43285482807
41.627 34.886 25.333 2.28148428923
41.879 37.041 26.871 2.97245262608
43.175 37.743 26.428 2.97245262608
43.087 39.125 25.881 2.97245262608
44.415 39.759 25.461 2.8655882766
44.325 40.928 25.001 2.75923199067
45.483 39.113 25.572 2.75923199067
41.681 37.396 29.193 2.85110369563
41.519 37.044 31.629 2.97245262608
40.79 35.76 31.877 2.97245262608
41.227 34.977 33.117 2.8655882766
40.605 33.899 33.313 2.75923199067
42.13 35.428 33.86 2.75923199067
43.197 39.341 30.775 2.75923199067
41.799 41.723 31.01 2.78912757715
41.942 42.616 29.741 2.78912757715
42.863 41.96 28.687 2.78912757715
43.449 42.974 27.752 2.78912757715
42.403 43.618 26.993 2.65003072421
41.964 43.176 25.809 2.66677603688
42.632 42.169 25.296 2.69295246139
40.997 43.666 25.052 2.69295246139
41.511 43.316 32.809 2.91219395265
41.743 44.993 34.606 3.0287949135
41.881 44.112 35.835 3.0287949135
41.707 44.962 37.111 3.0287949135
41.846 44.11 38.366 3.0287949135
42.509 44.897 39.442 3.0287949135
40.926 46.123 32.059 2.8243183199
37.391 45.83 27.971 3.54436212661
37.059 52.69 33.079 3.8417693982
38.051 52.971 34.263 3.8417693982
38.738 54.266 34.119 3.8417693982
31.823 46.179 32.074 2.72232757201
30.561 45.696 31.301 2.72232757201
33.014 45.253 31.798 2.72232757201
29.656 53.009 31.606 3.50233627526
30.595 53.881 32.183 3.50233627526
32.884 54.569 32.389 3.43758922265
21.591 48.919 28.679 4.89901657786
20.893 48.136 31.885 2.57572842164
19.056 47.985 33.547 2.72232757201
18.434 48.489 35.946 2.72232757201
18.961 49.451 36.908 2.57572842164
18.283 50.274 37.689 2.59344389372
16.949 50.313 37.641 2.62109821036
18.823 51.132 38.56 2.62109821036
18.843 46.974 31.271 2.59344389372
18.504 47.863 30.475 2.46178430194
18.424 45.735 31.098 2.41269401738
17.628 45.374 29.89 2.57789518755
16.443 44.491 30.424 2.43285482807
16.627 43.637 31.267 2.28148428923
15.302 44.745 29.818 2.7203848681
14.093 43.878 30.07 2.85287250891
13.119 44.728 30.81 2.85287250891
11.831 44.176 31.364 2.85287250891
11.19 45.247 32.275 2.85287250891
10.161 44.59 33.182 2.85287250891
9.54 45.584 34.054 2.85287250891
13.655 43.416 28.69 2.73628278469
13.11 44.228 27.923 2.61895377264
14.057 42.2 28.329 2.11633202144
13.785 41.759 26.914 2.32485688748
14.963 40.919 26.486 2.32485688748
16.308 42.501 24.649 2.18262886222
16.006 44.077 25.479 2.32485688748
12.494 40.908 27.017 2.14243103283
12.508 39.942 27.82 1.94074133197
11.497 41.224 26.224 2.7203848681
9.172 40.788 26.911 2.85287250891
8.268 39.574 27.206 2.85287250891
7.06 39.653 28.057 2.73628278469
7.264 39.833 29.272 2.61895377264
5.903 39.576 27.681 2.61895377264
9.844 40.467 24.575 2.73628278469
9.505 41.567 24.14 2.61895377264
9.29 39.297 22.484 2.85287250891
10.489 39.235 21.481 2.85287250891
11.494 40.445 21.678 2.85287250891
10.901 41.769 21.298 2.73628278469
9.92 41.702 20.495 2.61895377264
11.245 42.818 21.752 2.61895377264
8.421 38.033 22.33 2.73628278469
8.727 37.006 22.919 2.61895377264
7.495 38.087 21.431 2.85110369563
5.201 37.289 21.603 2.97245262608
4.17 36.144 21.379 2.97245262608
2.896 36.361 22.229 2.97245262608
2.045 37.503 21.725 2.97245262608
1.086 38.023 22.698 2.97245262608
6.59 36.788 19.562 2.8655882766
6.552 37.828 18.891 2.75923199067
6.84 35.392 17.576 2.97245262608
8.212 34.821 17.15 2.97245262608
9.433 37.026 16.678 2.91219147086
10.351 37.99 17.038 2.91219147086
12.06 38.867 18.453 2.81719981417
5.744 34.34 17.254 2.8655882766
5.165 34.549 16.144 2.41269401738
4.418 33.597 15.307 2.57789518755
3.593 34.347 14.277 2.57789518755
2.555 33.336 13.614 2.43285482807
2.793 32.1 13.643 2.28148428923
1.561 33.983 13.04 2.46421089331
5.914 32.885 13.552 2.28148428923
2.51 29.716 11.631 3.18635814682
1.948 29.009 12.777 3.0526522229
1.971 29.265 10.26 3.18635814682
5.404 32.254 9.499 2.78912757715
5.088 33.713 9.461 2.78912757715
4.591 34.282 10.643 2.61066977765
6.887 31.917 9.382 2.66677603688
7.405 31.695 8.276 2.5427976846
7.541 31.804 10.54 2.57572842164
8.989 31.628 10.56 2.72232757201
9.051 33.163 12.567 2.72232757201
5.821 28.464 6.822 2.41516305987
4.732 27.436 6.957 2.41516305987
3.092 27.992 6.493 2.28430885786
3.154 29.801 6.584 2.41516305987
8.171 28.586 6.033 2.24769809506
8.41 27.915 5.038 2.06703446881
8.696 29.785 6.325 2.22402568616
9.806 30.269 5.446 2.41516305987
10.046 31.738 5.775 2.41516305987
11.077 29.449 5.456 2.24769809506
11.88 29.403 4.485 2.06703446881
12.488 27.835 6.666 2.41516305987
12.821 27.714 8.179 2.41516305987
13.31 28.968 8.75 2.41516305987
14.883 27.711 10.656 2.41516305987
12.281 26.485 6.034 2.24769809506
13.244 25.732 5.865 2.06703446881
11.061 26.078 5.672 2.41269401738
10.905 24.806 5.005 2.57789518755
10.05 23.831 5.78 2.43285482807
9.944 22.635 5.398 2.28148428923
5.209 23.442 5.777 2.72232757201
5.284 23.822 4.204 2.72232757201
5.767 22.602 3.572 2.53400746709
6.264 24.981 3.993 2.72232757201
4.117 22.444 6.07 2.59344389372
2.923 22.784 6.279 2.46178430194
3.333 20.184 6.07 3.69904372689
3.79 18.785 5.686 3.69904372689
4.101 18.693 4.18 3.63125461652
3.919 19.705 3.472 3.56629383662
4.604 17.629 3.771 3.56629383662
1.195 24.905 9.212 2.0
2.2 25.155 11.481 1.86
-0.649 23.367 8.471 1.74
-1.482 24.28 8.468 1.4
-1.705 22.17 6.676 2.32485688748
-1.088 22.368 5.282 2.32485688748
-0.407 21.123 4.992 2.05369213118
-1.821 19.79 7.215 1.94074133197
-3.372 20.702 5.848 2.11633202144
-4.048 19.479 5.426 2.32485688748
-4.957 19.793 4.211 2.32485688748
-5.661 21.006 4.537 2.05369213118
-3.148 18.308 5.117 2.14243103283
-3.513 17.142 5.404 1.94074133197
-1.979 18.584 4.582 2.11633202144
-0.981 17.555 4.268 2.32485688748
-0.001 18.032 3.186 2.32485688748
0.396 19.376 3.395 2.05369213118
-0.22 16.994 5.424 2.14243103283
0.607 16.06 5.208 1.94074133197
-0.304 17.733 9.047 2.72232757201
-0.018 15.511 7.93 2.59344389372
-1.18 15.09 7.973 2.46178430194
1.016 14.739 8.126 2.57572842164
1.025 13.426 8.694 2.72232757201
1.835 12.49 7.808 2.72232757201
1.816 11.032 8.162 2.59344389372
2.224 10.167 7.366 2.46178430194
1.418 10.618 9.368 2.62109821036
0.55 13.602 11.04 2.22402568616
0.718 13.266 12.479 2.41516305987
0.229 14.56 13.193 2.41516305987
0.069 11.992 12.988 2.24769809506
-0.519 11.98 14.121 2.06703446881
0.192 10.897 12.261 2.57572842164
-0.347 9.565 12.545 2.72232757201
0.094 8.479 11.505 2.72232757201
-0.271 8.894 10.236 2.53400746709
0.111 9.032 13.904 2.59344389372
-0.557 8.16 14.466 2.46178430194
1.802 8.991 15.653 2.97245262608
1.363 9.256 18.012 2.75923199067
-4.046 10.79 16.381 2.41516305987
-4.892 12.047 16.256 2.41516305987
-4.128 9.995 15.052 2.24769809506
-3.206 10.068 14.21 2.06703446881
-5.201 9.232 14.94 2.22402568616
-5.516 8.601 13.616 2.41516305987
-6.143 7.236 13.817 2.41516305987
-7.324 7.321 14.615 2.16754538317
-6.407 9.551 12.837 2.24769809506
-6.619 9.419 11.615 2.06703446881
-6.965 10.509 13.563 2.22402568616
-7.893 11.492 13.005 2.41516305987
-8.609 12.283 14.06 2.41516305987
-7.215 12.357 11.95 2.24769809506
-6.409 13.268 12.206 2.06703446881
-7.615 12.032 10.709 3.18494045613
-7.058 12.592 9.514 3.28331166428
-7.935 12.37 8.266 3.28331166428
-7.379 12.958 6.937 3.28331166428
-8.249 12.738 5.698 3.19656430018
-7.785 13.219 4.63 3.11200838625
-9.342 12.132 5.796 3.11200838625
-6.7 14.069 9.6 3.19656430018
-5.693 14.424 8.941 3.11200838625
-7.437 14.926 10.3 2.57572842164
-7.308 16.382 10.033 2.72232757201
-8.662 17.023 9.803 2.72232757201
-9.372 17.076 11.034 2.53400746709
-6.548 17.145 11.119 2.59344389372
-6.666 18.371 11.333 2.46178430194
-5.732 16.432 11.846 2.22402568616
-4.622 15.967 13.93 2.41516305987
-4.347 17.272 16.013 2.41516305987
-2.854 15.26 15.455 2.41516305987
-3.74 17.7 12.286 2.24769809506
-2.96 16.922 11.717 2.06703446881
-2.625 20.444 10.762 3.32971220156
-3.695 21.535 10.832 3.32971220156
-3.953 22.208 9.499 3.32971220156
-4.482 23.614 9.702 3.32971220156
-5.72 23.805 8.891 3.32971220156
0.971 24.089 14.955 2.97245262608
-1.082 24.292 12.21 2.75923199067
-3.082 25.627 13.684 2.78912757715
-4.504 25.679 14.289 2.78912757715
-5.197 24.47 14.035 2.61066977765
-2.39 26.929 14.084 2.66677603688
-2.529 27.95 13.403 2.5427976846
-1.094 28.084 15.784 2.57789518755
-1.916 29.027 16.626 2.57789518755
-3.149 29.607 16.019 2.57789518755
-2.927 30.766 15.083 2.43285482807
-1.816 30.959 14.586 2.28148428923
-4.012 31.508 14.853 2.46421089331
0.116 27.522 16.529 2.43285482807
1.182 28.341 16.387 2.41269401738
2.439 27.991 17.127 2.57789518755
3.034 29.35 17.552 2.43285482807
3.285 30.201 16.7 2.28148428923
3.097 29.577 18.85 2.22402568616
3.675 30.873 19.381 2.41516305987
2.544 31.674 20.055 2.41516305987
1.967 31.069 21.343 2.41516305987
3.026 33.052 20.529 2.41516305987
6.241 34.433 24.532 2.57789518755
9.5 34.877 24.934 2.41269401738
10.91 36.073 26.464 2.43285482807
10.551 37.157 26.011 2.28148428923
10.769 39.686 32.343 3.77074517528
11.04 38.46 31.802 3.80609061566
9.853 40.299 31.613 3.80609061566
14.653 37.916 30.344 2.97245262608
14.76 40.394 30.056 2.75923199067
15.186 39.479 32.038 3.62225757892
14.885 41.106 33.847 3.69904372689
13.402 41.318 33.519 3.69904372689
12.529 41.536 34.728 3.63125461652
12.953 42.169 35.697 3.56629383662
11.419 41.006 34.508 3.56629383662
17.871 41.635 32.615 2.57572842164
19.544 42.963 33.688 2.59344389372
19.101 44.043 33.286 2.46178430194
19.027 44.029 36.617 2.97245262608
18.67 42.9 37.571 2.8655882766
17.589 42.971 38.223 2.75923199067
19.395 41.846 37.809 2.88830125379
21.568 44.248 37.793 3.46048228099
22.691 45.384 39.621 3.54436212661
21.48 47.439 38.65 3.47033660994
20.517 46.649 38.447 3.39902103994
21.435 48.63 38.405 3.39902103994
23.174 43.032 39.278 3.47033660994
24.371 42.75 39.541 3.39902103994
22.166 42.322 39.749 2.57572842164
22.333 41.255 40.718 2.72232757201
20.938 40.613 40.829 2.72232757201
24.282 39.956 41.35 2.85110369563
25.3 38.953 43.569 2.75923199067
27.232 36.934 43.755 2.65207782941
27.793 35.534 43.372 2.65207782941
27.876 34.565 44.581 2.65207782941
28.33 33.235 44.142 2.65207782941
28.019 32.027 44.743 2.49687256947
27.218 31.109 45.18 2.51571213812
25.876 31.154 45.261 2.54507232427
27.729 29.945 45.654 2.54507232427
28.241 37.685 44.576 2.51571213812
28.169 37.698 45.806 2.37505611705
29.194 38.291 43.914 3.18494045613
30.365 38.949 44.455 3.28331166428
31.599 38.164 43.941 3.28331166428
31.853 36.795 44.474 3.28331166428
32.667 35.852 43.642 3.19656430018
32.737 36.179 42.437 3.11200838625
33.2 34.859 44.099 3.11200838625
30.558 40.358 43.92 3.19656430018
30.233 40.688 42.763 3.11200838625
31.16 41.223 44.729 1.86000608385
31.438 42.625 44.208 2.11953941158
30.315 43.521 44.745 2.11953941158
30.572 43.99 46.166 2.11953941158
29.931 44.666 43.871 2.11953941158
32.883 42.934 44.591 1.89360203896
33.39 42.318 45.553 1.62182580604
33.588 43.756 43.862 1.86000608385
34.937 44.234 44.298 2.11953941158
35.711 44.765 43.084 2.11953941158
35.792 43.725 41.96 2.11953941158
35.107 46.044 42.521 2.11953941158
34.797 45.231 45.444 1.89360203896
33.932 46.125 45.471 1.62182580604
35.689 45.118 46.421 2.85110369563
35.913 46.253 47.362 2.97245262608
35.696 48.606 47.415 1.7
35.683 49.998 46.932 2.0
35.093 50.895 48.021 2.0
33.696 50.601 48.177 1.4
37.104 50.47 46.606 1.74
37.372 51.111 45.599 1.4
32.551 51.505 48.625 1.8
33.012 52.767 47.974 1.4
32.531 51.745 50.094 1.4
31.19 51.204 48.13 1.4
37.96 50.137 47.574 2.22402568616
39.348 50.645 47.547 2.41516305987
40.07 50.228 48.822 2.41516305987
39.968 50.15 46.252 2.24769809506
40.67 50.794 45.46 2.06703446881
39.621 48.877 46.016 3.32841402621
40.195 48.134 44.886 3.41882014206
39.524 46.729 44.824 3.41882014206
40.117 45.617 45.639 3.41882014206
41.621 45.528 45.69 3.33906215107
42.349 45.254 44.756 3.26182836231
42.035 45.728 46.863 3.26182836231
40.578 49.182 42.73 3.26182836231
37.894 49.828 42.383 2.57789518755
36.366 49.854 42.476 2.57789518755
38.383 51.259 42.14 2.43285482807
38.401 51.761 41.012 2.28148428923
38.638 51.928 43.262 2.41269401738
39.165 53.306 43.19 2.57789518755
40.509 53.234 42.474 2.43285482807
40.768 54.045 41.588 2.28148428923
41.299 52.227 42.872 2.11633202144
42.654 52.116 42.287 2.32485688748
43.497 51.116 43.087 2.32485688748
44.89 50.973 42.468 2.32485688748
43.578 51.529 44.553 2.32485688748
42.565 51.735 40.796 2.14243103283
43.292 52.301 39.97 1.94074133197
41.743 50.74 40.563 3.46048228099
41.29 50.359 39.208 3.54436212661
40.223 49.266 39.291 3.54436212661
40.836 47.927 39.708 3.47033660994
42.051 47.778 39.454 3.39902103994
40.141 47.094 40.317 3.39902103994
39.384 53.484 38.163 2.32485688748
38.643 54.395 39.145 2.32485688748
40.514 54.319 37.53 2.14243103283
40.396 54.855 36.435 1.94074133197
42.653 55.359 38.075 2.32485688748
43.391 55.518 39.421 2.32485688748
43.459 54.768 36.933 2.14243103283
43.826 55.412 35.961 1.94074133197
44.713 52.724 36.324 2.78912757715
45.235 51.668 37.308 2.78912757715
46.643 51.668 37.273 2.61066977765
44.19 52.09 35.031 2.66677603688
44.969 51.912 34.067 2.5427976846
42.911 51.737 35.009 2.22402568616
42.317 50.977 33.871 2.41516305987
40.578 49.299 33.097 2.41516305987
41.851 48.822 35.172 2.41516305987
41.802 52.02 32.877 2.24769809506
40.993 52.876 33.211 2.06703446881
42.276 51.883 31.641 2.57572842164
41.783 52.768 30.587 2.72232757201
43.002 53.389 29.845 2.72232757201
44.032 52.38 29.852 2.53400746709
40.874 52.073 29.58 2.59344389372
40.091 52.728 28.89 2.46178430194
41.104 50.8 29.424 2.7203848681
40.293 50.077 28.379 2.85287250891
40.808 48.644 28.359 2.85287250891
40.236 47.828 27.218 2.85287250891
40.77 46.457 27.007 2.73628278469
41.768 46.081 27.594 2.61895377264
40.052 45.85 26.129 2.61895377264
38.841 49.989 28.916 2.73628278469
37.891 50.243 28.082 2.7203848681
35.717 51.311 28.487 2.85287250891
35.831 52.355 27.46 2.85287250891
35.036 53.596 27.771 2.73628278469
35.232 54.185 28.802 2.61895377264
34.25 53.882 26.842 2.61895377264
35.714 49.214 27.284 2.73628278469
36.11 49.068 26.133 2.61895377264
33.573 48.172 26.777 2.0
33.59 46.682 27.043 2.0
33.275 45.123 25.148 1.86
31.915 49.785 26.207 2.49687256947
30.822 50.738 26.527 2.65207782941
31.269 52.19 26.411 2.65207782941
30.253 53.27 26.699 2.65207782941
30.8 54.651 26.45 2.65207782941
31.831 55.051 27.347 2.49687256947
31.818 55.797 28.442 2.51571213812
30.753 56.344 29.012 2.54507232427
32.997 55.943 29.058 2.54507232427
29.54 50.829 24.455 2.37505611705
26.51 53.641 25.123 3.97461189274
27.463 54.27 24.119 3.91610941646
28.108 53.613 23.278 3.86046154913
27.475 55.501 24.167 3.86046154913
28.961 50.772 19.505 3.77074517528
27.644 50.76 19.229 3.80609061566
29.089 51.614 20.496 3.80609061566
22.906 50.771 18.694 3.28331166428
22.175 48.58 18.09 3.28331166428
21.681 50.012 18.159 3.28331166428
25.248 47.631 18.802 3.11200838625
25.122 33.043 22.278 1.8
26.421 29.92 25.201 3.54436212661
28.804 30.378 24.635 3.54436212661
30.144 30.51 25.359 3.54436212661
31.067 29.441 24.909 3.54436212661
24.799 23.195 30.587 3.77074517528
24.379 24.391 30.088 3.80609061566
25.486 22.529 29.682 3.80609061566
27.923 26.658 28.902 2.22402568616
30.172 27.035 29.862 2.41516305987
29.961 28.553 30.095 2.41516305987
31.668 26.651 29.751 2.41516305987
30.492 29.064 31.483 2.41516305987
30.619 25.229 27.011 2.06703446881
29.364 24.205 28.606 2.22402568616
29.856 22.843 28.51 2.41516305987
29.119 21.88 29.451 2.41516305987
29.656 22.338 27.065 2.24769809506
30.598 21.805 26.47 2.06703446881
28.009 22.073 25.289 2.78912757715
26.512 21.563 25.421 2.78912757715
26.316 20.542 26.528 2.78912757715
28.071 23.129 24.213 2.66677603688
27.781 22.842 23.052 2.5427976846
28.359 24.362 24.56 2.41269401738
28.245 25.528 23.686 2.57789518755
29.227 25.387 22.496 2.57789518755
30.58 25.971 22.788 2.43285482807
30.759 26.834 23.666 2.28148428923
31.552 25.461 22.032 2.46421089331
26.677 26.474 22.169 2.28148428923
24.056 26.783 23.477 3.47033660994
23.301 27.355 22.493 2.57572842164
22.692 28.682 22.645 2.72232757201
22.686 29.588 21.415 2.72232757201
20.045 29.294 25.289 2.41516305987
20.644 29.313 26.701 2.41516305987
20.826 28.125 27.558 2.24769809506
21.126 26.834 26.879 2.41516305987
17.965 30.387 24.679 2.06703446881
17.288 32.123 28.492 1.86
15.911 32.164 28.208 1.86
18.537 44.217 16.227 2.97245262608
18.732 43.515 14.97 2.85110369563
17.798 43.45 14.005 2.8655882766
16.605 43.975 14.28 2.88830125379
18.012 42.825 12.842 2.88830125379
17.759 43.176 20.259 2.75923199067
17.575 48.36 18.603 2.72232757201
18.189 47.416 17.58 2.72232757201
16.09 48.323 18.745 2.72232757201
14.839 50.022 22.254 3.18635814682
14.846 51.342 21.749 3.0526522229
15.231 48.182 24.316 3.00350354728
18.264 48.802 27.116 3.28331166428
15.797 48.362 27.053 3.19656430018
15.484 47.327 27.719 3.11200838625
15.217 49.457 26.923 3.11200838625
0.651 33.201 12.193 2.49917816808
-0.681 33.856 12.243 2.49917816808
-1.633 33.213 11.245 2.49917816808
-0.994 33.271 9.851 2.49917816808
0.466 32.781 9.85 2.49917816808
1.197 33.245 8.57 2.49917816808
-1.393 34.907 14.328 2.49917816808
-1.671 34.777 15.778 2.49917816808
-1.278 33.743 13.616 2.32219197539
-2.811 33.993 11.304 2.17953443166
-1.676 32.355 8.946 2.17953443166
1.188 33.311 10.895 2.17953443166
2.049 32.206 8.21 2.17953443166
-1.219 35.899 13.814 2.17953443166
