dim1bebNoHeHR_shell
20.
0.010
36579.2
0.748
1.0
1.E-8
1618
-31.721 6.694 -6.912 2.11633202144
-31.518 8.005 -6.309 2.32485688748
-31.687 9.121 -7.327 2.14243103283
-31.487 8.906 -8.528 1.94074133197
-30.119 8.076 -5.666 2.32485688748
-30.037 8.307 -4.143 2.14243103283
-30.505 7.074 -3.371 2.32485688748
-28.623 8.7 -3.74 2.32485688748
-32.065 10.331 -6.886 2.11633202144
-32.261 11.468 -7.798 2.32485688748
-31.099 12.466 -7.648 2.14243103283
-30.254 12.276 -6.765 1.94074133197
-33.558 12.205 -7.547 2.32485688748
-34.742 11.258 -7.756 2.32485688748
-33.672 13.422 -8.453 2.32485688748
-36.067 11.828 -7.301 2.32485688748
-29.757 14.4 -8.431 2.41516305987
-29.467 15.406 -7.246 2.24769809506
-28.5 16.139 -7.368 2.06703446881
-29.707 15.194 -9.77 2.41516305987
-29.947 14.272 -10.955 2.41516305987
-30.714 16.339 -9.767 2.41516305987
-30.213 15.472 -6.12 2.41269401738
-29.917 16.557 -5.108 2.57789518755
-28.579 16.526 -4.484 2.43285482807
-28.353 17.265 -3.537 2.28148428923
-30.945 16.563 -3.954 2.57789518755
-30.444 15.753 -2.883 2.36497245057
-32.273 16.022 -4.43 2.57789518755
-27.674 15.774 -4.93 2.32219197539
-26.461 15.99 -4.209 2.49917816808
-25.44 16.455 -5.217 2.34393302806
-24.249 16.328 -4.994 2.17953443166
-26.097 14.764 -3.39 2.49917816808
-27.097 14.479 -2.27 2.49917816808
-26.609 13.389 -1.354 2.34393302806
-25.465 12.952 -1.48 2.17953443166
-27.277 12.806 -0.365 2.37766287277
-25.935 16.997 -6.346 2.41269401738
-25.054 17.507 -7.381 2.57789518755
-25.13 19.031 -7.448 2.43285482807
-25.945 19.642 -6.778 2.28148428923
-25.371 16.96 -8.76 2.57789518755
-26.804 16.931 -8.94 2.36497245057
-24.789 15.556 -8.924 2.57789518755
-24.189 21.052 -8.437 2.32485688748
-25.242 21.483 -9.467 2.14243103283
-25.31 20.915 -10.562 1.94074133197
-22.797 21.469 -8.91 2.32485688748
-22.696 22.867 -9.481 2.32485688748
-21.189 23.707 -8.947 2.18262886222
-21.565 25.399 -9.387 2.32485688748
-26.041 22.481 -9.113 2.7203848681
-27.036 23.006 -10.024 2.85287250891
-26.464 24.246 -10.737 2.73628278469
-25.906 25.134 -10.103 2.61895377264
-28.323 23.375 -9.27 2.85287250891
-28.977 22.182 -8.591 2.85287250891
-30.363 22.532 -8.074 2.85287250891
-31.016 21.338 -7.396 2.85287250891
-32.375 21.667 -6.883 2.85287250891
-26.598 24.287 -12.05 2.41269401738
-26.126 25.439 -12.802 2.57789518755
-24.629 25.402 -12.999 2.43285482807
-23.998 26.456 -13.139 2.28148428923
-24.051 24.214 -13.024 2.22402568616
-22.319 24.579 -14.687 2.24769809506
-22.962 24.196 -15.671 2.06703446881
-22.128 22.642 -13.169 2.41516305987
-20.279 21.128 -14.004 2.41516305987
-20.866 26.032 -16.023 3.69904372689
-20.801 27.551 -15.925 3.69904372689
-20.436 28.245 -17.204 3.63125461652
-20.049 27.568 -18.173 3.56629383662
-20.549 29.478 -17.246 3.56629383662
-19.385 24.437 -17.085 2.57572842164
-18.392 22.361 -18.058 2.72232757201
-18.481 22.658 -19.542 2.72232757201
-17.204 25.53 -18.554 2.32219197539
-16.104 26.287 -19.132 2.49917816808
-15.283 27.004 -18.06 2.34393302806
-14.092 27.244 -18.245 2.17953443166
-16.593 27.294 -20.172 2.49917816808
-17.28 26.657 -21.371 2.49917816808
-16.427 25.637 -22.082 2.34393302806
-15.382 25.958 -22.644 2.17953443166
-16.887 24.394 -22.089 2.37766287277
-15.9 27.29 -16.918 2.7203848681
-15.23 28.021 -15.842 2.85287250891
-14.267 27.175 -15.004 2.73628278469
-13.657 27.696 -14.077 2.61895377264
-16.266 28.672 -14.897 2.85287250891
-16.765 30.081 -15.233 2.85287250891
-17.492 30.692 -14.004 2.85287250891
-18.025 32.1 -14.233 2.85287250891
-19.248 32.086 -15.055 2.85287250891
-11.826 25.321 -16.34 2.41269401738
-9.443 25.434 -16.383 2.43285482807
-9.459 26.451 -15.709 2.28148428923
-10.737 25.831 -18.434 2.57789518755
-8.419 24.592 -16.411 2.85110369563
-7.173 24.933 -15.769 2.97245262608
-5.5 24.137 -14.272 2.57572842164
-4.802 23.278 -13.326 2.72232757201
-6.158 24.217 -11.552 2.46178430194
-3.328 23.805 -13.128 2.72232757201
-2.584 23.619 -14.341 2.53400746709
-2.603 23.08 -12.019 2.72232757201
-4.551 20.066 -10.029 4.23203245328
-4.498 19.74 -7.304 2.97245262608
-3.472 20.453 -6.408 2.97245262608
-1.283 20.882 -7.619 2.91219147086
-1.989 23.497 -8.185 2.91219147086
-0.433 21.695 -8.374 2.91219147086
0.0 23.779 -9.441 2.81719981417
-5.171 17.62 -6.26 2.65003072421
-5.97 16.803 -5.331 2.78912757715
-4.47 16.493 -3.482 2.5427976846
-5.922 15.323 -5.703 2.78912757715
-6.391 15.128 -7.015 2.61066977765
-5.464 19.49 0.834 3.54436212661
-13.062 10.051 1.146 3.54436212661
-15.731 2.461 0.62 3.09401308242
-16.135 1.869 1.611 3.00350354728
-17.566 3.437 -0.797 3.18635814682
-14.032 0.765 0.168 3.69904372689
-14.245 -0.175 -1.037 3.69904372689
-14.086 -1.661 -0.699 3.63125461652
-14.147 -2.074 0.479 3.56629383662
-13.936 -2.439 -1.663 3.56629383662
-11.957 0.685 1.386 2.22402568616
-10.135 0.075 2.914 2.41516305987
-11.034 0.479 4.086 2.41516305987
-8.637 0.211 3.214 2.41516305987
-10.662 -0.146 5.389 2.41516305987
-9.905 -0.585 -0.213 2.57572842164
-9.044 -1.102 -1.257 2.72232757201
-8.964 -0.19 -2.458 2.59344389372
-8.041 -0.298 -3.258 2.46178430194
-9.509 -2.49 -1.705 2.72232757201
-10.86 -2.464 -2.15 2.53400746709
-9.909 1.64 -3.739 2.97245262608
-12.447 0.728 -5.299 2.97245262608
-3.972 0.546 -1.675 3.86046154913
-5.648 0.432 0.693 3.97461189274
-4.846 0.098 1.935 3.91610941646
-4.858 -1.078 2.346 3.86046154913
-1.588 1.984 -1.26 2.97245262608
-1.285 0.522 -1.595 2.97245262608
-0.371 3.42 -2.794 2.41269401738
-1.011 4.341 -6.175 2.28148428923
1.36 4.521 -4.138 2.57789518755
1.802 5.861 -3.619 2.57789518755
1.171 7.036 -4.39 2.43285482807
1.053 8.154 -3.853 2.28148428923
0.775 6.791 -5.646 2.46421089331
-0.605 2.32 -5.264 2.57572842164
-1.035 1.552 -6.426 2.72232757201
-2.541 1.224 -6.429 2.59344389372
-3.001 0.605 -7.4 2.46178430194
-0.219 0.257 -6.517 2.72232757201
-0.35 -0.503 -5.324 2.53400746709
-3.275 1.564 -5.362 2.41269401738
-4.702 1.321 -5.315 2.57789518755
-4.851 2.795 -7.236 2.28148428923
-5.326 1.999 -4.17 2.57789518755
-6.329 1.064 -7.146 2.97082338406
-7.047 1.491 -8.359 3.08311555793
-8.045 0.349 -8.623 3.08311555793
-8.026 -0.523 -7.377 3.08311555793
-6.925 -0.107 -6.47 3.08311555793
-7.835 3.775 -8.491 2.41269401738
-10.942 3.624 -8.027 2.43285482807
-12.331 3.829 -7.496 2.57789518755
-10.87 4.018 -9.488 2.57789518755
-6.632 5.503 -6.902 2.85110369563
-5.091 7.279 -7.423 2.8655882766
-4.037 6.944 -7.939 2.75923199067
-4.631 5.716 -5.489 2.97245262608
-3.696 6.621 -4.764 2.97245262608
-1.173 7.259 -0.995 2.88830125379
-6.255 7.495 -10.767 3.54436212661
-4.566 13.591 -10.131 2.73628278469
-3.925 13.431 -11.167 2.61895377264
-2.862 13.087 -8.384 2.85287250891
-2.386 12.103 -7.367 2.73628278469
-2.659 12.298 -6.019 2.78727419845
-1.343 9.995 -6.831 2.78727419845
-1.327 9.223 -4.55 2.68307619189
-5.555 14.46 -10.013 2.57572842164
-4.789 16.364 -11.324 2.59344389372
-4.177 16.862 -10.379 2.46178430194
-3.521 17.585 -13.035 2.97245262608
-4.289 18.748 -13.627 2.8655882766
-4.039 19.907 -13.289 2.75923199067
-2.647 17.016 -14.127 2.97245262608
-1.532 16.162 -13.615 2.97245262608
-0.348 16.094 -14.592 2.8655882766
-0.443 16.684 -15.712 2.75923199067
0.685 15.46 -14.247 2.75923199067
-5.157 19.781 -16.624 2.97245262608
-5.015 21.287 -16.872 2.97245262608
-4.506 21.615 -18.25 2.8655882766
-3.672 20.836 -18.777 2.75923199067
-4.949 22.645 -18.8 2.75923199067
-9.346 21.933 -17.604 3.39902103994
-10.143 20.802 -19.914 2.97245262608
-11.539 20.653 -20.506 2.8655882766
-11.872 19.611 -21.076 2.75923199067
-9.084 20.274 -20.882 2.97245262608
-7.723 19.943 -20.243 2.97245262608
-6.534 20.455 -21.047 2.97245262608
-6.201 19.538 -22.214 2.97245262608
-7.234 19.671 -23.32 2.97245262608
-13.527 21.76 -22.488 3.19656430018
-12.666 22.523 -22.932 3.11200838625
-13.41 23.78 -20.187 3.28331166428
-12.169 23.01 -19.776 3.28331166428
-14.261 21.223 -24.72 2.78912757715
-15.354 22.227 -25.047 2.66677603688
-14.503 19.904 -25.457 2.78912757715
-15.901 19.59 -25.403 2.61066977765
-13.685 18.755 -24.805 2.78912757715
-15.235 22.921 -26.178 2.7203848681
-16.255 23.917 -26.55 2.85287250891
-17.687 23.348 -26.587 2.73628278469
-18.657 24.09 -26.417 2.61895377264
-15.808 24.379 -27.94 2.85287250891
-14.934 23.288 -28.452 2.85287250891
-14.197 22.807 -27.214 2.85287250891
-17.803 22.034 -26.796 3.18494045613
-19.091 21.376 -26.921 3.28331166428
-19.705 20.925 -25.607 3.19656430018
-20.789 20.365 -25.609 3.11200838625
-18.963 20.174 -27.853 3.28331166428
-19.303 20.522 -29.276 3.28331166428
-20.585 21.373 -29.348 3.19656430018
-21.65 20.89 -28.822 3.11200838625
-20.517 22.526 -29.901 3.11200838625
-19.009 21.13 -24.491 2.57572842164
-19.628 20.894 -23.192 2.72232757201
-19.552 19.405 -21.337 2.46178430194
-17.256 16.685 -23.533 3.97461189274
-18.463 16.265 -24.401 3.91610941646
-19.618 16.31 -23.915 3.86046154913
-18.247 15.89 -25.579 3.86046154913
-15.829 17.175 -20.953 2.57572842164
-13.649 16.469 -20.275 2.59344389372
-13.907 15.273 -20.373 2.46178430194
-12.442 16.966 -20.425 3.46048228099
-11.272 16.133 -20.519 3.54436212661
-10.439 16.684 -21.648 3.54436212661
-9.367 15.825 -22.125 3.54436212661
-8.83 16.338 -23.455 3.47033660994
-9.598 16.328 -24.463 3.39902103994
-7.647 16.769 -23.486 3.39902103994
-5.913 14.749 -17.011 2.41516305987
-4.884 15.753 -17.52 2.41516305987
-4.075 17.291 -19.322 2.41516305987
-5.743 15.486 -19.85 2.41516305987
-6.24 9.595 -14.473 2.41516305987
-1.356 11.156 -12.691 2.72232757201
-0.442 11.986 -11.79 2.72232757201
-0.084 13.352 -12.299 2.72232757201
0.414 14.249 -11.196 2.59344389372
0.509 13.832 -10.052 2.46178430194
0.72 15.494 -11.52 2.62109821036
-1.392 7.542 -11.598 3.18635814682
-2.451 6.729 -12.347 3.18635814682
-2.909 5.514 -11.561 3.18635814682
-3.786 4.566 -12.431 3.18635814682
-4.079 3.229 -11.639 3.18635814682
-4.998 2.307 -12.404 3.18635814682
0.316 6.29 -10.401 2.22402568616
0.54 3.334 -10.265 2.06703446881
1.847 5.458 -8.732 2.41516305987
3.524 3.675 -7.941 2.32218807228
4.4 5.724 -8.357 2.24769809506
4.88 3.635 -7.621 2.22402568616
5.419 4.861 -7.884 2.24769809506
4.721 7.067 -8.668 2.32218807228
6.767 5.281 -7.718 2.32218807228
5.999 7.48 -8.515 2.32218807228
7.022 6.62 -8.053 2.32218807228
1.986 2.409 -12.37 3.41882014206
3.098 1.372 -12.14 3.33906215107
3.008 0.503 -11.211 3.26182836231
1.589 2.533 -13.827 3.41882014206
0.177 3.165 -13.937 3.41882014206
-0.66 2.633 -15.092 3.33906215107
-0.166 2.791 -16.259 3.26182836231
-1.812 2.135 -14.818 3.26182836231
4.149 1.442 -12.929 2.41269401738
5.399 0.656 -12.631 2.57789518755
6.156 1.847 -12.073 2.43285482807
5.64 2.985 -12.414 2.28148428923
5.969 0.179 -13.975 2.57789518755
7.294 -0.601 -13.884 2.43285482807
7.401 -1.677 -13.211 2.28148428923
8.315 -0.129 -14.604 2.46421089331
7.099 1.734 -11.143 2.41269401738
7.826 2.951 -10.64 2.57789518755
7.564 4.387 -11.105 2.43285482807
7.705 5.291 -10.296 2.28148428923
7.275 4.607 -12.388 3.18494045613
6.912 5.94 -12.894 3.28331166428
5.555 6.491 -12.433 3.19656430018
4.629 5.752 -12.068 3.11200838625
6.95 5.899 -14.416 3.28331166428
8.222 5.334 -15.019 3.28331166428
8.02 4.807 -16.452 3.19656430018
7.139 3.922 -16.689 3.11200838625
8.767 5.285 -17.344 3.11200838625
5.448 7.808 -12.498 1.7
3.616 8.754 -13.693 1.74
4.09 9.623 -14.43 1.4
4.411 9.802 -11.575 2.0
2.865 10.712 -11.281 1.8
2.038 7.974 -15.399 2.57789518755
0.927 9.013 -15.535 2.43285482807
0.285 9.403 -14.568 2.28148428923
1.496 6.568 -15.738 2.57789518755
0.659 9.41 -16.765 2.32219197539
-0.431 10.329 -17.021 2.49917816808
-1.552 9.653 -17.804 2.34393302806
-1.283 9.01 -18.809 2.17953443166
0.109 11.513 -17.802 2.49917816808
-0.652 12.814 -17.583 2.49917816808
0.029 13.982 -18.269 2.34393302806
-0.464 14.498 -19.274 2.17953443166
1.215 14.368 -17.763 2.37766287277
-3.953 9.227 -18.009 2.49917816808
-4.902 10.345 -18.344 2.34393302806
-5.088 11.282 -17.572 2.17953443166
-4.7 8.252 -17.11 2.49917816808
-3.83 7.19 -16.522 2.49917816808
-3.31 6.285 -17.616 2.49917816808
-2.237 5.351 -17.099 2.49917816808
-2.708 4.547 -15.9 2.49917816808
-5.562 10.208 -19.476 2.32219197539
-6.51 11.202 -19.944 2.49917816808
-7.883 10.556 -20.093 2.34393302806
-8.06 9.624 -20.878 2.17953443166
-6.046 11.761 -21.293 2.49917816808
-6.995 12.805 -21.905 2.49917816808
-6.424 13.38 -23.217 2.49917816808
-5.057 14.117 -23.018 2.49917816808
-4.758 15.107 -24.163 2.49917816808
-10.196 10.507 -19.299 2.22693058289
-9.886 9.108 -17.271 2.22693058289
-12.128 9.949 -17.81 2.22693058289
-10.061 8.995 -15.773 2.22693058289
-11.868 11.055 -20.965 1.99639670258
-12.901 11.864 -21.601 2.22693058289
-14.662 10.471 -20.713 1.79544509739
-13.064 11.492 -23.086 2.22693058289
-11.808 11.891 -23.861 2.22693058289
-14.3 12.181 -23.689 2.22693058289
-10.694 10.874 -23.806 2.22693058289
-16.987 14.439 -21.076 3.39902103994
-18.2 12.567 -20.965 3.32841402621
-19.244 13.069 -21.838 3.41882014206
-20.8 13.21 -20.002 3.26182836231
-19.828 11.926 -22.65 3.41882014206
-18.834 11.24 -23.565 3.41882014206
-19.215 11.369 -25.031 3.33906215107
-20.441 11.491 -25.34 3.26182836231
-18.273 11.374 -25.867 3.26182836231
-20.818 14.869 -21.524 2.85110369563
-21.908 15.593 -20.91 2.97245262608
-23.317 13.909 -21.786 2.75923199067
-22.113 16.923 -21.619 2.97245262608
-22.883 16.803 -22.902 2.97245262608
-22.876 18.079 -23.71 2.97245262608
-23.251 17.75 -25.154 2.97245262608
-23.106 18.898 -26.098 2.97245262608
-24.121 15.152 -20.115 2.41269401738
-25.45 14.572 -20.14 2.57789518755
-26.392 15.739 -19.993 2.43285482807
-25.97 16.892 -20.148 2.28148428923
-25.674 13.526 -18.99 2.57789518755
-25.8 14.19 -17.727 2.36497245057
-24.537 12.521 -18.933 2.57789518755
-27.667 15.46 -19.728 2.7203848681
-28.677 16.51 -19.543 2.85287250891
-28.355 17.402 -18.36 2.73628278469
-28.641 18.601 -18.37 2.61895377264
-30.049 15.89 -19.294 2.85287250891
-30.82 15.496 -20.552 2.85287250891
-32.229 15.029 -20.153 2.85287250891
-33.182 14.96 -21.366 2.85287250891
-34.593 14.63 -20.919 2.85287250891
-27.84 16.781 -17.302 2.22402568616
-25.099 17.082 -16.37 2.06703446881
-27.575 16.573 -14.879 2.41516305987
-28.978 15.965 -14.824 2.41516305987
-27.321 17.37 -13.587 2.41516305987
-30.094 17.009 -14.866 2.41516305987
-25.754 19.244 -16.223 2.7203848681
-24.424 19.863 -16.326 2.85287250891
-23.399 19.284 -15.356 2.73628278469
-22.225 19.204 -15.69 2.61895377264
-24.702 21.333 -16.027 2.85287250891
-26.057 21.532 -16.575 2.85287250891
-26.81 20.268 -16.207 2.85287250891
-23.859 18.88 -14.17 2.85110369563
-23.556 18.692 -11.741 2.97245262608
-23.041 14.959 -16.638 2.28148428923
-24.3 13.879 -14.024 2.57789518755
-23.925 12.398 -14.129 2.57789518755
-24.896 14.172 -12.658 2.57789518755
-20.772 11.655 -16.869 1.74
-20.777 11.016 -15.818 1.4
-19.63 17.395 -16.057 1.86
-19.355 17.212 -18.445 1.86
-19.518 18.004 -17.322 1.86
-18.968 9.486 -18.699 2.92608152912
-18.418 10.214 -19.523 2.8243183199
-21.285 9.307 -19.541 3.0287949135
-22.766 9.172 -19.232 3.0287949135
-23.162 7.71 -18.962 3.0287949135
-22.88 7.284 -17.504 3.0287949135
-22.946 5.802 -17.249 3.0287949135
-18.357 8.462 -18.107 2.22402568616
-16.996 8.038 -18.452 2.41516305987
-16.928 6.512 -18.605 2.24769809506
-17.836 5.778 -18.185 2.06703446881
-15.924 8.506 -17.398 2.41516305987
-15.856 6.054 -19.232 3.18494045613
-15.577 4.648 -19.39 3.28331166428
-14.13 4.465 -18.971 3.19656430018
-13.257 4.298 -19.812 3.11200838625
-15.767 4.252 -20.846 3.28331166428
-15.836 2.753 -21.034 3.19656430018
-16.219 2.055 -20.081 3.11200838625
-15.515 2.27 -22.137 3.11200838625
-13.869 4.612 -17.673 2.57572842164
-12.505 4.549 -17.136 2.72232757201
-11.783 5.924 -17.291 2.72232757201
-11.512 3.346 -15.311 2.11633202144
-11.235 2.912 -13.929 2.32485688748
-12.401 2.145 -13.367 2.14243103283
-12.689 2.216 -12.164 1.94074133197
-10.899 4.093 -13.011 2.32485688748
-9.765 5.016 -13.484 2.14243103283
-9.784 6.39 -12.798 2.32485688748
-8.452 4.3 -13.244 2.32485688748
-13.078 1.425 -14.254 2.41269401738
-14.237 0.643 -13.87 2.57789518755
-15.362 1.514 -13.386 2.43285482807
-16.303 1.014 -12.778 2.28148428923
-13.876 -0.336 -12.752 2.57789518755
-12.718 -1.205 -13.113 2.43285482807
-11.628 -1.107 -12.518 2.28148428923
-12.911 -2.038 -14.138 2.46421089331
-15.26 2.815 -13.625 3.8060920686
-17.067 4.168 -14.453 3.81424376621
-16.577 3.964 -15.566 3.75551382604
-15.312 4.375 -10.162 3.81424376621
-16.244 3.564 -10.171 3.75551382604
-20.447 6.983 -16.104 3.00350354728
-20.043 4.006 -15.89 3.18635814682
-22.175 2.938 -15.372 3.11352764288
-22.696 8.111 -13.884 3.54436212661
-23.873 8.781 -13.245 3.54436212661
-24.665 7.794 -12.411 3.54436212661
-24.019 7.513 -11.098 3.54436212661
-21.406 13.17 -9.201 2.22693058289
-22.001 11.755 -9.297 2.02565795104
-22.841 11.603 -10.553 2.22693058289
-20.911 10.713 -9.235 2.22693058289
-20.859 18.192 -6.042 2.22693058289
-20.997 19.686 -5.792 2.02565795104
-22.058 20.149 -5.41 1.79544509739
-20.245 17.538 -4.79 2.22693058289
-20.636 16.094 -4.439 2.02565795104
-20.485 15.193 -5.65 2.22693058289
-19.756 15.608 -3.326 2.22693058289
-19.889 21.857 -5.641 3.69904372689
-20.09 22.045 -4.129 3.69904372689
-20.151 23.506 -3.706 3.63125461652
-20.815 24.308 -4.398 3.56629383662
-19.532 23.84 -2.662 3.56629383662
-17.728 25.987 -6.825 3.47033660994
-18.855 26.412 -7.098 3.39902103994
-16.836 28.196 -6.551 3.69904372689
-15.99 28.699 -7.73 3.63125461652
-15.742 29.891 -7.873 3.56629383662
-16.41 28.812 -5.219 3.69904372689
-14.483 29.251 -3.949 3.56629383662
-13.307 28.609 -9.493 2.73628278469
-12.335 28.299 -10.207 2.61895377264
-15.406 28.876 -10.776 2.85287250891
-17.911 28.937 -10.63 2.78727419845
-19.154 28.482 -10.998 2.78727419845
-19.263 27.456 -11.901 2.73628278469
-20.505 27.005 -12.23 2.68307619189
-12.004 30.185 -8.18 2.57789518755
-9.817 29.768 -7.291 2.28148428923
-12.376 31.571 -7.644 2.57789518755
-13.159 32.404 -8.667 2.57789518755
-14.152 33.338 -7.991 2.57789518755
-13.43 34.285 -7.034 2.57789518755
-14.344 35.296 -6.394 2.57789518755
-10.518 27.867 -5.586 2.57789518755
-9.741 25.627 -5.478 2.28148428923
-10.31 28.553 -4.224 2.57789518755
-11.504 29.308 -3.681 2.57789518755
-11.555 30.713 -4.257 2.57789518755
-12.604 31.601 -3.558 2.57789518755
-13.816 31.898 -4.435 2.57789518755
-12.553 24.265 -3.482 3.08311555793
-14.3 25.972 -2.907 3.02722347308
-15.595 26.348 -2.684 3.02722347308
-16.293 24.087 -2.941 3.02722347308
-17.895 25.775 -2.522 2.93964069245
-16.991 20.062 -1.782 3.54436212661
-18.167 11.464 -6.184 2.0
-18.297 12.337 -4.595 1.8
-19.95 6.216 -8.442 4.15863791428
-22.38 6.938 -8.447 4.10530006652
-22.945 6.083 -7.734 4.05475951182
-22.763 8.131 -8.5 4.05475951182
-19.359 1.507 -11.206 2.97245262608
-19.847 0.711 -12.388 2.8655882766
-21.039 0.477 -12.532 2.75923199067
-18.937 0.278 -13.229 2.88830125379
-23.838 3.167 -11.089 2.78912757715
-24.352 1.785 -10.682 2.66677603688
-25.281 1.671 -9.881 2.5427976846
-24.606 3.691 -12.301 2.78912757715
-24.235 2.977 -13.474 2.61066977765
-23.731 0.745 -11.22 2.22402568616
-24.16 -0.63 -10.972 2.41516305987
-23.977 -1.025 -9.508 2.24769809506
-24.719 -1.865 -8.982 2.06703446881
-23.394 -1.592 -11.867 2.41516305987
-22.989 -0.417 -8.857 3.32841402621
-22.613 -0.805 -7.504 3.41882014206
-20.576 0.217 -6.782 3.26182836231
-21.783 -2.101 -7.538 3.41882014206
-21.393 -2.629 -6.158 3.41882014206
-22.596 -2.874 -5.27 3.33906215107
-23.517 -3.615 -5.677 3.26182836231
-22.623 -2.317 -4.154 3.26182836231
-20.996 2.281 -4.572 2.98417189675
-19.98 2.931 -4.3 2.88653560143
-22.955 3.552 -5.555 3.08311555793
-23.988 3.166 -6.505 3.08311555793
-23.902 1.676 -6.615 3.08311555793
-21.434 1.275 -3.815 3.32841402621
-20.811 0.915 -2.549 3.41882014206
-18.564 0.57 -1.736 3.26182836231
-21.628 -0.174 -1.866 3.41882014206
-22.266 0.257 -0.553 3.41882014206
-23.702 -0.248 -0.395 3.33906215107
-23.876 -1.499 -0.451 3.26182836231
-24.643 0.599 -0.217 3.26182836231
-17.705 -0.651 -4.076 2.57789518755
-17.014 0.28 -5.085 2.43285482807
-15.984 -0.089 -5.662 2.28148428923
-17.748 -2.078 -4.654 2.57789518755
-18.564 -3.08 -3.856 2.57789518755
-18.045 -3.283 -2.44 2.43285482807
-16.99 -3.898 -2.226 2.28148428923
-18.777 -2.743 -1.459 2.46421089331
-17.204 2.255 -6.482 3.18635814682
-18.264 2.18 -7.565 3.18635814682
-17.696 1.518 -8.661 3.0526522229
-18.697 5.888 -3.805 2.72232757201
-19.432 8.122 -4.756 2.72232757201
-20.406 7.227 -2.688 2.72232757201
-7.122 23.455 -3.84 2.97245262608
-8.081 23.525 -2.695 2.97245262608
-7.224 25.018 -6.615 2.49687256947
-5.048 25.823 -7.558 2.51571213812
-4.273 25.636 -8.5 2.37505611705
-7.169 27.016 -8.017 2.65207782941
-8.472 26.951 -8.723 2.65207782941
-8.317 26.831 -10.194 2.65207782941
-9.598 27.119 -10.798 2.49687256947
-9.805 27.266 -12.102 2.51571213812
-8.822 27.051 -12.967 2.54507232427
-11.005 27.639 -12.546 2.54507232427
-4.635 26.23 -6.368 2.57572842164
-3.23 26.457 -6.083 2.72232757201
-3.566 24.851 -4.337 2.46178430194
-3.036 27.851 -5.503 2.72232757201
-3.799 27.967 -4.301 2.53400746709
-3.508 28.911 -6.489 2.72232757201
0.271 24.441 -2.166 3.11200838625
0.473 23.756 -4.807 3.28331166428
0.894 25.089 -5.36 3.28331166428
-0.385 25.706 -5.893 3.28331166428
-1.99 25.226 -0.751 3.41882014206
-3.162 24.489 -0.169 3.33906215107
-4.058 24.083 -0.894 3.26182836231
-2.263 26.715 -0.581 3.41882014206
-1.217 27.633 -1.19 3.41882014206
-1.691 29.094 -1.214 3.33906215107
-2.757 29.36 -1.842 3.26182836231
-1.011 29.972 -0.599 3.26182836231
-3.161 24.284 1.136 2.22402568616
-5.289 24.694 2.154 2.24769809506
-4.935 25.653 2.83 2.06703446881
-3.888 22.711 2.92 2.41516305987
-2.534 23.099 3.485 2.41516305987
-4.963 22.699 4.005 2.41516305987
-6.514 24.538 1.673 2.7203848681
-7.6 25.467 1.892 2.85287250891
-8.334 25.642 0.558 2.85287250891
-9.308 26.82 0.543 2.73628278469
-9.873 27.199 1.602 2.61895377264
-9.535 27.361 -0.567 2.61895377264
-8.561 25.315 4.153 2.7203848681
-9.368 24.679 5.207 2.85287250891
-10.877 24.813 4.947 2.73628278469
-11.677 24.008 5.413 2.61895377264
-9.006 25.279 6.576 2.85287250891
-7.664 24.777 7.115 2.73628278469
-7.438 23.547 7.168 2.61895377264
-6.842 25.624 7.533 2.61895377264
-11.259 25.819 4.169 3.18494045613
-12.66 26.003 3.791 3.28331166428
-13.088 24.918 2.827 3.19656430018
-14.105 24.261 3.056 3.11200838625
-12.9 27.39 3.179 3.28331166428
-12.279 28.564 3.968 3.28331166428
-12.709 28.649 5.445 3.19656430018
-13.913 28.431 5.756 3.11200838625
-11.84 28.948 6.308 3.11200838625
-12.279 24.678 1.796 2.57572842164
-12.53 23.605 0.837 2.72232757201
-11.442 23.576 -0.209 2.72232757201
-13.036 20.577 4.06 2.43285482807
-10.523 20.573 4.088 2.57789518755
-8.104 20.093 4.506 2.57789518755
-9.283 18.817 2.807 2.57789518755
-13.433 21.673 4.675 3.46048228099
-14.646 21.727 5.471 3.54436212661
-14.744 23.133 6.061 3.54436212661
-15.471 23.24 7.375 3.54436212661
-15.426 24.668 7.959 3.47033660994
-15.487 25.666 7.16 3.39902103994
-15.326 24.771 9.224 3.39902103994
-16.055 22.047 3.491 2.85110369563
-17.094 21.722 2.513 2.97245262608
-18.067 19.634 1.872 2.75923199067
-16.894 22.592 1.271 2.97245262608
-17.934 23.678 1.048 2.97245262608
-17.483 25.032 1.597 2.97245262608
-18.562 26.093 1.406 2.97245262608
-18.551 26.576 -0.007 2.97245262608
-12.884 15.931 1.401 1.86
-12.565 14.678 0.904 1.86
-16.233 16.829 4.981 3.374854362
-17.76 16.832 5.123 3.29292659605
-18.367 15.801 5.408 3.21343256117
-15.562 17.267 6.283 3.374854362
-14.136 16.705 6.435 3.29292659605
-13.808 15.659 5.813 3.21343256117
-13.34 17.331 7.181 3.21343256117
-18.39 17.963 4.871 2.7203848681
-19.83 18.059 4.98 2.85287250891
-20.528 17.248 3.914 2.73628278469
-21.5 16.533 4.194 2.61895377264
-20.262 19.512 4.879 2.85287250891
-19.911 20.327 6.123 2.85287250891
-19.545 21.794 5.807 2.85287250891
-19.102 22.516 7.086 2.85287250891
-18.016 21.769 7.859 2.85287250891
-20.016 17.336 2.692 2.22402568616
-20.625 16.658 1.553 2.41516305987
-20.493 15.166 1.708 2.24769809506
-21.296 14.401 1.189 2.06703446881
-19.969 17.102 0.279 2.41516305987
-19.821 12.784 3.914 2.43285482807
-19.804 11.572 4.118 2.28148428923
-17.704 13.067 2.677 2.57789518755
-15.626 12.65 1.456 2.57789518755
-20.39 13.655 4.751 2.7203848681
-20.945 13.224 6.033 2.85287250891
-22.031 12.202 5.885 2.73628278469
-22.242 11.401 6.794 2.61895377264
-21.476 14.408 6.821 2.85287250891
-20.366 15.192 7.525 2.85287250891
-20.804 16.602 7.92 2.85287250891
-21.849 16.538 9.012 2.85287250891
-21.339 15.79 10.246 2.85287250891
-22.724 12.218 4.752 2.22402568616
-23.813 11.264 4.511 2.41516305987
-23.422 9.997 3.753 2.24769809506
-24.204 9.015 3.69 2.06703446881
-24.971 11.961 3.796 2.41516305987
-22.234 10.026 3.151 2.11633202144
-21.751 8.918 2.333 2.32485688748
-21.022 7.845 3.161 2.14243103283
-20.544 8.133 4.253 1.94074133197
-21.596 10.381 0.25 2.14243103283
-20.604 10.908 -0.775 2.32485688748
-22.777 9.636 -0.415 2.32485688748
-20.977 6.579 2.672 2.7203848681
-20.27 5.445 3.318 2.85287250891
-18.74 5.303 3.063 2.73628278469
-18.296 4.28 2.548 2.61895377264
-21.018 4.231 2.777 2.85287250891
-21.375 4.665 1.37 2.85287250891
-21.762 6.126 1.504 2.85287250891
-17.953 6.312 3.461 2.22402568616
-15.783 5.58 4.355 2.24769809506
-16.111 5.742 5.52 2.06703446881
-15.992 7.789 3.241 2.41516305987
-16.616 8.653 2.166 2.41516305987
-14.074 3.966 4.967 2.85287250891
-12.616 4.299 4.948 2.73628278469
-11.842 3.75 5.698 2.61895377264
-14.268 2.481 4.721 2.85287250891
-15.614 2.008 5.12 2.73628278469
-16.638 1.835 4.225 2.66237033299
-16.147 1.768 6.349 2.78727419845
-17.748 1.518 4.876 2.78727419845
-17.461 1.472 6.165 2.7203848681
-12.246 5.211 4.07 2.41269401738
-10.88 5.663 3.988 2.57789518755
-10.861 7.104 3.489 2.43285482807
-11.604 7.474 2.571 2.28148428923
-10.064 7.924 4.154 2.49687256947
-8.459 9.742 3.929 2.51571213812
-7.739 9.299 4.832 2.37505611705
-10.801 10.163 4.769 2.65207782941
-10.858 11.632 4.435 2.65207782941
-11.592 12.404 5.54 2.65207782941
-11.722 13.83 5.231 2.49687256947
-10.718 14.704 5.254 2.51571213812
-9.501 14.282 5.561 2.54507232427
-10.93 15.996 4.982 2.54507232427
-6.637 11.034 2.946 3.54436212661
-5.71 13.261 3.227 2.85110369563
-3.217 14.328 3.529 2.75923199067
-6.112 15.553 3.99 2.97245262608
-5.608 15.187 5.243 2.81719981417
-1.72 17.273 2.014 1.74
-2.53 18.19 2.217 1.4
-1.606 13.332 -0.287 1.86
-2.023 12.086 -0.737 1.86
-0.41 17.394 2.203 2.65003072421
0.188 18.669 2.574 2.78912757715
1.285 18.471 3.624 2.78912757715
2.376 17.481 3.183 2.66677603688
3.025 16.86 4.155 2.69295246139
1.654 21.322 0.22 2.97245262608
2.865 20.687 -0.448 2.8655882766
3.04 20.782 -1.668 2.75923199067
1.992 22.703 0.777 2.97245262608
1.041 22.848 1.92 2.97245262608
0.908 21.483 2.54 2.97245262608
3.68 20.017 0.359 2.57572842164
4.855 19.318 -0.114 2.72232757201
4.997 18.119 -2.148 2.46178430194
5.581 18.676 1.055 2.72232757201
6.321 19.69 1.749 2.53400746709
6.518 17.58 0.578 2.72232757201
2.945 16.363 -1.524 2.57789518755
2.152 16.37 -3.803 2.28148428923
2.098 15.371 -0.719 2.57789518755
2.803 14.846 0.518 2.57789518755
1.931 14.033 1.445 2.43285482807
2.065 12.806 1.533 2.28148428923
0.98 14.491 2.245 2.46421089331
0.629 18.636 -3.528 2.57789518755
1.468 19.043 -4.773 2.43285482807
0.956 19.039 -5.903 2.28148428923
-2.46 19.196 -2.816 2.57789518755
3.558 19.873 -5.679 2.78912757715
4.457 18.838 -6.363 2.66677603688
5.228 19.184 -7.263 2.5427976846
4.394 21.061 -5.191 2.78912757715
5.163 20.819 -3.891 2.78912757715
5.645 22.095 -3.244 2.66677603688
4.793 22.967 -2.926 2.5427976846
6.884 22.233 -3.055 2.5427976846
4.365 17.587 -5.939 2.65003072421
5.15 16.509 -6.551 2.78912757715
4.286 15.604 -7.433 2.66677603688
3.115 15.381 -7.131 2.5427976846
5.823 15.67 -5.469 2.78912757715
7.219 15.222 -5.827 2.78912757715
8.147 16.377 -6.174 2.66677603688
8.156 17.372 -5.431 2.5427976846
8.855 16.282 -7.201 2.5427976846
4.857 15.083 -8.507 2.41269401738
4.151 14.152 -9.4 2.57789518755
4.491 12.289 -7.906 2.28148428923
5.066 13.682 -10.542 2.57789518755
5.566 14.781 -11.453 2.57789518755
4.471 15.35 -12.338 2.43285482807
3.782 14.603 -13.032 2.28148428923
4.147 16.645 -12.453 2.46421089331
2.396 12.648 -8.594 1.7
1.862 11.497 -7.88 2.0
1.376 10.755 -5.684 1.4
2.529 10.207 -8.381 2.0
1.853 9.586 -9.954 1.8
2.827 12.403 -5.759 2.85110369563
3.112 12.212 -4.363 2.97245262608
4.263 11.163 -4.421 2.8655882766
4.561 10.725 -5.534 2.75923199067
1.802 11.861 -3.624 2.97245262608
-0.432 13.128 -4.472 2.91219147086
-0.143 15.011 -3.383 2.91219147086
-0.949 14.375 -4.214 2.85110369563
4.984 10.733 -3.376 2.11633202144
6.07 9.79 -3.692 2.32485688748
5.674 8.331 -3.396 2.14243103283
4.825 8.069 -2.54 1.94074133197
7.36 10.14 -2.942 2.32485688748
7.807 11.55 -3.333 2.32485688748
8.459 9.127 -3.222 2.32485688748
8.924 12.097 -2.471 2.32485688748
3.731 18.716 28.437 2.11633202144
2.651 18.308 27.546 2.32485688748
1.315 18.905 27.97 2.14243103283
1.075 19.213 29.141 1.94074133197
2.523 16.78 27.495 2.32485688748
2.773 16.076 26.15 2.14243103283
4.253 16.149 25.778 2.32485688748
2.314 14.624 26.214 2.32485688748
0.452 19.079 26.987 2.11633202144
-0.872 19.659 27.271 2.32485688748
-1.89 18.635 27.757 2.14243103283
-2.575 17.952 26.99 1.94074133197
-1.343 20.441 26.039 2.32485688748
-0.295 21.475 25.61 2.32485688748
-2.677 21.123 26.32 2.32485688748
-0.644 22.193 24.32 2.32485688748
-1.974 18.579 29.094 2.11633202144
-2.759 17.752 30.066 2.32485688748
-4.258 17.459 29.894 2.14243103283
-4.792 16.663 30.662 1.94074133197
-2.53 18.434 31.432 2.32485688748
-1.126 18.987 31.522 2.32485688748
-3.562 19.519 31.677 2.32485688748
-6.392 17.77 28.799 2.72232757201
-6.784 16.735 27.767 2.59344389372
-7.945 16.758 27.365 2.46178430194
-7.178 19.023 28.412 2.72232757201
-7.025 19.24 27.012 2.53400746709
-6.685 20.239 29.186 2.72232757201
-5.981 15.858 27.293 2.32219197539
-6.727 15.088 26.327 2.49917816808
-6.47 13.614 26.433 2.34393302806
-6.414 12.863 25.471 2.17953443166
-6.513 15.687 24.959 2.49917816808
-7.106 17.094 24.864 2.49917816808
-7.288 17.59 23.432 2.34393302806
-7.141 16.8 22.493 2.17953443166
-7.604 18.817 23.035 2.37766287277
-6.323 13.251 27.705 2.41269401738
-6.03 11.941 28.256 2.57789518755
-7.037 11.59 29.368 2.43285482807
-7.401 12.462 30.147 2.28148428923
-4.57 11.954 28.764 2.57789518755
-3.679 11.798 27.65 2.36497245057
-4.367 10.842 29.776 2.57789518755
-8.532 9.986 30.445 2.41516305987
-8.171 10.106 31.914 2.24769809506
-7.299 9.405 32.428 2.06703446881
-9.066 8.593 30.179 2.41516305987
-10.353 8.299 30.937 2.41516305987
-12.474 6.667 31.602 2.41516305987
-8.869 11.014 32.581 2.85110369563
-8.736 11.195 34.013 2.97245262608
-10.59 9.722 34.441 2.75923199067
-9.329 12.535 34.422 2.97245262608
-9.544 12.68 35.909 2.97245262608
-9.844 14.114 36.301 2.97245262608
-10.271 14.197 37.755 2.97245262608
-10.365 15.615 38.215 2.97245262608
-8.729 9.419 35.65 2.41269401738
-9.313 8.356 36.427 2.57789518755
-9.431 7.025 35.71 2.43285482807
-10.314 6.24 36.011 2.28148428923
-8.518 6.749 34.788 2.22402568616
-8.215 4.331 35.098 2.24769809506
-7.209 4.398 35.823 2.06703446881
-7.583 5.439 32.943 2.41516305987
-7.151 4.071 32.393 2.24769809506
-5.992 4.234 31.427 2.41516305987
-8.758 2.104 35.919 3.69904372689
-9.954 1.623 36.732 3.69904372689
-9.681 0.356 37.519 3.63125461652
-8.597 -0.227 37.363 3.56629383662
-10.562 -0.05 38.305 3.56629383662
-7.015 0.909 34.762 2.57572842164
-4.954 0.112 33.742 2.72232757201
-4.322 -0.673 34.893 2.72232757201
-7.23 -1.877 35.206 2.32219197539
-7.634 -3.272 35.399 2.49917816808
-8.902 -3.587 34.606 2.34393302806
-9.11 -4.706 34.16 2.17953443166
-7.851 -3.605 36.875 2.49917816808
-6.619 -3.437 37.746 2.49917816808
-5.486 -4.355 37.321 2.34393302806
-5.717 -5.479 36.903 2.17953443166
-4.264 -3.866 37.389 2.37766287277
-11.018 -2.841 33.724 2.97245262608
-10.989 -2.897 32.192 2.8655882766
-12.038 -3.06 31.567 2.75923199067
-12.063 -1.828 34.2 2.97245262608
-12.57 -2.054 35.632 2.97245262608
-13.845 -1.262 35.902 2.97245262608
-14.177 -1.215 37.386 2.97245262608
-13.32 -0.223 38.131 2.97245262608
-9.07 -5.101 30.538 2.41269401738
-9.43 -7.175 29.289 2.43285482807
-10.644 -7.143 29.423 2.28148428923
-8.319 -7.228 31.523 2.57789518755
-8.826 -7.911 28.374 2.85110369563
-9.62 -8.703 27.46 2.97245262608
-10.151 -9.167 25.186 2.57572842164
-10.119 -9.101 23.746 2.72232757201
-11.75 -7.354 23.772 2.46178430194
-10.947 -10.234 23.19 2.72232757201
-10.376 -11.462 23.645 2.53400746709
-10.987 -10.211 21.67 2.72232757201
-9.648 -7.03 19.651 4.23203245328
-10.928 -5.312 17.901 3.08311555793
-12.216 -8.27 16.863 3.02722347308
-13.475 -8.813 19.256 3.02722347308
-12.461 -9.586 17.231 3.02722347308
-13.261 -11.178 18.824 2.93964069245
-15.348 -0.499 13.263 3.54436212661
-11.727 3.522 13.235 3.54436212661
-8.594 3.441 12.685 2.85110369563
-7.693 5.481 11.106 2.75923199067
-6.862 8.542 12.411 3.54436212661
-0.14 12.249 10.044 3.09401308242
-0.334 13.129 9.238 3.00350354728
0.037 12.883 12.444 3.18635814682
1.338 11.119 8.497 3.69904372689
2.838 10.949 8.72 3.69904372689
3.657 11.303 7.488 3.63125461652
3.391 10.749 6.391 3.56629383662
4.587 12.138 7.628 3.56629383662
0.392 10.174 6.485 2.22402568616
-0.301 9.682 4.165 2.41516305987
-1.447 10.687 4.116 2.41516305987
-0.563 8.559 3.175 2.41516305987
-1.536 11.44 2.807 2.41516305987
2.002 8.022 5.442 2.57572842164
2.889 6.874 5.33 2.72232757201
2.741 5.889 6.509 2.59344389372
3.015 4.694 6.379 2.46178430194
4.325 7.36 5.239 2.72232757201
4.513 8.416 6.17 2.53400746709
2.192 5.56 8.847 2.97245262608
4.144 6.983 10.78 2.97245262608
0.747 2.053 3.84 3.86046154913
-0.328 4.736 3.076 3.97461189274
-0.822 4.781 1.667 3.91610941646
-0.084 5.312 0.808 3.86046154913
-0.843 0.034 2.704 2.97245262608
0.485 0.041 1.943 2.97245262608
-0.936 -2.161 3.737 2.85110369563
-1.382 -4.511 4.343 2.97245262608
-2.849 -4.832 4.649 2.97245262608
-4.203 -5.779 6.415 2.75923199067
1.492 -3.083 4.74 2.57572842164
2.841 -3.224 5.228 2.72232757201
3.218 -2.055 6.131 2.59344389372
4.225 -2.131 6.83 2.46178430194
3.812 -3.286 4.045 2.72232757201
3.703 -2.118 3.238 2.53400746709
2.456 -0.959 6.07 2.57572842164
2.76 0.224 6.859 2.72232757201
1.589 1.129 6.858 2.72232757201
4.096 0.617 8.905 2.85110369563
4.692 0.36 10.232 2.97245262608
3.944 -0.23 12.455 2.75923199067
5.773 1.437 10.344 2.97245262608
5.292 2.537 9.453 2.97245262608
4.685 1.818 8.279 2.97245262608
3.026 3.634 13.206 2.59344389372
2.76 5.048 13.725 2.72232757201
3.712 2.821 14.276 2.72232757201
-3.889 -1.027 7.178 3.90837754607
-4.979 -1.399 5.214 3.9283295298
1.15 -2.568 14.247 3.54436212661
-4.346 -5.256 16.383 2.98417189675
-3.763 -6.307 16.619 2.88653560143
-5.033 -5.663 14.029 3.08311555793
-5.777 -4.062 10.678 3.02722347308
-4.51 -4.032 8.638 2.93964069245
-5.867 -6.203 18.833 2.8655882766
-7.015 -6.248 18.411 2.75923199067
-5.874 -8.482 19.729 2.91388939885
-6.34 -8.524 21.169 2.80242708673
-7.429 -8.987 21.46 2.69092106381
-4.841 -9.575 19.57 2.91388939885
-4.985 -10.379 18.339 2.91388939885
-4.065 -11.567 18.357 2.80242708673
-4.217 -12.462 19.231 2.69092106381
-3.155 -11.589 17.504 2.69092106381
-4.969 -7.254 24.303 2.80242708673
-3.863 -6.862 23.913 2.69092106381
-5.424 -9.693 23.938 2.91388939885
-6.059 -10.104 25.241 2.91388939885
-5.887 -11.584 25.546 2.80242708673
-5.667 -12.381 24.593 2.69092106381
-5.998 -11.942 26.748 2.69092106381
-4.938 -5.957 26.388 2.97245262608
-5.963 -7.154 28.158 2.75923199067
-3.73 -6.996 28.244 2.7203848681
-3.638 -7.679 29.525 2.85287250891
-2.879 -6.843 30.553 2.73628278469
-1.657 -6.806 30.557 2.61895377264
-2.965 -9.033 29.336 2.85287250891
-3.682 -9.949 28.327 2.85287250891
-3.551 -11.45 28.693 2.85287250891
-2.307 -12.092 28.065 2.85287250891
-1.032 -11.786 28.837 2.85287250891
-2.271 -6.31 33.463 3.19656430018
-2.832 -7.378 33.7 3.11200838625
-5.196 -5.338 32.952 3.28331166428
-5.044 -5.952 31.555 3.28331166428
-0.497 -6.749 35.062 2.78912757715
-1.039 -6.284 36.392 2.66677603688
1.016 -6.553 34.994 2.78912757715
1.357 -5.233 35.438 2.61066977765
1.492 -6.745 33.556 2.78912757715
-0.971 -7.108 37.443 2.7203848681
-1.455 -6.616 38.745 2.85287250891
-0.751 -5.343 39.238 2.73628278469
-1.35 -4.531 39.928 2.61895377264
-1.221 -7.804 39.687 2.85287250891
-0.27 -8.709 38.956 2.85287250891
-0.608 -8.534 37.511 2.85287250891
1.272 -3.938 39.111 3.41882014206
0.874 -2.674 38.304 3.33906215107
1.486 -1.625 38.448 3.26182836231
2.763 -4.217 38.867 3.41882014206
3.364 -5.352 39.716 3.41882014206
3.207 -5.115 41.229 3.33906215107
3.919 -4.222 41.786 3.26182836231
2.37 -5.828 41.862 3.26182836231
-0.086 -2.793 37.396 2.57572842164
-0.561 -1.633 36.667 2.72232757201
0.087 -0.295 34.795 2.46178430194
2.838 -3.069 33.563 3.97461189274
3.95 -2.348 34.233 3.91610941646
4.006 -1.12 34.145 3.86046154913
4.786 -3.01 34.863 3.86046154913
0.934 -2.811 31.325 2.85110369563
0.723 -3.994 29.22 2.8655882766
0.331 -5.235 29.043 3.18494045613
0.829 -6.067 27.982 3.28331166428
-0.172 -5.956 26.825 3.19656430018
-1.379 -6.137 27.008 3.11200838625
0.858 -7.487 28.519 3.28331166428
1.659 -8.499 27.742 3.28331166428
1.67 -9.859 28.45 3.19656430018
1.828 -9.867 29.696 3.11200838625
1.505 -10.902 27.766 3.11200838625
-0.628 -5.418 24.556 2.97245262608
-0.259 -6.356 23.419 2.8655882766
-1.212 -7.166 23.001 2.22402568616
-0.952 -8.147 21.968 2.41516305987
-1.543 -9.484 22.374 2.41516305987
0.092 -10.891 21.071 2.41516305987
-1.945 -11.92 22.144 2.41516305987
1.148 -5.498 16.995 2.41516305987
-2.381 -9.018 14.014 2.78912757715
-3.151 -10.064 14.795 2.78912757715
-4.6 -10.172 14.332 2.66677603688
-4.986 -9.616 13.297 2.5427976846
-5.415 -10.874 15.104 2.69295246139
2.378 -6.268 12.66 3.54436212661
3.274 -4.155 11.525 3.54436212661
4.074 -3.639 10.316 3.54436212661
3.376 -3.805 8.988 3.54436212661
3.466 -6.445 8.064 2.17953443166
-0.948 -8.921 6.226 2.41269040159
0.997 -8.699 5.12 2.34393302806
-0.983 -9.763 5.13 2.32219197539
0.186 -9.643 4.455 2.34393302806
2.275 -8.408 4.602 2.41269040159
0.585 -10.324 3.287 2.41269040159
2.687 -9.063 3.463 2.41269040159
1.858 -10.013 2.806 2.41269040159
5.193 -8.494 7.992 3.41882014206
5.976 -9.034 6.814 3.33906215107
6.577 -8.233 6.032 3.26182836231
5.867 -8.789 9.321 3.41882014206
5.684 -7.59 10.289 3.41882014206
6.786 -7.441 11.311 3.33906215107
7.072 -8.473 11.992 3.26182836231
7.314 -6.29 11.461 3.26182836231
5.982 -10.334 6.648 2.41269401738
6.772 -10.905 5.573 2.57789518755
5.854 -11.92 4.888 2.43285482807
5.974 -13.146 5.17 2.28148428923
8.036 -11.576 6.138 2.57789518755
9.171 -11.785 5.091 2.43285482807
9.035 -12.627 4.102 2.28148428923
10.344 -11.121 5.317 2.46421089331
4.874 -11.42 4.121 2.41269401738
3.905 -12.316 3.494 2.57789518755
2.936 -12.963 4.474 2.43285482807
2.025 -13.731 4.064 2.28148428923
2.203 -13.259 6.748 3.54436212661
2.372 -11.205 7.976 3.39902103994
2.83 -14.501 7.392 3.54436212661
4.106 -14.222 8.156 3.54436212661
4.661 -15.48 8.804 3.47033660994
5.086 -16.386 8.049 3.39902103994
4.669 -15.564 10.06 3.39902103994
0.781 -12.702 8.594 1.7
0.865 -12.275 10.974 1.74
0.511 -13.298 11.565 1.4
-1.295 -12.084 9.666 2.0
-2.154 -10.967 10.796 1.8
2.649 -11.712 12.603 2.57789518755
1.93 -11.262 13.879 2.43285482807
1.029 -10.41 13.859 2.28148428923
3.979 -10.998 12.493 2.57789518755
2.356 -11.84 14.992 2.32219197539
1.835 -11.478 16.289 2.49917816808
2.958 -10.869 17.106 2.34393302806
4.076 -11.401 17.12 2.17953443166
1.279 -12.709 16.986 2.49917816808
-0.03 -12.445 17.701 2.49917816808
-0.657 -13.727 18.234 2.34393302806
-0.361 -14.16 19.373 2.17953443166
-1.518 -14.357 17.422 2.37766287277
3.637 -8.978 18.505 2.57789518755
3.038 -8.705 19.844 2.43285482807
3.972 -7.632 17.873 2.57789518755
4.451 -7.719 16.458 2.57789518755
5.946 -7.829 16.399 2.57789518755
6.413 -7.985 14.966 2.57789518755
6.11 -6.806 14.074 2.57789518755
3.895 -8.734 20.853 2.41269401738
4.362 -7.211 22.677 2.43285482807
5.571 -7.16 22.422 2.28148428923
3.822 -9.652 23.123 2.57789518755
3.591 -9.46 24.604 2.57789518755
3.503 -10.806 25.293 2.57789518755
2.345 -11.66 24.723 2.57789518755
1.9 -12.824 25.604 2.57789518755
4.439 -5.004 23.654 2.22693058289
4.552 -3.847 21.421 2.22693058289
4.298 -2.457 23.475 2.22693058289
3.871 -2.924 20.446 2.22693058289
5.116 -4.496 25.917 1.99639670258
5.872 -2.048 27.232 1.79544509739
6.064 -4.909 28.204 2.22693058289
6.187 -6.394 27.887 2.22693058289
5.838 -4.658 29.674 2.22693058289
4.917 -7.144 28.056 2.22693058289
3.177 -1.101 30.505 3.39902103994
4.886 0.287 30.057 3.46048228099
5.153 0.63 31.455 3.54436212661
6.629 0.972 31.651 3.54436212661
7.561 -0.226 31.793 3.54436212661
8.825 0.108 32.636 3.47033660994
9.378 1.247 32.486 3.39902103994
9.238 -0.77 33.461 3.39902103994
3.792 1.66 33.137 2.7203848681
3.021 2.732 33.732 2.85287250891
3.896 3.933 34.077 2.73628278469
5.111 3.813 34.202 2.61895377264
2.304 2.238 34.988 2.85287250891
3.231 1.796 36.069 2.85287250891
2.456 1.329 37.258 2.85287250891
3.433 0.861 38.304 2.85287250891
2.704 0.448 39.54 2.85287250891
3.256 5.088 34.161 2.41269401738
3.889 6.314 34.584 2.57789518755
3.035 6.783 35.739 2.43285482807
2.176 6.036 36.194 2.28148428923
3.932 7.37 33.448 2.57789518755
2.628 7.909 33.227 2.36497245057
4.431 6.759 32.177 2.57789518755
3.273 7.995 36.229 2.7203848681
2.516 8.533 37.366 2.85287250891
1.151 8.982 36.907 2.73628278469
0.262 9.253 37.716 2.61895377264
3.237 9.723 37.999 2.85287250891
4.586 9.999 37.418 2.85287250891
5.541 8.844 37.67 2.85287250891
6.774 8.913 36.75 2.85287250891
6.448 8.964 35.294 2.85287250891
-0.278 9.403 34.989 2.41516305987
-0.226 7.425 33.668 2.06703446881
0.835 11.535 34.183 2.41516305987
-1.417 10.957 33.407 2.41516305987
0.264 12.441 35.226 2.41516305987
-1.968 7.623 35.049 2.7203848681
-2.614 6.346 34.727 2.85287250891
-2.939 6.099 33.257 2.73628278469
-2.986 4.959 32.817 2.61895377264
-3.89 6.384 35.566 2.85287250891
-3.489 7.167 36.744 2.85287250891
-2.643 8.278 36.179 2.85287250891
-3.232 7.157 32.507 2.85110369563
-4.757 7.977 30.759 2.97245262608
1.095 5.999 31.428 2.28148428923
0.71 8.738 30.201 2.57789518755
1.977 8.83 29.391 2.57789518755
-0.192 9.913 29.903 2.57789518755
3.602 4.688 28.6 1.74
3.54 5.369 27.578 1.4
-0.351 1.707 31.93 1.86
-1.606 2.227 31.682 1.86
5.949 4.178 28.199 2.97245262608
6.153 2.879 27.472 2.8655882766
5.941 1.791 28.032 2.75923199067
7.17 4.453 29.073 2.97245262608
7.022 5.641 29.993 2.97245262608
8.277 5.817 30.873 2.97245262608
8.018 6.655 32.137 2.97245262608
8.215 5.849 33.379 2.97245262608
6.552 3.0 26.213 2.22402568616
6.872 1.85 25.374 2.41516305987
8.129 2.113 24.557 2.24769809506
8.519 3.262 24.328 2.06703446881
5.731 1.465 24.391 2.41516305987
8.739 1.03 24.109 3.18494045613
9.869 1.108 23.206 3.28331166428
9.557 0.116 22.084 3.19656430018
10.037 -1.019 22.089 3.11200838625
11.129 0.694 23.962 3.28331166428
12.405 0.994 23.198 3.19656430018
12.327 1.546 22.087 3.11200838625
13.495 0.674 23.711 3.11200838625
8.651 0.491 21.193 2.57572842164
8.257 -0.394 20.111 2.72232757201
7.286 -1.413 20.59 2.72232757201
7.846 -0.014 17.785 2.11633202144
7.282 0.63 16.595 2.32485688748
7.756 2.064 16.415 2.14243103283
7.031 2.892 15.846 1.94074133197
5.737 0.588 16.595 2.32485688748
5.097 -0.796 16.818 2.14243103283
3.636 -0.645 17.137 2.32485688748
5.265 -1.676 15.593 2.32485688748
8.966 2.354 16.892 2.41269401738
9.513 3.707 16.846 2.57789518755
8.671 4.658 17.66 2.43285482807
8.749 5.864 17.471 2.28148428923
9.597 4.234 15.399 2.57789518755
10.566 3.422 14.52 2.43285482807
11.487 2.762 15.021 2.28148428923
10.367 3.478 13.203 2.46421089331
7.834 4.111 18.527 3.8060920686
7.544 4.753 20.81 3.81424376621
8.196 3.755 21.154 3.75551382604
4.57 5.486 17.327 3.81424376621
5.289 6.477 17.499 3.75551382604
6.646 6.007 24.073 2.66677603688
6.881 5.957 25.284 2.5427976846
9.002 6.451 23.241 2.78912757715
8.801 7.937 23.15 2.66677603688
9.828 8.676 23.512 2.69295246139
4.228 8.123 24.631 3.32971220156
3.85 8.566 26.008 3.32971220156
3.821 10.073 26.097 3.32971220156
5.217 10.635 26.215 3.32971220156
5.192 12.073 26.644 3.32971220156
-2.135 8.953 24.994 2.22693058289
-0.897 9.858 24.856 2.02565795104
-0.137 9.865 26.142 2.22693058289
0.003 9.436 23.712 2.22693058289
-7.967 8.909 25.526 2.22693058289
-9.774 9.716 26.908 1.79544509739
-8.249 9.261 24.061 2.22693058289
-7.189 10.055 23.274 2.02565795104
-5.782 9.591 23.565 2.22693058289
-7.502 9.933 21.811 2.22693058289
-11.266 7.414 26.736 3.69904372689
-12.249 8.323 25.958 3.69904372689
-13.629 8.404 26.597 3.63125461652
-13.743 8.396 27.844 3.56629383662
-14.605 8.457 25.819 3.56629383662
-14.359 4.137 28.445 3.47033660994
-14.419 4.824 29.463 3.39902103994
-16.443 2.997 28.917 3.69904372689
-17.095 1.079 30.152 3.56629383662
-17.739 3.089 28.121 3.69904372689
-17.806 2.096 26.984 3.63125461652
-18.799 2.135 26.236 3.56629383662
-15.493 -1.367 28.891 2.73628278469
-14.955 -2.4 28.499 2.61895377264
-14.732 -0.419 31.086 2.85287250891
-14.567 1.653 32.521 2.78727419845
-13.833 2.619 33.212 2.78727419845
-12.449 2.54 33.249 2.73628278469
-11.748 3.547 33.853 2.68307619189
-17.763 -2.129 28.349 2.57789518755
-17.719 -2.334 26.851 2.43285482807
-17.978 -3.429 26.362 2.28148428923
-19.183 -1.704 28.745 2.57789518755
-19.391 -1.557 30.218 2.57789518755
-20.7 -0.841 30.544 2.57789518755
-21.043 -0.935 32.078 2.57789518755
-22.199 -0.036 32.439 2.57789518755
-17.73 -1.266 24.68 2.57789518755
-16.056 -1.58 23.021 2.28148428923
-18.949 -0.422 24.332 2.57789518755
-19.266 -0.346 22.844 2.57789518755
-20.682 0.193 22.622 2.57789518755
-20.872 1.578 23.222 2.57789518755
-21.963 2.321 22.533 2.57789518755
-17.263 4.404 24.522 3.94130856496
-16.532 6.501 25.444 3.89046738633
-12.269 7.935 21.614 3.54436212661
-2.921 8.339 20.392 2.0
-4.498 9.145 19.977 1.8
2.688 9.863 19.841 3.87583860819
3.613 10.873 20.48 3.87583860819
2.904 11.772 21.44 3.81424376621
2.343 12.782 21.016 3.75551382604
2.892 11.471 22.642 3.75551382604
7.966 9.056 18.499 2.97245262608
9.392 9.062 18.95 2.8655882766
9.884 10.067 19.429 2.75923199067
10.066 7.942 18.815 2.88830125379
7.33 12.203 22.124 2.78912757715
8.278 13.204 21.469 2.66677603688
8.055 14.41 21.587 2.5427976846
7.697 12.034 23.591 2.78912757715
8.891 11.279 23.732 2.61066977765
9.327 12.704 20.801 2.22402568616
10.341 13.528 20.098 2.41516305987
9.828 14.241 18.853 2.24769809506
10.328 15.331 18.507 2.06703446881
11.535 12.675 19.699 2.41516305987
8.896 13.595 18.144 3.32841402621
8.285 14.172 16.97 3.41882014206
6.646 12.758 15.91 3.26182836231
9.156 13.904 15.752 3.41882014206
8.75 14.721 14.505 3.41882014206
8.666 16.219 14.747 3.33906215107
9.727 16.851 15.06 3.26182836231
7.518 16.734 14.62 3.26182836231
3.957 13.794 16.057 3.19656430018
3.826 14.732 18.39 3.28331166428
4.89 15.062 19.358 3.28331166428
6.118 15.174 18.552 3.28331166428
4.249 14.886 15.361 3.32841402621
3.719 15.127 14.035 3.41882014206
3.111 13.697 12.23 3.26182836231
4.225 16.458 13.482 3.41882014206
3.334 17.646 13.85 3.41882014206
3.641 18.222 15.25 3.33906215107
4.741 17.935 15.789 3.26182836231
2.79 18.977 15.819 3.26182836231
5.4 12.368 12.104 2.57789518755
5.267 11.006 12.765 2.43285482807
5.908 10.029 12.341 2.28148428923
6.768 12.486 11.413 2.57789518755
7.597 13.714 11.802 2.57789518755
7.102 15.039 11.177 2.43285482807
6.11 15.077 10.434 2.28148428923
7.808 16.138 11.488 2.46421089331
4.425 9.712 14.545 3.18635814682
5.606 9.82 15.524 3.18635814682
5.468 8.979 16.634 3.0526522229
0.19 11.416 16.129 2.72232757201
-0.943 10.902 18.318 2.72232757201
-1.802 12.71 16.808 2.72232757201
-15.436 -2.215 19.409 2.97245262608
-15.924 -0.788 19.244 2.97245262608
-15.001 -4.002 22.006 2.41269401738
-14.983 -5.312 22.642 2.57789518755
-15.543 -6.455 21.763 2.43285482807
-15.069 -7.598 21.837 2.28148428923
-15.778 -5.251 23.928 2.57789518755
-15.192 -4.368 24.979 2.57789518755
-14.281 -5.174 25.86 2.57789518755
-14.131 -4.594 27.195 2.41269401738
-13.225 -4.998 28.08 2.43285482807
-12.403 -5.999 27.777 2.46421089331
-13.147 -4.393 29.26 2.46421089331
-16.603 -6.177 21.001 2.57572842164
-17.203 -7.203 20.136 2.72232757201
-16.948 -5.584 18.402 2.46178430194
-18.719 -7.405 20.411 2.72232757201
-19.4 -6.159 20.246 2.53400746709
-18.969 -7.971 21.829 2.72232757201
-18.283 -7.433 14.586 3.11200838625
-16.202 -8.748 15.78 3.28331166428
-17.033 -9.761 16.541 3.28331166428
-17.182 -9.196 17.95 3.28331166428
-19.544 -5.129 15.418 3.41882014206
-19.123 -3.673 15.203 3.33906215107
-18.318 -3.136 15.962 3.26182836231
-20.816 -5.162 16.285 3.41882014206
-21.131 -6.51 16.958 3.41882014206
-22.337 -6.439 17.911 3.33906215107
-23.422 -5.998 17.442 3.26182836231
-22.194 -6.832 19.116 3.26182836231
-19.686 -3.017 14.194 2.22402568616
-20.355 -0.842 14.982 2.24769809506
-21.591 -1.046 14.978 2.06703446881
-19.532 -1.125 12.509 2.41516305987
-20.774 -1.651 11.852 2.41516305987
-19.509 0.394 12.407 2.41516305987
-20.424 0.785 16.836 2.97245262608
-19.846 0.5 18.233 2.97245262608
-20.585 1.242 19.333 2.8655882766
-21.812 1.092 19.393 2.75923199067
-21.308 2.926 15.984 2.85110369563
-21.23 4.322 15.57 2.97245262608
-20.989 5.313 16.705 2.8655882766
-20.457 6.395 16.478 2.75923199067
-22.497 4.704 14.801 2.97245262608
-22.538 4.085 13.414 2.8655882766
-21.517 4.15 12.693 2.75923199067
-23.594 3.544 13.03 2.75923199067
-21.369 4.948 17.923 3.46048228099
-21.091 5.793 19.074 3.54436212661
-21.765 5.249 20.348 3.54436212661
-21.695 6.225 21.533 3.54436212661
-22.098 5.59 22.861 3.47033660994
-23.225 5.036 22.957 3.39902103994
-21.298 5.646 23.818 3.39902103994
-16.836 5.992 15.934 2.41516305987
-17.119 7.472 16.119 2.24769809506
-16.341 8.322 15.73 2.06703446881
-17.462 5.5 14.64 2.41516305987
-17.757 3.734 12.89 2.41516305987
-15.507 4.346 13.732 2.41516305987
-18.24 7.766 16.736 3.46048228099
-18.627 9.127 17.012 3.54436212661
-19.977 9.105 17.73 3.54436212661
-20.871 10.33 17.522 3.54436212661
-21.54 10.381 16.122 3.47033660994
-22.662 9.808 15.972 3.39902103994
-20.939 10.985 15.178 3.39902103994
-17.341 9.117 19.049 2.85110369563
-16.357 9.557 20.038 2.97245262608
-14.235 10.687 19.761 2.75923199067
-16.266 8.505 21.156 2.97245262608
-17.168 8.73 22.323 2.97245262608
-18.574 8.495 21.971 2.97245262608
-19.421 8.835 23.168 2.97245262608
-19.114 7.953 24.329 2.97245262608
-13.138 7.496 17.138 2.0
-11.613 7.059 15.206 1.86
-10.368 6.841 14.668 1.86
-13.947 11.534 15.484 3.374854362
-13.81 12.829 16.269 3.29292659605
-13.059 13.723 15.879 3.21343256117
-15.099 11.607 14.496 3.374854362
-14.874 10.697 13.319 3.29292659605
-13.692 10.385 13.013 3.21343256117
-15.881 10.281 12.703 3.21343256117
-14.495 12.907 17.401 2.7203848681
-14.459 14.104 18.219 2.85287250891
-13.086 14.253 18.857 2.73628278469
-12.491 15.337 18.861 2.61895377264
-15.541 14.021 19.297 2.85287250891
-16.94 14.19 18.738 2.85287250891
-17.981 13.49 19.606 2.85287250891
-19.381 13.573 18.975 2.85287250891
-19.402 12.945 17.591 2.85287250891
-12.562 13.131 19.338 2.22402568616
-11.226 13.096 19.896 2.41516305987
-10.238 13.623 18.859 2.24769809506
-9.317 14.362 19.176 2.06703446881
-10.874 11.685 20.299 2.41516305987
-9.84 14.86 15.843 2.24769809506
-9.333 15.108 14.753 2.06703446881
-9.484 12.42 15.548 2.41516305987
-8.979 10.607 17.224 2.41516305987
-8.837 10.186 14.779 2.41516305987
-11.076 16.868 15.671 2.97245262608
-9.978 17.926 15.791 2.8655882766
-9.799 18.746 14.902 2.75923199067
-12.426 17.394 16.139 2.97245262608
-12.422 18.038 17.518 2.97245262608
-13.673 18.918 17.711 2.97245262608
-13.482 19.937 18.854 2.97245262608
-12.369 20.926 18.61 2.97245262608
-9.201 17.876 16.868 2.22402568616
-8.138 18.868 17.125 2.41516305987
-6.72 18.324 16.899 2.24769809506
-5.736 18.929 17.366 2.06703446881
-8.25 19.412 18.57 2.41516305987
-6.619 17.171 16.237 2.11633202144
-5.344 16.567 15.925 2.32485688748
-5.159 16.594 14.411 2.14243103283
-6.142 16.611 13.655 1.94074133197
-5.414 14.964 17.992 2.14243103283
-5.687 13.515 18.332 2.32485688748
-4.152 15.439 18.673 2.32485688748
-3.897 16.623 13.945 2.7203848681
-3.571 16.747 12.518 2.85287250891
-3.542 15.394 11.762 2.73628278469
-2.502 15.0 11.215 2.61895377264
-2.197 17.424 12.554 2.85287250891
-1.571 16.833 13.78 2.85287250891
-2.69 16.756 14.78 2.85287250891
-4.681 14.702 11.707 2.41269401738
-4.84 13.555 9.53 2.43285482807
-5.688 14.293 9.039 2.28148428923
-5.936 12.609 11.518 2.57789518755
-3.992 12.952 7.35 2.97245262608
-4.49 11.682 6.672 2.8655882766
-2.613 13.346 6.833 2.97245262608
-2.31 14.788 7.046 2.8655882766
-1.783 15.27 8.23 2.79843848817
-2.559 15.873 6.287 2.91219147086
-1.733 16.593 8.185 2.91219147086
-2.202 16.976 7.012 2.85110369563
-4.759 10.66 7.477 2.85110369563
-5.311 9.411 6.967 2.97245262608
-7.375 8.287 7.58 2.49687256947
-8.893 6.382 7.78 2.51571213812
-9.191 6.418 6.588 2.37505611705
-9.496 8.603 8.772 2.65207782941
-9.077 9.84 9.548 2.65207782941
-10.3 10.682 9.935 2.65207782941
-10.045 11.644 11.02 2.49687256947
-9.793 12.947 10.842 2.51571213812
-9.758 13.454 9.616 2.54507232427
-9.556 13.744 11.892 2.54507232427
-8.986 5.279 8.517 2.22402568616
-9.538 4.032 8.004 2.41516305987
-10.556 3.525 8.995 2.24769809506
-10.329 3.601 10.182 2.06703446881
-6.241 1.955 7.566 2.41516305987
-11.661 2.976 8.516 3.08160126066
-13.902 3.203 9.506 3.18635814682
-14.361 3.562 8.24 3.0526522229
-15.585 -1.249 9.672 1.4
-12.393 -2.348 9.825 2.0
-10.959 -2.053 9.675 1.74
-10.337 -2.197 8.437 1.86
-10.248 -1.497 10.722 1.86
-9.034 -1.781 8.244 1.86
-8.944 -1.081 10.531 1.86
-8.341 -1.222 9.286 1.86
-16.165 -3.693 8.298 2.78912757715
-16.428 -4.324 6.918 2.78912757715
-16.638 -3.307 5.856 2.66677603688
-16.14 -3.464 4.737 2.5427976846
-17.361 -2.237 6.165 2.69295246139
-17.269 -6.499 10.649 2.97245262608
-16.478 -7.665 10.04 2.8655882766
-15.778 -8.408 10.734 2.75923199067
-18.729 -6.863 10.772 2.97245262608
-19.462 -5.637 10.333 2.97245262608
-18.574 -4.944 9.331 2.97245262608
-16.585 -7.782 8.717 2.41269401738
-15.867 -8.739 7.907 2.57789518755
-14.363 -8.558 8.164 2.43285482807
-13.646 -9.484 8.521 2.28148428923
-16.21 -8.509 6.395 2.57789518755
-17.57 -8.922 6.177 2.36497245057
-15.284 -9.327 5.515 2.57789518755
-12.528 -6.963 8.209 2.57789518755
-12.187 -7.063 9.683 2.43285482807
-11.021 -7.193 10.048 2.28148428923
-12.242 -5.548 7.699 2.57789518755
-12.757 -5.325 6.275 2.57789518755
-12.6 -3.907 5.752 2.43285482807
-11.96 -3.69 4.712 2.28148428923
-13.077 -2.787 6.295 2.46421089331
-11.739 -8.692 13.29 3.39902103994
-13.108 -10.864 12.31 2.85287250891
-11.817 -11.382 11.686 2.73628278469
-11.06 -12.14 12.312 2.61895377264
-14.293 -11.744 11.903 2.85287250891
-15.634 -11.293 12.478 2.85287250891
-16.84 -11.916 11.794 2.73628278469
-16.68 -12.976 11.167 2.61895377264
-17.95 -11.336 11.901 2.61895377264
-11.574 -10.964 10.45 2.7203848681
-10.356 -11.283 9.718 2.85287250891
-8.179 -11.157 10.798 2.61895377264
-10.437 -10.771 8.259 2.85287250891
-10.36 -11.851 7.201 2.85287250891
-11.398 -12.937 7.368 2.73628278469
-12.599 -12.606 7.448 2.61895377264
-11.019 -14.132 7.429 2.61895377264
-9.402 -9.247 10.522 2.41269401738
-8.462 -8.263 11.049 2.57789518755
-7.297 -8.083 10.095 2.43285482807
-7.275 -7.162 9.279 2.28148428923
-7.988 -8.6 12.463 2.57789518755
-8.902 -8.094 13.581 2.57789518755
-8.6 -5.996 14.684 2.28148428923
-9.523 -5.759 12.778 2.46421089331
-6.33 -8.992 10.188 1.7
-5.142 -8.927 9.373 2.0
-4.934 -10.179 8.532 1.74
-5.485 -11.242 8.839 1.4
-3.946 -8.64 10.265 2.0
-5.081 -10.121 6.555 2.65003072421
-5.026 -10.229 5.108 2.78912757715
-4.566 -11.637 4.675 2.66677603688
-3.899 -12.325 5.444 2.5427976846
-4.1 -9.16 4.526 2.78912757715
-4.171 -9.044 2.983 2.66677603688
-5.176 -8.361 2.333 2.58878484312
-3.357 -9.531 2.016 2.72038202399
-4.979 -8.431 1.029 2.72038202399
-3.883 -9.134 0.81 2.65003072421
-4.891 -12.07 3.44 2.11633202144
-4.455 -13.396 3.0 2.32485688748
-3.355 -13.312 1.947 2.14243103283
-3.072 -12.24 1.404 1.94074133197
-5.619 -14.245 2.443 2.32485688748
-6.352 -13.514 1.311 2.32485688748
-6.593 -14.611 3.544 2.32485688748
-7.228 -14.413 0.473 2.32485688748
