1.E-8
2759
18.432 -2.931 3.579 2.11633202144
19.662 -2.549 2.806 2.32485688748
19.282 -1.939 1.441 2.14243103283
18.421 -2.497 0.695 1.94074133197
20.659 -3.754 2.825 2.32485688748
20.109 -4.992 2.222 2.32485688748
21.982 -3.272 2.245 2.32485688748
19.905 -0.786 1.169 2.22402568616
20.513 -0.749 -1.213 2.24769809506
21.748 -0.901 -1.212 2.06703446881
20.204 1.339 0.21 2.41516305987
17.858 2.278 0.784 2.41516305987
20.031 3.495 1.202 2.41516305987
19.759 -1.096 -2.248 2.85110369563
20.271 -1.666 -3.488 2.97245262608
19.184 -2.454 -4.209 2.97245262608
18.391 -1.499 -4.959 2.81719981417
22.305 0.185 -6.258 2.97245262608
21.22 1.028 -6.854 2.8655882766
21.226 2.265 -6.963 2.75923199067
22.988 -0.692 -7.358 2.97245262608
23.374 -1.96 -6.565 2.97245262608
22.198 -2.127 -5.588 2.97245262608
20.234 0.209 -7.202 2.22402568616
19.007 0.866 -7.82 2.41516305987
18.457 1.885 -6.862 2.24769809506
18.273 3.046 -7.315 2.06703446881
18.252 -0.35 -8.256 2.41516305987
18.263 1.604 -5.572 3.62225757892
17.788 2.597 -4.595 3.69904372689
16.758 0.944 -3.005 3.63125461652
15.692 1.079 -3.65 3.56629383662
16.892 -0.092 -2.313 3.56629383662
20.932 5.51 -5.459 3.09401308242
22.385 4.042 -4.064 3.18635814682
22.496 3.208 -2.76 3.18635814682
23.639 2.295 -3.088 3.18635814682
24.589 1.462 -2.351 3.18635814682
25.349 0.599 -3.344 3.18635814682
20.765 4.947 -6.642 2.41269401738
20.63 5.778 -7.845 2.57789518755
19.438 6.731 -7.855 2.43285482807
19.504 7.9 -8.272 2.28148428923
20.618 4.897 -9.154 2.57789518755
21.849 4.15 -9.312 2.36497245057
20.529 5.834 -10.338 2.57789518755
16.976 6.854 -7.314 2.78912757715
16.385 9.031 -6.629 2.5427976846
15.529 4.873 -7.997 2.66677603688
15.7 5.218 -9.167 2.5427976846
15.059 3.674 -7.718 2.69295246139
20.741 10.649 -5.639 2.97245262608
20.061 11.571 -6.66 2.8655882766
20.201 12.835 -6.654 2.75923199067
21.948 10.059 -6.323 2.97245262608
22.83 9.106 -5.534 2.97245262608
23.507 9.803 -4.361 2.97245262608
24.973 9.361 -4.31 2.97245262608
25.883 10.328 -3.614 2.97245262608
19.338 10.858 -7.536 2.11633202144
18.594 11.54 -8.623 2.32485688748
17.457 12.435 -8.129 2.14243103283
17.417 13.612 -8.664 1.94074133197
18.195 10.522 -9.693 2.32485688748
16.649 11.979 -7.177 2.11633202144
15.529 12.803 -6.63 2.32485688748
14.667 11.868 -5.843 2.32485688748
18.368 15.588 -4.848 2.66677603688
18.574 16.813 -4.628 2.5427976846
18.527 13.821 -2.844 2.78912757715
19.602 15.771 -1.554 2.72038202399
19.323 16.616 -0.509 2.65003072421
18.814 15.116 -6.008 2.41269401738
19.473 15.849 -7.079 2.57789518755
18.573 17.026 -7.46 2.43285482807
19.048 18.179 -7.363 2.28148428923
17.332 16.859 -7.859 2.85110369563
16.455 17.971 -8.231 2.97245262608
16.014 18.865 -7.102 2.8655882766
15.709 20.03 -7.448 2.75923199067
15.611 16.233 -9.796 2.97245262608
15.921 17.006 -11.109 2.97245262608
14.68 17.801 -11.485 2.97245262608
14.225 19.055 -10.779 2.97245262608
15.522 19.255 -4.76 2.57789518755
16.508 20.421 -4.826 2.43285482807
16.04 21.575 -4.781 2.28148428923
16.302 19.296 -2.34 2.57789518755
17.761 20.001 -4.913 2.41269401738
18.841 20.968 -5.011 2.57789518755
18.834 22.054 -3.946 2.43285482807
19.044 21.808 -2.71 2.28148428923
18.655 23.268 -4.408 2.22402568616
18.588 24.523 -3.699 2.41516305987
17.285 24.76 -2.917 2.24769809506
17.081 25.807 -2.218 2.06703446881
18.804 25.711 -4.68 2.41516305987
15.143 23.963 -2.166 3.0287949135
15.129 23.016 -0.965 2.92608152912
13.904 24.526 -4.127 2.92608152912
13.636 25.886 -4.098 2.86177391959
14.258 24.103 -5.368 2.97082099925
13.813 26.313 -5.343 2.97082099925
14.17 25.261 -6.095 2.91219395265
16.14 22.21 -0.802 2.85110369563
17.628 20.782 0.323 2.97245262608
16.182 23.103 2.101 2.41269401738
15.871 23.848 3.26 2.57789518755
14.445 24.332 3.365 2.43285482807
13.876 24.41 4.466 2.28148428923
13.943 24.786 2.203 3.32841402621
12.563 25.242 2.005 3.41882014206
10.532 23.983 2.577 3.26182836231
12.347 26.053 0.759 3.41882014206
11.137 25.68 -0.118 3.41882014206
10.875 26.465 -1.4 3.33906215107
11.779 27.094 -2.011 3.26182836231
9.633 26.429 -1.778 3.26182836231
11.34 21.58 1.605 3.28331166428
11.142 22.212 -1.417 3.23418432231
11.03 22.464 -2.81 3.23418432231
11.303 21.874 -5.115 3.15786376808
9.283 23.354 6.488 2.59344389372
8.456 23.32 7.416 2.46178430194
11.017 25.195 6.371 2.72232757201
8.817 23.095 5.291 3.46048228099
7.569 22.71 4.768 3.54436212661
7.495 22.554 3.266 3.54436212661
6.026 22.445 2.809 3.54436212661
5.825 22.099 1.397 3.47033660994
5.032 21.263 0.942 3.39902103994
6.579 22.764 0.614 3.39902103994
6.804 20.715 9.809 2.8655882766
9.51 20.891 9.889 2.97245262608
6.425 21.727 9.042 3.32841402621
5.089 22.358 9.102 3.41882014206
2.932 21.395 9.588 3.26182836231
4.934 23.52 8.086 3.41882014206
3.733 24.4 8.478 3.41882014206
3.291 25.45 7.474 3.33906215107
2.115 25.89 7.586 3.26182836231
4.184 25.729 6.618 3.26182836231
2.363 20.317 0.993 4.86871893522
1.689 19.866 13.221 1.74
1.036 19.679 14.265 1.4
3.746 21.189 13.539 2.0
6.018 22.208 13.489 1.86
7.357 22.17 13.877 1.86
1.161 20.136 12.029 2.22402568616
-0.25 20.201 11.639 2.41516305987
-2.034 18.7 11.895 2.06703446881
-0.453 22.483 10.373 2.24769809506
-0.683 23.034 8.959 2.41516305987
-1.688 22.825 11.183 2.41516305987
-1.134 16.558 10.624 3.18635814682
-0.961 15.714 11.88 3.09401308242
-1.734 14.727 11.977 3.00350354728
0.24 15.054 13.989 2.0
0.707 15.98 15.083 1.74
1.374 14.041 13.712 2.0
0.455 12.264 12.157 1.86
0.351 11.616 10.923 1.86
1.178 12.027 9.838 1.86
1.115 17.334 17.941 2.98417189675
1.635 18.13 18.713 2.88653560143
-1.092 18.329 17.197 3.08311555793
-2.143 17.397 16.782 3.08311555793
-1.591 16.68 15.565 3.08311555793
1.185 16.025 18.097 2.41269401738
1.882 15.388 19.198 2.57789518755
3.387 15.587 19.017 2.43285482807
4.062 15.645 20.027 2.28148428923
1.505 13.902 19.54 2.57789518755
1.898 13.045 18.443 2.36497245057
0.056 13.591 20.006 2.57789518755
5.25 15.953 17.541 2.57789518755
5.476 19.618 20.356 3.09401308242
6.031 20.648 20.746 3.00350354728
3.705 20.469 18.793 3.18635814682
2.436 21.806 17.151 3.18635814682
1.11 21.356 17.802 3.18635814682
0.43 22.64 17.755 3.18635814682
5.321 18.422 20.981 2.65003072421
5.764 18.235 22.362 2.78912757715
7.784 18.673 23.65 2.5427976846
5.647 15.75 22.402 2.61066977765
3.636 16.837 23.291 2.78912757715
9.533 18.349 21.368 3.08311555793
11.221 20.002 21.257 2.88653560143
10.115 17.348 20.34 3.08311555793
10.538 15.3 21.831 3.02722347308
8.555 13.888 20.485 3.02722347308
8.634 22.943 21.007 1.74
8.044 23.874 20.377 1.4
7.868 23.688 23.235 2.97245262608
8.508 25.077 23.316 2.8655882766
7.921 26.163 23.56 2.75923199067
7.84 22.879 24.499 2.97245262608
9.241 22.278 24.45 2.97245262608
9.295 21.731 23.06 2.97245262608
9.806 25.206 23.077 2.65003072421
10.592 26.444 22.993 2.78912757715
10.459 27.166 21.633 2.66677603688
10.771 28.395 21.482 2.5427976846
12.095 26.1 23.222 2.78912757715
12.54 24.924 22.347 2.66677603688
11.913 23.706 22.241 2.58878484312
13.626 24.84 21.523 2.72038202399
12.567 22.949 21.4 2.72038202399
13.623 23.595 20.953 2.65003072421
8.595 27.854 18.959 1.74
7.578 27.427 19.512 1.4
12.333 25.441 18.486 1.86
13.489 24.891 17.926 1.86
13.564 24.492 16.597 1.86
8.666 28.825 18.094 3.46048228099
7.538 29.575 17.553 3.54436212661
7.881 30.983 17.076 3.54436212661
6.718 31.466 16.186 3.47033660994
5.581 30.973 16.362 3.39902103994
6.969 32.309 15.27 3.39902103994
5.916 28.151 16.463 2.11633202144
5.467 27.205 15.437 2.32485688748
4.364 27.688 14.483 2.14243103283
3.795 26.905 13.723 1.94074133197
5.096 25.848 16.039 2.32485688748
6.149 25.15 16.853 2.14243103283
5.558 23.976 17.607 2.32485688748
7.245 24.708 15.864 2.32485688748
4.262 28.98 14.614 2.57572842164
3.433 29.849 13.782 2.72232757201
3.943 29.755 12.326 2.59344389372
5.185 29.564 12.082 2.46178430194
3.566 31.295 14.285 2.72232757201
4.836 31.887 13.969 2.53400746709
3.05 29.884 11.322 2.65003072421
3.491 29.879 9.888 2.78912757715
4.516 30.968 9.542 2.66677603688
4.415 32.194 9.776 2.5427976846
2.248 30.021 8.957 2.78912757715
2.534 29.821 7.502 2.66677603688
3.537 28.996 7.03 2.58878484312
1.933 30.392 6.425 2.72038202399
3.546 29.052 5.693 2.72038202399
2.591 29.878 5.307 2.65003072421
5.595 30.508 8.931 2.41269401738
6.652 31.488 8.524 2.57789518755
7.699 31.668 9.61 2.43285482807
8.718 32.36 9.392 2.28148428923
7.486 31.091 10.777 2.65003072421
8.453 31.212 11.881 2.78912757715
10.223 29.821 10.846 2.5427976846
7.997 30.399 13.064 2.78912757715
8.999 29.62 13.627 2.61066977765
10.712 31.882 11.603 2.22402568616
12.146 31.916 11.3 2.41516305987
12.842 30.731 11.954 2.24769809506
13.853 30.225 11.46 2.06703446881
12.737 33.233 11.823 2.41516305987
12.217 30.375 13.069 2.41269401738
12.761 29.244 13.838 2.57789518755
13.44 27.252 12.835 2.28148428923
12.309 28.972 15.261 2.57789518755
12.265 30.065 16.279 2.57789518755
11.876 29.721 17.704 2.43285482807
10.893 30.273 18.259 2.28148428923
12.687 28.783 18.246 2.46421089331
9.418 26.592 11.464 2.72232757201
9.123 25.562 10.348 2.72232757201
8.618 26.181 12.715 2.72232757201
12.055 27.742 9.681 2.85110369563
12.821 27.811 8.422 2.97245262608
14.813 26.509 8.123 2.75923199067
12.806 29.165 7.692 2.97245262608
11.453 29.646 7.129 2.97245262608
11.337 31.164 6.983 2.97245262608
10.063 31.761 6.383 2.97245262608
9.806 33.26 6.612 2.97245262608
14.668 27.988 9.865 2.41269401738
15.994 27.757 10.492 2.57789518755
16.218 26.284 10.74 2.43285482807
17.292 25.7 10.456 2.28148428923
15.246 25.586 11.301 3.23418633453
15.395 24.122 11.564 3.32971220156
14.572 23.822 12.851 3.32971220156
15.827 22.038 14.152 3.19350007837
15.796 20.736 14.358 3.28197456097
17.467 23.933 6.732 2.57789518755
18.429 22.923 7.345 2.43285482807
19.123 22.069 6.78 2.28148428923
18.04 25.316 6.899 2.57789518755
18.281 26.474 6.001 2.57789518755
17.444 27.766 5.868 2.57789518755
17.949 29.052 6.552 2.57789518755
17.186 30.252 6.075 2.57789518755
18.483 22.924 8.677 2.41269401738
19.446 22.017 9.271 2.57789518755
19.972 19.743 8.818 2.28148428923
19.514 22.175 10.75 2.57789518755
19.761 23.567 11.322 2.57789518755
19.669 23.127 12.789 2.57789518755
20.3 23.833 13.943 2.57789518755
20.443 25.3 13.659 2.57789518755
19.106 18.976 4.782 2.8655882766
17.301 20.646 4.385 2.97245262608
20.005 19.724 5.373 3.18494045613
21.496 19.598 5.397 3.28331166428
21.964 18.228 5.857 3.19656430018
22.832 17.628 5.277 3.11200838625
22.171 20.703 6.211 3.28331166428
22.106 21.982 5.43 3.19656430018
22.335 23.041 6.039 3.11200838625
21.806 22.068 4.214 3.11200838625
21.403 17.682 6.888 2.57572842164
21.682 16.388 7.417 2.72232757201
20.807 16.087 8.666 2.72232757201
21.941 15.955 1.989 2.78912757715
23.868 14.621 1.445 2.5427976846
22.191 17.481 1.8 2.78912757715
20.963 17.992 1.198 2.61066977765
23.403 17.724 0.912 2.78912757715
23.759 15.342 3.426 2.57572842164
24.975 14.64 3.848 2.72232757201
25.406 15.387 5.129 2.72232757201
26.209 14.469 6.051 2.59344389372
27.433 14.571 5.789 2.46178430194
25.643 13.642 6.966 2.62109821036
21.96 12.03 -0.261 2.97245262608
21.946 11.995 -1.769 2.97245262608
25.091 11.983 0.32 2.22402568616
26.508 12.271 0.076 2.41516305987
27.367 11.106 0.523 2.24769809506
28.459 10.757 -0.012 2.06703446881
27.017 13.606 0.702 2.41516305987
27.682 9.276 2.046 3.0287949135
27.948 9.522 3.562 3.0287949135
28.917 10.663 3.551 2.92608152912
30.228 10.579 3.17 2.86177391959
28.719 11.974 3.808 2.97082099925
30.777 11.778 3.228 2.97082099925
29.867 12.666 3.597 2.91219395265
25.938 7.95 1.052 2.22402568616
25.6 5.519 1.609 2.24769809506
24.877 4.705 2.19 2.06703446881
24.308 6.332 -0.152 2.41516305987
22.831 6.707 0.065 2.41516305987
24.927 6.588 -1.519 2.41516305987
26.847 5.344 1.21 2.7203848681
27.652 4.139 1.445 2.85287250891
28.263 4.119 2.844 2.73628278469
28.73 3.018 3.183 2.61895377264
28.722 3.857 0.399 2.85287250891
28.044 3.65 -0.965 2.73628278469
27.443 2.542 -0.985 2.61895377264
28.133 4.547 -1.859 2.61895377264
28.099 5.164 3.554 2.7203848681
28.614 5.097 4.963 2.85287250891
30.0 5.806 4.989 2.85287250891
30.866 5.559 6.227 2.73628278469
30.853 4.542 6.888 2.61895377264
31.629 6.459 6.578 2.61895377264
26.263 5.534 5.797 2.41269401738
23.929 6.214 6.243 2.57789518755
21.861 6.703 4.711 2.46421089331
21.816 5.049 4.07 2.57789518755
26.14 5.07 10.197 2.97245262608
27.211 5.957 10.754 2.8655882766
26.99 6.456 11.881 2.75923199067
26.49 3.586 10.368 2.97245262608
25.713 2.967 9.232 2.97245262608
26.108 3.915 8.092 2.97245262608
28.315 6.131 10.033 2.41269401738
29.46 6.953 10.35 2.57789518755
29.086 8.342 9.887 2.43285482807
29.289 9.264 10.674 2.28148428923
30.737 6.387 9.703 2.57789518755
31.023 5.033 10.31 2.43285482807
31.367 3.922 9.854 2.28148428923
30.843 5.14 11.637 2.46421089331
28.551 8.597 8.678 2.22402568616
28.246 9.994 8.341 2.41516305987
27.29 10.576 9.38 2.24769809506
27.337 11.823 9.588 2.06703446881
27.783 10.101 6.894 2.41516305987
25.4 10.302 10.938 2.57789518755
25.643 9.936 12.381 2.43285482807
22.134 9.214 8.91 2.57789518755
22.965 11.482 8.906 2.57789518755
26.648 9.199 12.761 2.65003072421
26.855 8.902 14.214 2.78912757715
26.651 10.072 15.168 2.66677603688
28.297 8.371 14.506 2.78912757715
29.11 9.53 14.271 2.61066977765
26.96 11.261 14.772 2.22402568616
26.859 12.394 15.656 2.41516305987
25.433 12.811 15.952 2.24769809506
25.148 13.239 17.094 2.06703446881
27.542 13.623 15.062 2.41516305987
24.639 12.725 14.882 2.22402568616
23.2 13.122 15.055 2.41516305987
22.827 13.669 13.708 2.41516305987
21.711 15.98 14.073 2.41516305987
21.608 14.666 11.929 2.41516305987
23.243 8.052 14.955 4.2570470193
23.279 11.664 20.307 3.47033660994
22.786 11.587 21.442 3.39902103994
25.645 10.835 19.818 3.54436212661
26.52 9.613 19.529 3.47033660994
26.063 8.485 19.801 3.39902103994
27.695 9.769 19.068 3.39902103994
23.065 12.689 19.502 2.22402568616
22.243 13.869 19.816 2.41516305987
22.31 14.821 18.603 2.41516305987
22.148 16.976 19.729 2.41516305987
21.039 16.69 17.458 2.41516305987
19.115 9.25 23.808 2.75923199067
20.746 8.429 21.199 2.97245262608
21.036 11.027 24.616 2.97245262608
20.711 12.7 26.291 2.75923199067
22.587 10.947 24.804 2.97245262608
23.046 9.6 24.33 2.8655882766
24.01 9.414 23.356 2.79843848817
22.559 8.385 24.714 2.91219147086
24.121 8.087 23.197 2.91219147086
23.257 7.441 23.989 2.85110369563
20.308 14.615 24.477 2.97245262608
18.817 14.869 24.293 2.8655882766
18.142 15.287 25.261 2.75923199067
21.249 15.499 23.697 2.97245262608
21.148 17.026 23.895 2.97245262608
21.336 17.359 25.386 2.97245262608
22.545 16.757 26.124 2.97245262608
23.555 16.053 25.248 2.97245262608
16.929 14.967 22.653 2.41516305987
14.959 14.45 23.715 2.06703446881
16.801 15.14 21.136 2.41516305987
17.765 16.121 19.02 2.41516305987
17.401 17.594 21.096 2.41516305987
15.368 11.539 23.387 2.97245262608
17.361 10.996 26.518 2.97245262608
17.418 11.77 27.674 2.85110369563
17.553 12.913 28.306 2.8655882766
17.639 12.871 29.671 2.88830125379
17.558 14.165 27.802 2.88830125379
13.42 13.717 19.604 3.54436212661
8.538 6.946 21.494 4.27849626329
8.485 6.49 22.679 4.23203245328
8.181 6.216 20.529 4.23203245328
9.887 6.605 16.795 2.98417189675
10.099 6.669 15.56 2.88653560143
11.328 4.949 17.842 3.08311555793
11.981 4.928 19.212 3.08311555793
11.36 6.083 20.026 3.08311555793
8.699 6.567 17.364 2.22402568616
7.541 6.583 16.472 2.41516305987
6.921 7.648 14.581 2.06703446881
6.111 6.524 17.121 2.41516305987
5.91 5.123 17.694 2.41516305987
5.783 7.653 18.071 2.41516305987
6.272 11.856 17.608 4.28874139447
9.847 8.897 11.617 1.74
7.983 7.578 10.925 2.97245262608
7.139 8.771 10.463 2.8655882766
6.859 8.855 9.254 2.75923199067
7.099 6.396 11.254 2.97245262608
7.82 5.059 11.432 2.97245262608
8.987 5.235 12.46 2.97245262608
10.408 4.814 11.99 2.97245262608
11.536 5.126 12.933 2.97245262608
5.777 10.786 10.908 2.57789518755
4.45 10.223 12.909 2.43285482807
3.961 10.838 14.214 2.57789518755
3.415 9.639 11.967 2.57789518755
8.354 10.67 6.054 3.09401308242
9.965 9.067 7.054 3.18635814682
11.087 9.029 7.928 3.0526522229
7.147 10.407 6.517 2.85110369563
5.959 10.506 5.721 2.97245262608
5.508 12.015 3.978 2.75923199067
4.714 10.049 6.557 2.97245262608
3.382 10.262 5.879 2.8655882766
2.93 9.429 4.869 2.79843848817
2.472 11.277 6.113 2.91219147086
1.773 9.949 4.502 2.91219147086
7.229 10.71 1.454 2.97245262608
7.56 8.39 2.047 2.97245262608
2.69 13.23 2.319 3.54436212661
4.812 15.655 -5.733 2.06703446881
4.711 13.415 -3.333 2.41516305987
4.152 17.877 -4.004 2.41516305987
4.973 18.777 -4.895 2.24769809506
4.418 19.671 -5.563 2.06703446881
3.668 18.706 -2.809 2.41516305987
7.152 19.357 -5.676 2.97245262608
8.452 19.63 -7.482 2.75923199067
8.14 20.125 -4.803 2.97245262608
7.754 21.135 -3.816 2.8655882766
7.709 22.477 -4.045 2.79843848817
7.436 21.002 -2.512 2.91219147086
7.377 23.142 -2.964 2.91219147086
7.196 22.235 -1.99 2.85110369563
8.905 16.735 -8.034 2.97245262608
11.739 17.875 -6.821 2.97245262608
6.349 14.317 -10.808 2.98417189675
5.832 13.197 -10.883 2.88653560143
4.806 16.133 -10.023 3.08311555793
5.724 17.135 -10.742 3.08311555793
6.64 17.451 -9.522 3.08311555793
7.881 14.347 -12.696 2.57789518755
8.755 13.187 -12.309 2.43285482807
8.835 12.113 -12.937 2.28148428923
8.491 15.685 -13.223 2.57789518755
10.381 12.34 -10.668 3.41882014206
9.739 11.468 -9.588 3.33906215107
10.26 10.334 -9.495 3.26182836231
11.726 12.781 -10.111 3.41882014206
12.148 14.189 -9.85 3.41882014206
11.725 15.229 -10.863 3.33906215107
10.818 16.081 -10.841 3.26182836231
12.469 15.091 -11.879 3.26182836231
8.74 11.949 -8.896 1.7
7.357 9.999 -8.382 1.74
6.148 9.967 -8.182 1.4
5.839 10.574 -5.303 1.86
5.684 9.923 -4.07 1.86
7.964 9.058 -8.987 2.65003072421
7.585 7.816 -9.584 2.78912757715
8.945 7.412 -10.403 2.78912757715
8.789 7.888 -11.798 2.61066977765
9.433 5.98 -10.521 2.78912757715
5.627 3.472 -8.55 3.54436212661
4.832 4.376 -9.486 3.54436212661
5.913 5.347 -10.037 3.54436212661
8.833 3.707 -8.379 2.41269401738
10.156 3.122 -7.917 2.57789518755
11.736 3.632 -6.117 2.28148428923
10.879 2.741 -9.234 2.57789518755
11.928 9.023 -6.872 2.97245262608
12.526 7.507 -8.749 2.97245262608
6.484 6.582 -1.946 3.80609061566
4.402 6.545 -2.419 3.80609061566
5.225 6.494 -1.406 3.77074517528
9.818 2.892 -2.967 2.57789518755
11.243 3.135 -2.43 2.43285482807
11.518 2.814 -1.234 2.28148428923
9.615 1.662 -3.798 2.57789518755
12.14 3.764 -3.189 3.08160126066
13.497 4.111 -2.914 3.18635814682
14.532 3.321 -4.834 3.0526522229
10.854 5.378 1.601 3.54436212661
12.077 4.762 3.526 3.39902103994
9.504 4.682 1.343 3.54436212661
8.716 4.567 2.688 3.47033660994
8.492 5.59 3.321 3.39902103994
8.474 3.403 2.956 3.39902103994
13.548 2.765 2.142 3.0287949135
15.132 3.29 3.79 2.8243183199
14.12 1.717 1.23 3.0287949135
13.103 0.811 0.602 3.0287949135
13.87 -0.124 -0.361 3.0287949135
15.129 -0.636 0.311 3.0287949135
15.676 -1.845 -0.375 3.0287949135
12.911 8.356 4.821 2.97245262608
11.765 10.11 3.534 2.97245262608
13.684 5.456 5.941 2.22402568616
13.589 4.392 6.895 2.41516305987
14.995 4.076 7.443 2.24769809506
15.129 3.858 8.663 2.06703446881
13.067 3.092 6.304 2.41516305987
15.931 3.973 6.477 2.57572842164
17.324 3.66 6.885 2.72232757201
17.953 4.876 7.56 2.59344389372
18.571 4.634 8.626 2.46178430194
17.991 2.931 5.731 2.72232757201
18.62 3.875 4.898 2.53400746709
18.252 7.229 8.042 3.54436212661
16.225 5.857 11.836 2.8655882766
16.376 5.824 13.038 2.75923199067
14.197 6.632 10.736 2.97245262608
13.706 7.75 10.043 2.81719981417
16.564 4.742 11.243 2.57572842164
17.171 3.558 11.854 2.72232757201
18.788 3.436 13.547 2.46178430194
17.318 2.326 10.917 2.72232757201
16.02 1.738 10.821 2.53400746709
18.281 1.293 11.483 2.72232757201
20.692 5.144 12.176 2.72232757201
22.68 6.554 11.521 2.72232757201
21.906 4.61 10.102 2.72232757201
18.322 4.395 17.284 2.66677603688
17.872 3.679 18.191 2.5427976846
16.052 5.376 16.637 2.78912757715
15.9 4.323 15.642 2.61066977765
15.246 6.613 16.336 2.78912757715
19.467 4.128 16.664 2.57572842164
20.314 2.953 16.94 2.72232757201
20.979 2.96 18.352 2.59344389372
21.137 1.802 18.866 2.46178430194
21.369 2.714 15.847 2.72232757201
22.136 3.886 15.629 2.53400746709
21.93 4.329 20.112 2.97245262608
21.005 4.656 21.297 2.8655882766
21.53 5.383 22.217 2.75923199067
22.955 5.512 19.985 2.97245262608
24.144 5.087 19.065 2.97245262608
24.676 6.368 18.384 2.97245262608
25.959 6.119 17.57 2.97245262608
26.658 7.424 17.31 2.97245262608
19.782 4.172 21.288 2.65003072421
18.821 4.486 22.363 2.78912757715
18.956 3.741 23.689 2.66677603688
18.754 4.37 24.755 2.5427976846
17.342 4.367 21.848 2.78912757715
16.865 5.671 21.28 2.66677603688
15.698 6.289 21.725 2.72038202399
15.274 7.492 21.196 2.72038202399
19.287 2.5 23.69 2.41269401738
19.439 1.602 24.843 2.57789518755
20.321 0.408 24.42 2.43285482807
20.547 -0.465 25.281 2.28148428923
18.06 1.031 25.28 2.57789518755
17.274 0.701 24.038 2.57789518755
16.184 -0.229 23.946 2.57789518755
15.378 -0.438 25.101 2.41269401738
14.339 -1.319 24.81 2.43285482807
13.512 -1.59 25.839 2.46421089331
14.225 -1.846 23.575 2.46421089331
20.657 0.37 23.211 2.28148428923
-15.723 11.024 11.494 2.11633202144
-14.698 11.472 12.455 2.32485688748
-14.849 12.971 12.844 2.14243103283
-15.837 13.708 12.44 1.94074133197
-13.286 11.049 11.975 2.32485688748
-12.938 11.593 10.592 2.32485688748
-12.22 11.387 13.036 2.32485688748
-13.817 13.367 13.663 2.65003072421
-14.021 14.764 14.064 2.78912757715
-13.197 15.725 13.272 2.66677603688
-12.114 16.232 13.57 2.5427976846
-14.027 14.959 15.607 2.78912757715
-15.414 14.466 16.058 2.66677603688
-16.609 14.815 15.395 2.58878484312
-15.748 13.63 17.097 2.72038202399
-17.619 14.231 16.044 2.72038202399
-17.13 13.502 17.055 2.65003072421
-13.921 15.947 12.167 2.22402568616
-14.19 18.116 11.786 2.24769809506
-15.162 17.752 12.489 2.06703446881
-13.587 16.687 9.731 2.41516305987
-12.878 15.823 8.723 2.24769809506
-12.041 14.795 9.472 2.41516305987
-13.709 19.257 11.464 2.65003072421
-14.154 20.629 11.628 2.78912757715
-12.966 21.597 11.962 2.78912757715
-12.974 21.764 13.43 2.61066977765
-12.928 22.949 11.245 2.78912757715
-16.37 21.987 8.787 3.08311555793
-15.837 22.69 6.459 2.88653560143
-17.47 22.982 9.2 3.08311555793
-16.766 23.753 10.334 3.08311555793
-16.22 22.567 11.179 3.08311555793
-13.682 24.05 7.244 2.97245262608
-12.723 22.933 6.829 2.8655882766
-12.22 22.974 5.671 2.75923199067
-13.344 25.409 7.783 2.97245262608
-14.219 26.558 7.29 2.97245262608
-15.589 26.943 6.873 2.8655882766
-16.347 26.318 6.108 2.75923199067
-16.012 28.081 7.34 2.75923199067
-12.638 21.945 7.722 2.85110369563
-11.883 20.754 7.442 2.97245262608
-10.482 20.445 9.406 2.97245262608
-9.825 19.65 10.479 2.8655882766
-8.584 19.662 10.414 2.75923199067
-10.582 19.115 11.308 2.75923199067
-14.92 18.934 5.973 2.97245262608
-15.018 19.619 4.608 2.8655882766
-15.096 18.932 3.573 2.75923199067
-16.391 18.834 6.299 2.97245262608
-16.606 18.353 7.727 2.97245262608
-17.848 17.449 7.863 2.97245262608
-18.239 17.296 9.344 2.97245262608
-18.423 18.676 9.961 2.97245262608
-15.038 20.932 4.671 2.65003072421
-15.145 21.604 3.378 2.78912757715
-14.14 21.419 1.193 2.5427976846
-15.406 23.063 3.73 2.78912757715
-15.167 23.725 2.457 2.61066977765
-12.782 21.719 2.998 2.41269401738
-11.516 21.687 2.265 2.57789518755
-10.852 20.27 0.587 2.28148428923
-10.276 22.064 3.033 2.57789518755
-12.503 15.579 2.641 3.54436212661
-14.809 17.974 -0.06 2.72232757201
-14.617 18.634 -1.414 2.59344389372
-14.964 18.097 -2.488 2.46178430194
-15.931 18.621 0.863 2.72232757201
-16.65 17.407 1.246 2.53400746709
-16.633 19.84 0.303 2.72232757201
-13.764 20.655 -2.474 2.57789518755
-12.71 20.083 -3.381 2.43285482807
-12.763 20.12 -4.619 2.28148428923
-13.347 22.0 -1.852 2.57789518755
-11.691 19.544 -2.724 2.22402568616
-10.536 18.936 -3.396 2.41516305987
-9.422 18.837 -2.379 2.41516305987
-7.925 18.738 -2.437 2.24769809506
-7.391 19.642 -3.559 2.41516305987
-12.939 15.693 -4.948 2.59344389372
-13.154 14.754 -5.753 2.46178430194
-12.95 14.817 -2.535 2.72232757201
-14.285 12.734 -3.365 2.65002772709
-14.091 11.399 -3.613 2.57572842164
-12.77 11.133 -3.326 2.59344389372
-13.402 16.921 -5.08 2.41269401738
-14.251 17.435 -6.158 2.57789518755
-13.629 17.265 -7.516 2.43285482807
-14.25 16.786 -8.459 2.28148428923
-11.41 17.519 -8.648 2.97245262608
-10.68 16.208 -8.873 2.8655882766
-9.842 16.075 -9.835 2.75923199067
-10.376 18.637 -8.395 2.97245262608
-10.856 19.837 -7.575 2.97245262608
-10.173 21.023 -8.199 2.97245262608
-9.543 22.046 -7.313 2.97245262608
-10.547 23.104 -7.001 2.97245262608
-10.84 15.146 -8.12 2.11633202144
-10.105 13.915 -8.222 2.32485688748
-10.589 13.023 -9.345 2.14243103283
-11.821 12.893 -9.359 1.94074133197
-10.156 13.16 -6.841 2.32485688748
-9.793 11.694 -6.967 2.32485688748
-9.387 13.862 -5.716 2.32485688748
-9.673 12.429 -10.101 2.57572842164
-10.211 11.46 -11.061 2.72232757201
-9.547 11.368 -12.415 2.72232757201
-10.014 10.199 -13.312 2.59344389372
-10.509 9.086 -12.973 2.46178430194
-9.867 10.417 -14.633 2.62109821036
-10.809 7.091 -9.576 2.24769809506
-10.243 6.095 -9.039 2.06703446881
-12.781 8.32 -8.586 2.41516305987
-13.073 8.187 -7.11 2.41516305987
-13.398 9.529 -9.297 2.41516305987
-10.796 6.005 -11.814 3.374854362
-9.275 5.792 -11.952 3.29292659605
-8.73 4.621 -11.891 3.21343256117
-11.603 6.25 -13.102 3.374854362
-12.893 5.387 -13.065 3.29292659605
-13.616 5.26 -12.024 3.21343256117
-13.209 4.745 -14.131 3.21343256117
-8.588 6.934 -12.099 3.18494045613
-7.121 6.864 -12.234 3.28331166428
-6.453 6.908 -10.855 3.19656430018
-5.532 6.137 -10.563 3.11200838625
-6.646 7.942 -13.195 3.28331166428
-6.222 9.357 -12.792 3.28331166428
-6.307 10.458 -13.847 3.19656430018
-6.895 11.564 -13.806 3.11200838625
-5.649 10.068 -14.882 3.11200838625
-6.364 7.814 -8.611 2.57789518755
-5.589 6.207 -7.066 2.28148428923
-6.712 8.994 -6.414 2.57789518755
-6.312 10.29 -8.469 2.57789518755
-7.655 4.43 -7.31 2.41516305987
-5.986 2.661 -7.038 2.06703446881
-5.401 2.51 -9.682 2.41516305987
-3.982 2.811 -9.193 2.24769809506
-3.117 1.945 -8.907 2.06703446881
-3.658 4.035 -9.045 3.62225757892
-2.44 4.593 -8.552 3.69904372689
-1.671 7.122 -8.544 3.69904372689
-1.175 7.139 -9.987 3.63125461652
-1.959 7.091 -10.937 3.56629383662
0.07 7.214 -9.811 3.56629383662
-3.865 4.948 -3.954 3.54436212661
-3.424 2.077 -5.216 2.41269401738
-4.662 -0.144 -5.427 2.57789518755
-4.617 -1.945 -3.633 2.57789518755
-5.522 -2.425 -5.887 2.57789518755
-0.434 0.125 -7.489 3.54436212661
2.439 5.963 -5.923 3.08311555793
2.765 6.675 -7.195 2.97082338406
3.791 7.476 -7.386 2.98417189675
4.091 8.186 -8.458 3.0051344669
4.699 7.631 -6.41 3.0051344669
5.281 -1.331 -5.105 2.22693058289
7.081 -1.546 -3.597 1.79544509739
6.754 0.241 -6.532 2.22693058289
4.795 -0.874 -7.563 2.22693058289
6.476 0.455 -1.785 2.22693058289
7.477 -0.657 -0.08 1.79544509739
5.944 1.855 -1.463 2.22693058289
6.663 2.6 -0.368 2.22693058289
5.859 2.705 -2.75 2.22693058289
5.29 -0.215 2.984 3.23418432231
5.545 1.107 3.392 3.23418432231
3.822 1.819 1.917 3.23418432231
4.921 3.499 3.104 3.15786376808
5.079 -6.562 -0.768 2.98417189675
4.511 -7.491 -1.442 2.88653560143
7.02 -5.623 -2.123 3.08311555793
7.94 -4.761 -1.289 3.08311555793
7.117 -3.558 -0.885 3.08311555793
5.152 -6.535 0.553 2.22402568616
4.505 -7.74 1.213 2.41516305987
2.975 -7.744 0.991 2.24769809506
4.814 -7.776 2.701 2.41516305987
3.605 -6.151 4.304 2.32218807228
3.893 -4.948 4.864 2.22402568616
6.924 -5.185 2.985 2.32218807228
5.822 -3.32 4.775 2.32218807228
7.617 -4.076 3.229 2.32218807228
7.083 -3.159 4.147 2.32218807228
0.889 -6.45 0.524 3.54436212661
1.032 -4.35 1.747 3.54436212661
-0.048 -10.411 -3.196 2.5427976846
2.145 -8.415 -3.792 2.78912757715
4.042 -7.154 -4.94 2.66677603688
4.486 -8.236 -5.343 2.5427976846
4.699 -6.057 -5.312 2.69295246139
0.304 -11.525 -0.671 2.65207782941
-1.204 -11.796 -0.96 2.51571213812
-1.689 -12.939 -1.024 2.37505611705
0.492 -11.855 0.882 2.65207782941
0.041 -10.683 1.734 2.65207782941
0.356 -10.605 3.214 2.65207782941
0.135 -11.908 3.737 2.49687256947
-0.737 -12.726 4.294 2.51571213812
-1.984 -12.587 4.694 2.54507232427
-0.371 -14.01 4.666 2.54507232427
-3.444 -10.753 -1.247 2.0
-3.891 -10.736 -2.716 1.74
-5.054 -10.977 -3.087 1.4
-4.047 -9.526 -0.528 2.0
-4.399 -10.432 1.795 1.86
-2.638 -8.512 2.851 1.86
-4.151 -10.379 3.179 1.86
-3.287 -9.391 3.727 1.86
-3.4 -10.238 -4.984 2.0
-2.696 -11.235 -5.844 1.74
-2.37 -10.899 -6.975 1.4
-5.344 -7.674 -4.574 1.86
-5.43 -6.085 -2.761 1.86
-2.502 -12.435 -5.381 3.18494045613
-1.808 -13.381 -6.295 3.28331166428
-2.614 -13.737 -7.546 3.19656430018
-1.94 -14.039 -8.601 3.11200838625
-1.417 -14.714 -5.69 3.28331166428
-0.78 -14.75 -4.297 3.28331166428
-0.809 -16.122 -3.635 3.19656430018
0.259 -16.702 -3.382 3.11200838625
-1.978 -16.591 -3.403 3.11200838625
-3.918 -13.795 -7.57 2.57572842164
-4.722 -14.139 -8.748 2.72232757201
-4.701 -12.971 -9.71 2.59344389372
-5.401 -13.021 -10.722 2.46178430194
-6.092 -14.434 -8.127 2.72232757201
-6.554 -13.152 -7.637 2.53400746709
-3.869 -10.694 -10.288 2.0
-2.802 -10.764 -11.414 1.74
-2.678 -9.783 -12.173 1.4
-3.61 -9.368 -9.583 2.0
-5.862 -9.55 -8.553 1.86
-6.97 -8.972 -7.918 1.86
-6.951 -7.589 -7.692 1.86
-2.059 -11.834 -11.529 2.41269401738
-1.022 -11.967 -12.549 2.57789518755
0.328 -11.298 -12.144 2.43285482807
0.732 -11.428 -10.93 2.28148428923
0.915 -10.634 -13.164 3.28197651502
2.25 -10.02 -12.961 3.374854362
1.976 -7.573 -12.516 3.21343256117
2.956 -10.028 -14.344 3.374854362
4.3 -9.38 -14.594 3.29292659605
4.557 -8.802 -15.694 3.21343256117
5.142 -9.43 -13.648 3.21343256117
3.006 -8.888 -11.057 2.11633202144
3.288 -7.892 -10.002 2.32485688748
4.796 -7.783 -9.753 2.14243103283
5.331 -7.103 -8.868 1.94074133197
2.409 -8.402 -8.83 2.32485688748
0.878 -8.354 -8.819 2.14243103283
0.46 -8.574 -7.373 2.32485688748
5.537 -8.449 -10.646 2.57572842164
6.999 -8.613 -10.73 2.72232757201
7.793 -7.309 -10.792 2.59344389372
8.881 -7.27 -10.156 2.46178430194
7.361 -9.665 -11.785 2.72232757201
7.545 -9.177 -13.109 2.53400746709
8.109 -4.997 -11.508 2.78912757715
7.151 -3.836 -11.336 2.66677603688
8.811 -5.095 -12.939 2.78912757715
7.775 -4.908 -13.943 2.61066977765
9.471 -6.44 -13.343 2.78912757715
7.534 -2.61 -11.139 2.85110369563
6.656 -1.45 -10.974 2.97245262608
5.737 -1.323 -12.151 2.8655882766
7.529 -0.23 -10.62 2.97245262608
8.77 -0.886 -10.114 2.97245262608
8.938 -2.226 -10.877 2.97245262608
6.19 -1.34 -13.38 3.18494045613
5.312 -1.301 -14.593 3.28331166428
4.336 -2.511 -14.646 3.19656430018
3.211 -2.172 -15.046 3.11200838625
6.098 -1.243 -15.892 3.28331166428
7.206 -0.206 -16.021 3.19656430018
8.12 -0.499 -16.847 3.11200838625
7.159 0.827 -15.297 3.11200838625
4.738 -3.731 -14.302 2.41269401738
3.885 -4.907 -14.269 2.57789518755
1.587 -4.809 -13.517 2.28148428923
4.65 -6.21 -13.993 2.57789518755
-0.132 -2.333 -11.572 2.75923199067
3.384 -4.56 -9.217 2.97245262608
1.187 -0.082 -12.202 2.41516305987
0.313 -0.204 -13.451 2.24769809506
-0.743 0.434 -13.541 2.06703446881
2.175 1.046 -12.294 2.41516305987
2.966 1.328 -11.053 2.41516305987
1.386 3.207 -9.816 2.41516305987
0.578 -1.014 -14.473 2.41269401738
-0.379 -1.076 -15.577 2.57789518755
-1.172 -2.345 -15.641 2.43285482807
-1.884 -2.485 -16.636 2.28148428923
-1.064 -3.235 -14.686 2.41269401738
-1.884 -4.471 -14.533 2.57789518755
-3.684 -3.009 -13.712 2.28148428923
-1.583 -5.232 -13.256 2.57789518755
-2.243 -6.535 -13.009 2.43285482807
-3.471 -6.666 -13.154 2.28148428923
-1.512 -7.574 -12.693 2.46421089331
-5.493 -3.897 -15.606 2.97245262608
-6.292 -4.434 -14.414 2.8655882766
-7.277 -3.742 -14.105 2.75923199067
-5.99 -4.39 -16.977 2.97245262608
-4.828 -5.116 -17.578 2.97245262608
-3.81 -5.374 -16.493 2.97245262608
-5.923 -5.523 -13.83 2.85110369563
-6.556 -6.099 -12.658 2.97245262608
-7.282 -4.924 -10.773 2.75923199067
-6.059 -7.447 -12.272 2.97245262608
-6.136 -8.475 -13.392 2.97245262608
-7.284 -9.419 -13.213 2.97245262608
-7.495 -10.576 -14.132 2.97245262608
-6.993 -11.875 -13.574 2.97245262608
-3.357 -3.337 -10.151 2.97245262608
-2.966 -2.09 -9.385 2.97245262608
-6.281 -0.633 -12.114 2.97245262608
-7.788 -0.691 -11.868 2.8655882766
-8.361 0.342 -11.41 2.75923199067
-5.929 -0.31 -13.559 2.97245262608
-4.756 0.65 -13.811 2.97245262608
-4.189 0.262 -15.189 2.97245262608
-4.272 1.328 -16.243 2.97245262608
-3.009 2.086 -16.651 2.97245262608
-8.365 -1.847 -12.135 2.22402568616
-9.834 -2.037 -11.899 2.41516305987
-10.248 -2.236 -10.418 2.24769809506
-11.302 -1.769 -9.941 2.06703446881
-10.259 -3.162 -12.845 2.41516305987
-9.399 -2.9 -9.598 3.23418633453
-9.666 -3.051 -8.163 3.32971220156
-8.791 -4.094 -7.494 3.32971220156
-10.515 -5.146 -5.887 3.19350007837
-10.657 -5.227 -4.563 3.28197456097
-8.261 0.385 -7.443 2.97245262608
-9.722 2.155 -6.64 2.75923199067
-11.479 1.885 -8.888 2.57789518755
-12.591 1.464 -7.882 2.43285482807
-13.254 2.353 -7.359 2.28148428923
-11.966 1.554 -10.303 2.57789518755
-12.676 2.674 -11.031 2.57789518755
-12.722 2.405 -12.548 2.57789518755
-14.078 1.749 -12.822 2.57789518755
-15.247 2.681 -12.654 2.57789518755
-12.853 0.243 -7.543 2.41269401738
-13.741 -0.347 -6.564 2.57789518755
-14.096 0.831 -4.463 2.28148428923
-13.684 -1.813 -6.38 2.57789518755
-14.158 -2.936 -7.197 2.57789518755
-13.895 -4.15 -6.327 2.57789518755
-14.233 -5.484 -6.922 2.57789518755
-14.218 -5.366 -8.378 2.57789518755
-10.157 0.191 -3.273 2.72232757201
-9.502 1.028 -2.19 2.72232757201
-10.162 -1.329 -3.147 2.72232757201
-11.655 2.963 -4.375 2.22402568616
-10.886 5.129 -5.245 2.41516305987
-9.717 5.993 -4.807 2.24769809506
-9.777 7.369 -5.495 2.41516305987
-9.677 6.255 -3.301 2.41516305987
-14.165 4.12 -4.948 2.41269401738
-15.591 4.457 -4.994 2.57789518755
-16.151 4.214 -3.584 2.43285482807
-16.925 5.08 -3.113 2.28148428923
-15.712 3.091 -3.011 2.41269401738
-16.09 2.742 -1.612 2.57789518755
-16.368 4.431 0.104 2.28148428923
-15.65 1.425 -0.991 2.57789518755
-13.773 5.401 -0.19 2.0
-14.901 7.402 0.595 1.4
-12.363 5.693 -0.663 2.0
-11.565 6.539 0.286 1.74
-10.865 5.905 1.335 1.86
-11.468 7.928 0.033 1.86
-10.15 6.734 2.164 1.86
-10.141 8.114 1.965 1.86
-15.848 8.002 -2.011 2.78912757715
-17.175 8.083 -1.274 2.66677603688
-17.593 9.146 -0.83 2.5427976846
-16.109 7.812 -3.53 2.78912757715
-15.514 9.0 -4.055 2.61066977765
-17.8 6.927 -1.183 3.46048228099
-19.092 6.848 -0.464 3.54436212661
-19.608 5.397 -0.671 3.54436212661
-20.833 4.991 0.173 3.47033660994
-21.746 5.867 0.293 3.39902103994
-21.074 3.887 0.751 3.39902103994
-17.716 6.894 1.482 2.57572842164
-17.245 7.237 2.844 2.72232757201
-17.239 8.739 3.111 2.59344389372
-17.996 11.552 2.242 2.24769809506
-18.025 12.771 2.562 2.06703446881
-15.737 11.536 1.102 2.41516305987
-14.238 11.648 1.281 2.24769809506
-13.738 10.425 2.01 2.41516305987
-13.521 11.728 -0.036 2.41516305987
-19.064 10.834 1.938 2.22402568616
-20.435 11.371 1.925 2.41516305987
-21.151 11.149 3.271 2.24769809506
-22.237 11.717 3.611 2.06703446881
-21.22 10.724 0.765 2.41516305987
-21.086 9.901 5.39 3.0287949135
-21.627 8.459 5.299 3.0287949135
-22.596 8.295 4.141 2.92608152912
-23.94 8.676 4.197 2.86177391959
-22.456 7.686 2.928 2.97082099925
-24.549 8.342 3.06 2.97082099925
-23.686 7.751 2.266 2.91219395265
-19.413 11.106 6.493 2.11633202144
-18.321 11.399 7.431 2.32485688748
-18.651 11.339 8.923 2.14243103283
-17.797 11.231 9.833 1.94074133197
-17.663 12.699 6.96 2.32485688748
-16.115 13.956 5.364 2.32485688748
-15.654 11.544 6.005 2.32485688748
-19.942 11.339 9.168 3.18494045613
-20.507 11.308 10.525 3.28331166428
-20.741 9.847 10.846 3.19656430018
-20.937 9.552 12.044 3.11200838625
-21.786 12.127 10.633 3.28331166428
-22.98 11.965 9.694 3.19656430018
-23.423 10.965 9.044 3.11200838625
-23.661 13.081 9.587 3.11200838625
-21.022 7.702 10.13 2.78912757715
-22.559 7.671 10.209 2.78912757715
-22.999 6.221 10.477 2.66677603688
-23.755 5.673 9.642 2.5427976846
-22.433 5.648 11.544 2.69295246139
-18.918 6.866 9.479 2.22402568616
-16.501 6.483 8.955 2.41516305987
-16.225 7.833 8.29 2.24769809506
-14.851 8.359 8.668 2.41516305987
-16.421 7.679 6.761 2.41516305987
-18.466 4.314 10.486 3.08160126066
-18.866 2.861 12.452 3.18635814682
-17.567 3.078 13.17 3.18635814682
-17.592 2.619 14.601 3.18635814682
-16.554 3.39 15.411 3.18635814682
-15.134 3.249 14.929 3.18635814682
-20.794 2.645 10.243 2.41269401738
-21.885 1.777 9.68 2.57789518755
-21.693 1.776 8.178 2.43285482807
-21.986 0.709 7.638 2.28148428923
-21.239 2.883 7.629 2.41269401738
-20.96 2.978 6.148 2.57789518755
-20.14 1.722 5.789 2.43285482807
-20.454 0.911 4.927 2.28148428923
-20.248 4.298 5.602 2.57789518755
-21.01 5.518 5.886 2.36497245057
-19.962 4.447 4.106 2.57789518755
-18.067 0.484 6.311 2.0
-18.3 -0.784 7.044 1.74
-16.008 1.538 4.376 1.86
-15.664 2.433 3.359 1.86
-15.647 3.831 3.638 1.86
-19.331 -1.033 7.795 2.85110369563
-20.631 -2.355 9.379 2.97245262608
-20.22 -3.647 6.581 2.41269401738
-20.181 -4.961 5.862 2.57789518755
-18.813 -5.138 5.167 2.43285482807
-18.426 -6.281 5.164 2.28148428923
-21.425 -5.203 4.943 2.57789518755
-21.49 -4.043 4.074 2.36497245057
-22.706 -5.29 5.772 2.57789518755
-18.169 -4.107 4.718 2.22402568616
-16.807 -4.154 4.155 2.41516305987
-16.459 -2.847 3.48 2.41516305987
-16.844 -2.626 2.031 2.24769809506
-16.275 -1.324 1.485 2.41516305987
-16.519 -3.837 1.116 2.41516305987
-16.634 -7.911 8.134 3.41882014206
-16.112 -8.696 6.964 3.33906215107
-15.585 -9.79 7.169 3.26182836231
-18.132 -8.233 8.292 3.41882014206
-18.885 -7.273 9.225 3.41882014206
-20.376 -7.433 9.587 3.33906215107
-21.149 -6.457 9.522 3.26182836231
-20.726 -8.608 9.938 3.26182836231
-16.188 -8.245 5.736 2.22402568616
-15.662 -8.932 4.579 2.41516305987
-16.092 -8.231 3.277 2.41516305987
-16.712 -9.916 1.512 2.41516305987
-15.228 -7.879 1.028 2.41516305987
-11.792 -9.778 8.303 2.0
-12.029 -11.267 8.047 1.74
-11.149 -12.167 7.992 1.4
-12.501 -9.321 9.606 2.0
-12.279 -10.283 11.115 1.8
-13.809 -12.978 7.967 3.374854362
-13.599 -13.636 6.632 3.29292659605
-13.362 -14.853 6.684 3.21343256117
-15.239 -13.134 8.518 3.374854362
-15.639 -12.487 9.833 3.29292659605
-16.79 -11.997 10.035 3.21343256117
-14.692 -12.475 10.685 3.21343256117
-13.635 -12.864 5.571 2.85110369563
-13.351 -13.699 4.362 2.97245262608
-11.397 -14.385 3.138 2.75923199067
-14.57 -13.496 3.445 2.97245262608
-14.223 -13.747 1.969 2.97245262608
-15.17 -14.676 1.184 2.97245262608
-15.606 -14.185 -0.216 2.97245262608
-16.936 -13.444 -0.163 2.97245262608
-10.267 -11.798 3.163 2.41516305987
-9.107 -11.996 4.13 2.24769809506
-8.024 -12.201 3.538 2.06703446881
-10.408 -10.336 2.641 2.41516305987
-11.635 -8.747 1.189 2.41516305987
-11.418 -11.065 0.426 2.41516305987
-8.165 -12.156 6.364 3.0287949135
-5.899 -11.308 6.385 2.8243183199
-7.441 -13.516 6.355 3.0287949135
-9.46 -14.732 7.329 2.86177391959
-8.724 -15.553 5.402 2.97082099925
-10.208 -15.769 7.054 2.97082099925
-9.815 -16.251 5.879 2.91219395265
-7.409 -8.456 3.229 3.54436212661
-5.006 -8.011 7.356 3.62225757892
-3.117 -7.651 8.844 3.69904372689
-2.28 -6.935 9.869 3.63125461652
-1.063 -7.22 9.982 3.56629383662
-2.918 -6.058 10.464 3.56629383662
-4.987 -1.686 8.819 3.11200838625
-6.855 -3.652 10.595 3.28331166428
-7.012 -5.002 11.141 3.28331166428
-6.198 -6.045 10.471 3.28331166428
-3.607 -3.176 9.508 3.46048228099
-2.38 -1.944 7.847 3.47033660994
-1.17 -3.072 9.765 3.54436212661
0.121 -2.227 9.675 3.54436212661
0.032 -0.928 10.438 3.47033660994
0.534 0.098 10.026 3.39902103994
-0.656 -0.956 11.484 3.39902103994
-2.811 -2.743 6.923 2.65003072421
-2.819 -2.473 5.482 2.78912757715
-2.324 -4.842 4.768 2.66677603688
-2.446 -5.959 5.333 2.5427976846
-1.176 -4.589 4.172 2.69295246139
-5.689 0.076 5.772 2.0
-5.23 2.423 5.419 1.4
-7.013 -0.027 6.567 2.0
-8.363 -1.923 7.571 1.86
-3.205 2.487 7.38 2.65207782941
-2.122 2.706 6.304 2.51571213812
-1.941 3.868 5.991 2.37505611705
-2.533 2.409 8.745 2.65207782941
-3.632 2.008 9.745 2.65207782941
-3.381 2.045 11.243 2.65207782941
-4.03 0.983 11.905 2.49687256947
-4.103 -0.207 12.437 2.51571213812
-5.431 -0.502 12.666 2.54507232427
-3.092 -1.058 12.751 2.54507232427
-0.521 1.879 4.692 2.22693058289
-0.721 3.595 3.065 1.79544509739
1.568 -1.404 4.826 2.22693058289
2.007 0.891 5.784 2.22693058289
-3.401 3.966 2.238 2.02565795104
-3.228 4.802 1.311 1.79544509739
-4.292 1.694 1.643 2.22693058289
-5.037 2.153 0.375 2.02565795104
-4.285 2.111 -0.928 2.22693058289
-6.276 1.232 0.219 2.22693058289
-3.845 4.419 3.394 2.85110369563
-4.182 5.795 3.549 2.97245262608
-1.832 6.139 3.835 2.41269401738
-0.246 7.154 2.203 2.43285482807
0.023 8.31 1.809 2.28148428923
0.488 6.507 4.61 2.57789518755
0.16 7.191 5.977 2.43285482807
-0.55 8.207 6.168 2.28148428923
0.738 6.537 6.986 2.46421089331
-0.239 6.085 1.472 2.57572842164
0.009 6.091 0.002 2.72232757201
1.084 3.929 0.155 2.72232757201
-4.644 7.505 -0.435 2.72232757201
-5.924 8.196 -2.507 2.72232757201
-7.012 7.906 -0.149 2.72232757201
0.637 11.034 -2.757 1.74
1.194 11.974 -3.315 1.4
2.104 9.536 -1.247 2.0
3.159 9.663 0.254 1.8
-1.026 10.37 -4.541 2.41516305987
-1.803 11.693 -4.509 2.24769809506
-1.595 12.431 -5.548 2.06703446881
-2.716 8.884 -5.953 2.41516305987
-0.664 7.971 -5.099 2.41516305987
-3.158 13.513 -3.555 2.97245262608
-6.018 12.759 -3.588 2.97245262608
0.913 16.513 -5.055 3.39902103994
1.68 14.115 -6.306 2.49917816808
0.846 14.809 -7.382 2.34393302806
1.403 15.564 -8.188 2.17953443166
1.831 12.654 -6.723 2.49917816808
2.767 12.503 -7.882 2.34393302806
2.508 11.695 -8.982 2.24148947735
3.977 13.15 -8.039 2.41269040159
3.576 11.814 -9.75 2.41269040159
-0.452 14.656 -7.367 2.32219197539
-1.438 15.223 -8.263 2.49917816808
-1.704 16.71 -8.049 2.34393302806
-1.761 17.371 -9.08 2.17953443166
-2.882 14.638 -8.153 2.49917816808
-3.207 13.398 -8.883 2.34393302806
-2.53 12.188 -8.787 2.24148947735
-4.209 13.138 -9.778 2.41269040159
-3.046 11.204 -9.557 2.41269040159
-4.07 11.785 -10.168 2.32219197539
-2.339 18.585 -6.67 2.0
-1.165 19.481 -6.437 1.74
-1.378 20.702 -6.36 1.4
-5.556 18.603 -6.794 1.86
-6.005 15.962 -6.08 1.86
-6.712 17.954 -7.272 1.86
-6.932 16.616 -6.921 1.86
0.057 19.008 -6.301 2.57572842164
1.119 19.963 -6.015 2.72232757201
0.541 20.513 -3.683 2.46178430194
1.1 22.148 -4.999 2.7203848681
1.056 23.261 -4.062 2.85287250891
-0.348 23.364 -3.506 2.73628278469
-0.521 23.899 -2.451 2.61895377264
1.431 24.612 -4.667 2.85287250891
2.514 25.516 -4.046 2.85287250891
4.015 25.234 -4.387 2.85287250891
5.027 25.895 -3.428 2.85287250891
6.408 26.165 -4.007 2.85287250891
-1.255 22.871 -4.293 3.32841402621
-2.692 22.943 -3.954 3.41882014206
-4.134 22.266 -2.125 3.26182836231
-3.581 22.675 -5.161 3.41882014206
-4.904 23.405 -5.208 3.41882014206
-5.911 22.911 -6.222 3.33906215107
-7.121 22.794 -5.924 3.26182836231
-5.415 22.608 -7.319 3.26182836231
-1.572 20.741 -0.268 1.74
-0.477 20.213 0.038 1.4
-1.286 22.479 1.528 2.97245262608
-1.994 23.853 1.741 2.97245262608
-3.385 23.705 2.105 2.81719981417
-2.053 24.584 0.382 2.97245262608
1.613 22.962 4.725 2.78912757715
0.466 23.411 3.805 2.78912757715
-3.723 22.244 6.319 2.78912757715
-4.697 21.3 5.655 2.66677603688
-5.507 20.626 6.367 2.5427976846
-4.15 23.701 6.184 2.78912757715
-2.805 24.463 6.205 2.78912757715
-1.978 23.593 5.271 2.78912757715
-5.443 20.272 3.584 2.72232757201
-5.904 19.334 1.241 2.72232757201
-6.442 21.738 1.91 2.72232757201
-4.026 17.624 8.065 2.41516305987
-5.513 17.167 8.001 2.24769809506
-5.889 16.097 8.606 2.06703446881
-3.537 18.807 8.901 2.41516305987
-6.469 17.767 7.31 2.22402568616
-8.673 18.281 6.286 2.41516305987
-5.829 11.988 8.478 2.8655882766
-5.876 10.825 8.853 2.75923199067
-3.621 13.137 8.341 2.97245262608
-1.831 10.97 7.244 2.88830125379
-6.716 12.831 8.937 2.91219395265
-7.902 12.58 9.792 3.0287949135
-9.448 10.708 9.596 2.8243183199
-8.086 14.408 11.339 3.0287949135
-8.832 15.727 11.488 3.0287949135
-8.072 16.785 12.245 3.0287949135
-9.005 17.934 12.547 3.0287949135
-11.199 11.088 4.85 2.32485688748
-11.275 13.188 6.276 2.32485688748
-7.838 8.169 6.202 2.32485688748
-7.757 7.363 7.452 2.14243103283
-7.882 6.146 7.443 1.94074133197
-5.207 8.478 6.008 2.32485688748
-6.761 8.311 3.99 2.32485688748
-7.447 7.442 9.861 2.57789518755
-8.904 7.058 10.208 2.43285482807
-9.186 5.919 10.562 2.28148428923
-6.808 8.247 10.947 2.57789518755
-9.793 7.986 10.029 2.57572842164
-11.214 7.665 10.272 2.72232757201
-12.212 5.554 10.035 2.46178430194
-11.444 5.547 5.803 2.72232757201
-11.775 4.362 4.919 2.72232757201
-12.084 6.85 5.483 2.72232757201
-9.672 3.964 8.105 2.22402568616
-8.963 2.768 8.574 2.41516305987
-9.592 2.246 9.824 2.24769809506
-9.664 1.003 10.094 2.06703446881
-7.427 3.088 8.745 2.41516305987
-10.671 2.662 11.984 2.72232757201
-12.156 0.979 12.365 2.46178430194
-10.855 3.755 13.042 2.72232757201
-9.466 4.219 13.426 2.59344389372
-8.397 3.569 13.205 2.46178430194
-9.337 5.398 14.045 2.62109821036
-12.875 2.58 10.983 2.57572842164
-14.231 2.085 10.537 2.72232757201
-14.83 3.156 9.631 2.72232757201
-11.522 0.328 4.956 3.54436212661
-10.882 -2.348 11.443 2.57789518755
-11.9 -2.686 12.529 2.43285482807
-11.87 -3.549 13.395 2.28148428923
-9.747 -1.469 12.019 2.57789518755
-12.969 -1.952 12.586 2.91219395265
-14.022 -1.975 13.615 3.0287949135
-14.855 -3.754 15.048 2.8243183199
-14.925 -0.689 13.431 3.0287949135
-15.55 -0.052 15.874 2.97082099925
-17.543 -0.82 15.952 2.97082099925
-16.646 -0.193 16.716 2.91219395265
-15.709 -5.384 13.04 2.97245262608
-14.752 -6.561 13.112 2.8655882766
-15.19 -7.738 13.036 2.75923199067
-16.541 -5.634 11.776 2.97245262608
-17.688 -4.726 11.588 2.97245262608
-18.503 -4.112 12.749 2.97245262608
-18.522 -2.668 12.202 2.97245262608
-19.085 -1.591 12.967 2.97245262608
-13.483 -6.29 13.283 2.97082338406
-12.695 -8.005 14.815 2.98417189675
-12.908 -7.242 15.759 2.88653560143
-11.13 -7.02 13.147 3.08311555793
-9.786 -7.709 11.214 3.02722347308
-12.53 -9.293 14.967 2.57572842164
-12.718 -10.106 16.148 2.72232757201
-11.815 -11.331 16.129 2.59344389372
-11.338 -11.553 14.983 2.46178430194
-14.254 -10.558 16.122 2.72232757201
-14.641 -11.359 14.899 2.59344389372
-14.614 -12.716 14.806 2.51075987144
-14.991 -10.903 13.652 2.65002772709
-14.919 -13.096 13.563 2.65002772709
-15.164 -11.995 12.884 2.57572842164
-11.631 -11.991 17.153 2.46178430194
21.28 -3.058 19.914 2.11633202144
22.723 -3.364 20.205 2.32485688748
22.871 -4.1 21.551 2.14243103283
22.867 -3.512 22.674 1.94074133197
23.646 -2.14 20.026 2.32485688748
23.608 -1.04 21.117 2.32485688748
25.066 -2.691 19.771 2.32485688748
23.022 -5.415 21.365 2.11633202144
23.181 -6.284 22.541 2.32485688748
24.576 -6.099 23.16 2.14243103283
25.572 -6.318 22.44 1.94074133197
22.787 -7.682 22.144 2.32485688748
20.442 -7.023 22.826 2.32485688748
20.991 -9.205 21.663 2.32485688748
24.552 -5.657 24.413 2.85110369563
25.742 -5.473 25.241 2.97245262608
25.607 -4.371 26.288 2.97245262608
24.919 -4.978 27.408 2.81719981417
27.629 -8.289 27.057 2.97245262608
26.779 -8.567 28.285 2.8655882766
26.502 -9.756 28.51 2.75923199067
29.116 -8.151 27.283 2.97245262608
29.547 -6.859 26.67 2.97245262608
28.283 -6.058 26.415 2.97245262608
26.323 -7.6 29.039 2.41269401738
25.383 -7.823 30.176 2.57789518755
23.38 -9.327 30.021 2.28148428923
25.273 -6.492 30.886 2.57789518755
23.631 -7.57 28.585 3.62225757892
22.388 -7.972 27.905 3.69904372689
21.572 -5.902 26.826 3.63125461652
20.979 -5.755 27.905 3.56629383662
21.904 -5.15 25.871 3.56629383662
23.692 -12.148 27.433 3.09401308242
24.952 -11.32 25.479 3.18635814682
24.724 -10.617 24.127 3.18635814682
26.039 -10.771 23.369 3.18635814682
26.289 -9.456 22.664 3.18635814682
27.634 -9.374 21.973 3.18635814682
24.129 -11.727 28.606 2.41269401738
24.27 -12.631 29.764 2.57789518755
22.899 -12.888 30.367 2.43285482807
22.63 -14.038 30.631 2.28148428923
25.322 -12.01 30.774 2.57789518755
26.626 -12.241 30.116 2.36497245057
25.333 -12.62 32.166 2.57789518755
20.945 -11.536 31.013 2.78912757715
19.282 -13.306 31.081 2.5427976846
21.09 -9.299 32.02 2.66677603688
21.498 -10.011 32.953 2.5427976846
21.119 -7.992 32.114 2.69295246139
21.3 -16.502 28.417 2.97245262608
20.845 -17.126 29.73 2.8655882766
20.498 -18.345 29.754 2.75923199067
22.735 -16.862 28.093 2.97245262608
23.299 -16.427 26.734 2.97245262608
24.61 -17.182 26.45 2.97245262608
25.379 -16.599 25.264 2.97245262608
25.566 -15.118 25.392 2.97245262608
20.813 -16.318 30.801 2.11633202144
20.345 -16.838 32.115 2.32485688748
18.807 -16.936 32.17 2.14243103283
18.492 -18.071 32.616 1.94074133197
20.877 -16.039 33.276 2.32485688748
18.033 -15.912 31.771 2.11633202144
16.559 -16.117 31.82 2.32485688748
15.964 -14.822 31.242 2.32485688748
16.2 -20.87 29.03 2.75923199067
16.789 -18.025 27.402 2.97245262608
16.457 -20.022 25.788 2.91219147086
15.435 -20.532 24.985 2.85110369563
17.957 -19.838 29.903 2.41269401738
18.429 -21.171 30.34 2.57789518755
17.372 -21.679 31.332 2.43285482807
17.17 -22.916 31.474 2.28148428923
16.702 -20.771 32.012 2.7203848681
15.694 -21.189 33.027 2.85287250891
14.37 -21.644 32.447 2.73628278469
13.791 -22.625 33.003 2.61895377264
15.492 -20.113 34.099 2.85287250891
16.687 -19.988 35.087 2.85287250891
16.464 -20.584 36.489 2.85287250891
14.971 -20.747 36.81 2.85287250891
14.482 -20.662 38.228 2.85287250891
12.643 -21.502 30.791 2.72232757201
12.037 -23.861 30.807 2.46178430194
12.349 -21.303 28.288 2.72232757201
14.082 -23.301 30.012 2.41269401738
14.499 -24.696 29.795 2.57789518755
13.476 -25.63 29.281 2.43285482807
12.726 -25.213 28.339 2.28148428923
13.32 -26.853 29.724 2.22402568616
12.282 -27.714 29.117 2.41516305987
10.882 -27.143 28.953 2.24769809506
9.944 -27.794 28.371 2.06703446881
12.353 -29.011 29.959 2.41516305987
9.233 -25.302 29.279 3.0287949135
9.122 -24.34 28.087 2.92608152912
8.817 -25.211 31.67 2.92608152912
7.895 -26.185 31.986 2.86177391959
9.797 -25.225 32.638 2.97082099925
8.257 -26.797 33.088 2.97082099925
9.372 -26.207 33.479 2.91219395265
10.233 -24.131 27.371 2.85110369563
11.576 -23.216 25.548 2.97245262608
8.653 -24.566 25.053 2.41269401738
7.544 -24.959 24.215 2.57789518755
6.15 -24.543 24.703 2.43285482807
5.324 -24.176 23.83 2.28148428923
5.967 -24.677 26.034 3.18494045613
4.727 -24.274 26.65 3.28331166428
4.595 -22.758 26.77 3.19656430018
3.469 -22.305 26.724 3.11200838625
4.778 -24.642 28.106 3.28331166428
4.828 -26.128 28.402 3.28331166428
5.118 -26.129 29.929 3.19656430018
4.998 -25.047 30.504 3.11200838625
5.403 -27.31 30.186 3.11200838625
6.338 -21.349 29.546 3.23418432231
8.627 -20.583 31.005 3.23418432231
6.495 -21.794 30.838 3.23418432231
7.774 -21.909 32.805 3.15786376808
1.397 -20.867 23.78 2.59344389372
0.395 -20.239 23.375 2.46178430194
1.785 -23.383 23.201 2.72232757201
1.856 -20.572 25.001 2.78727690768
1.245 -19.577 25.9 2.91388939885
0.315 -17.397 25.42 2.69092106381
1.879 -19.591 27.306 2.91388939885
1.127 -18.667 28.244 2.91388939885
1.462 -18.627 29.714 2.80242708673
1.452 -17.553 30.269 2.69092106381
1.745 -19.789 30.105 2.69092106381
-2.665 -17.696 22.987 2.91388939885
-3.969 -15.691 23.332 2.69092106381
-2.936 -18.782 24.027 2.91388939885
-4.353 -18.65 24.592 2.91388939885
-4.763 -19.798 25.53 2.80242708673
-5.826 -19.642 26.157 2.69092106381
-3.899 -20.747 25.525 2.69092106381
-0.541 -15.419 31.212 4.86871893522
-5.759 -13.437 20.461 1.74
-6.703 -13.015 19.76 1.4
-4.817 -15.496 19.357 2.0
-3.574 -17.593 18.666 1.86
-6.758 -12.935 22.589 2.41516305987
-7.696 -10.711 22.725 2.06703446881
-6.795 -13.63 23.963 2.41516305987
-7.304 -15.043 23.885 2.24769809506
-7.372 -15.624 25.279 2.41516305987
-8.682 -14.983 23.255 2.41516305987
-5.243 -9.526 23.326 3.18635814682
-5.212 -8.726 22.059 3.09401308242
-5.609 -7.556 22.217 3.00350354728
-4.492 -8.577 19.695 2.0
-5.138 -9.392 18.572 1.74
-2.971 -8.348 19.611 2.0
-2.506 -6.223 20.919 1.86
-0.843 -7.553 22.687 1.86
-1.999 -5.548 22.016 1.86
-1.117 -6.223 22.902 1.86
-6.857 -10.091 16.113 2.98417189675
-6.932 -11.028 15.312 2.88653560143
-8.68 -10.057 17.985 3.08311555793
-8.792 -8.833 18.834 3.08311555793
-7.397 -8.621 19.389 3.08311555793
-6.34 -8.959 15.694 2.41269401738
-5.847 -8.759 14.34 2.57789518755
-4.767 -9.752 13.95 2.43285482807
-4.515 -9.981 12.731 2.28148428923
-5.293 -7.326 14.085 2.57789518755
-4.198 -6.99 14.956 2.36497245057
-6.329 -6.205 14.157 2.57789518755
-2.924 -11.152 14.567 2.57789518755
-5.498 -14.055 12.395 2.92608152912
-5.677 -15.205 11.917 2.8243183199
-6.638 -14.085 14.607 3.0287949135
-6.521 -14.752 15.976 3.0287949135
-7.535 -14.069 16.827 3.0287949135
-8.894 -14.245 16.225 3.0287949135
-9.977 -14.117 17.201 3.0287949135
-5.443 -12.909 11.729 2.41269401738
-5.54 -12.766 10.269 2.57789518755
-4.5 -13.647 9.548 2.43285482807
-4.734 -14.199 8.451 2.28148428923
-5.59 -11.281 9.704 2.57789518755
-4.281 -10.774 10.084 2.36497245057
-6.718 -10.428 10.19 2.57789518755
-2.295 -14.794 9.698 2.78912757715
-1.672 -17.067 9.373 2.5427976846
-0.945 -14.315 10.358 2.78912757715
-0.071 -12.58 8.661 2.72038202399
0.131 -11.271 8.231 2.72038202399
-0.665 -10.582 10.301 2.72038202399
-0.163 -10.24 9.07 2.66677603688
-0.023 -8.866 8.879 2.61066977765
-4.984 -18.608 10.753 1.74
-5.475 -19.358 11.602 1.4
-6.823 -18.518 9.123 2.97245262608
-7.111 -20.004 8.999 2.8655882766
-8.282 -20.4 8.965 2.75923199067
-6.901 -17.927 7.721 2.97245262608
-5.556 -17.377 7.339 2.97245262608
-4.757 -17.289 8.63 2.97245262608
-6.13 -20.821 8.853 2.65003072421
-6.062 -22.257 8.701 2.78912757715
-5.829 -22.982 10.026 2.66677603688
-5.664 -24.232 10.088 2.5427976846
-4.843 -22.609 7.771 2.78912757715
-3.48 -22.057 8.151 2.66677603688
-3.179 -20.76 8.484 2.58878484312
-2.317 -22.774 8.21 2.72038202399
-1.886 -20.65 8.708 2.72038202399
-1.383 -21.853 8.562 2.65003072421
-5.686 -22.161 11.073 1.7
-6.663 -23.025 13.181 1.74
-7.468 -22.067 13.068 1.4
-0.965 -23.037 11.975 1.86
-0.223 -22.786 13.13 1.86
-6.733 -24.049 13.986 3.46048228099
-7.818 -24.081 14.99 3.54436212661
-8.163 -25.488 15.356 3.54436212661
-8.839 -25.68 16.719 3.47033660994
-9.709 -24.905 17.151 3.39902103994
-8.412 -26.709 17.344 3.39902103994
-7.633 -22.052 16.385 2.22402568616
-7.651 -21.222 18.733 2.24769809506
-7.161 -20.573 19.695 2.06703446881
-7.314 -19.748 16.699 2.41516305987
-6.357 -19.504 15.523 2.24769809506
-6.417 -18.018 15.217 2.41516305987
-8.644 -22.083 18.818 2.57572842164
-9.296 -22.339 20.132 2.72232757201
-8.298 -22.857 21.176 2.59344389372
-7.167 -23.381 20.992 2.46178430194
-10.554 -23.157 19.868 2.72232757201
-10.367 -24.546 19.885 2.53400746709
-8.719 -22.648 22.432 2.65003072421
-7.921 -23.085 23.591 2.78912757715
-7.387 -24.528 23.651 2.66677603688
-8.177 -25.481 23.729 2.5427976846
-8.712 -23.026 24.954 2.78912757715
-7.696 -23.041 26.084 2.66677603688
-6.34 -22.807 25.864 2.58878484312
-7.864 -23.259 27.412 2.72038202399
-5.698 -22.887 27.033 2.72038202399
-6.607 -23.155 27.976 2.65003072421
-6.075 -24.613 23.7 2.41269401738
-5.448 -25.941 23.775 2.57789518755
-5.261 -26.533 22.374 2.43285482807
-4.859 -27.726 22.262 2.28148428923
-5.547 -25.719 21.35 2.65003072421
-5.37 -26.218 19.953 2.78912757715
-3.082 -26.631 20.45 2.5427976846
-5.316 -24.975 19.084 2.78912757715
-4.945 -25.412 17.796 2.61066977765
-4.085 -28.187 19.135 2.22402568616
-2.864 -28.997 18.962 2.41516305987
-1.98 -28.24 17.927 2.24769809506
-0.727 -28.367 17.878 2.06703446881
-2.976 -30.427 18.478 2.41516305987
-2.72 -27.457 17.127 2.41269401738
-2.101 -26.589 16.128 2.57789518755
-0.177 -25.348 16.43 2.28148428923
-3.085 -25.989 15.117 2.57789518755
-3.327 -26.85 13.872 2.57789518755
-4.274 -26.271 12.86 2.43285482807
-5.46 -26.149 13.095 2.28148428923
-3.727 -25.871 11.721 2.46421089331
-2.228 -22.873 19.348 2.72232757201
-1.459 -22.096 20.432 2.72232757201
-3.045 -22.02 18.424 2.72232757201
-0.225 -25.487 19.727 2.7203848681
0.811 -26.105 20.548 2.85287250891
2.081 -26.328 19.742 2.73628278469
3.229 -25.998 20.12 2.61895377264
0.361 -27.471 21.021 2.85287250891
0.389 -27.766 22.513 2.85287250891
-1.01 -27.677 23.166 2.85287250891
-1.211 -28.792 24.203 2.85287250891
-0.601 -30.109 23.733 2.85287250891
1.792 -27.026 18.648 2.41269401738
2.899 -27.422 17.788 2.57789518755
3.649 -26.147 17.476 2.43285482807
4.866 -26.078 17.538 2.28148428923
2.88 -25.17 17.108 4.2720216845
2.269 -23.009 16.022 4.32767651728
6.068 -24.471 20.067 2.49687256947
6.89 -26.702 19.995 2.65207782941
8.054 -27.672 19.961 2.65207782941
9.303 -27.233 20.742 2.65207782941
10.289 -28.388 20.988 2.65207782941
10.159 -29.369 19.874 2.65207782941
8.533 -24.153 16.74 2.65207782941
10.196 -22.442 16.676 2.37505611705
7.773 -24.029 15.424 2.65207782941
7.358 -25.37 14.837 2.65207782941
5.912 -25.161 14.43 2.65207782941
5.404 -25.737 13.115 2.65207782941
4.308 -24.766 12.639 2.65207782941
11.644 -22.042 20.77 2.8655882766
9.615 -22.209 22.223 2.97245262608
11.714 -23.034 19.939 3.18494045613
12.866 -23.68 19.321 3.28331166428
13.683 -22.625 18.565 3.19656430018
14.917 -22.553 18.696 3.11200838625
12.554 -24.851 18.386 3.28331166428
12.122 -26.132 19.087 3.19656430018
11.677 -27.064 18.361 3.11200838625
12.204 -26.128 20.353 3.11200838625
13.079 -21.792 17.758 2.41269401738
13.708 -20.692 17.035 2.57789518755
15.385 -19.088 17.669 2.28148428923
12.737 -19.995 16.03 2.57789518755
16.505 -20.962 21.8 2.78912757715
18.974 -20.767 21.536 2.5427976846
16.107 -22.48 21.997 2.78912757715
14.945 -22.703 22.845 2.61066977765
17.424 -23.208 22.431 2.78912757715
18.751 -21.149 18.716 2.78912757715
18.33 -21.978 17.515 2.78912757715
19.225 -21.855 16.3 2.66677603688
20.128 -22.679 15.985 2.5427976846
19.02 -20.818 15.474 2.69295246139
21.298 -17.881 22.063 2.43285482807
22.23 -17.094 22.245 2.28148428923
19.012 -17.936 23.288 2.57789518755
19.814 -18.083 24.551 2.57789518755
21.482 -19.125 21.73 2.22402568616
22.725 -19.796 21.449 2.41516305987
23.489 -19.211 20.252 2.24769809506
24.557 -19.871 20.116 2.06703446881
22.588 -21.278 21.111 2.41516305987
23.87 -17.583 18.359 3.18635814682
23.385 -17.925 16.926 3.18635814682
24.541 -20.104 16.332 3.03669634378
22.605 -20.395 17.171 3.13412054803
24.35 -21.44 16.37 3.13412054803
23.17 -21.631 16.887 3.08160126066
23.515 -15.552 19.543 2.22402568616
23.827 -11.917 18.841 2.06703446881
23.382 -13.974 21.362 2.41516305987
22.335 -13.161 22.081 2.41516305987
23.459 -15.347 21.996 2.41516305987
26.478 -13.234 18.326 2.85287250891
26.44 -13.114 16.794 2.73628278469
27.086 -12.17 16.272 2.61895377264
27.693 -13.957 18.951 2.85287250891
28.244 -13.276 20.22 2.73628278469
28.307 -12.0 20.133 2.61895377264
28.609 -13.949 21.239 2.61895377264
25.656 -13.967 16.163 2.7203848681
25.432 -14.074 14.722 2.85287250891
23.846 -15.612 13.863 2.61895377264
26.329 -15.2 14.223 2.85287250891
26.907 -15.101 12.803 2.73628278469
27.388 -14.008 12.318 2.61895377264
26.806 -16.318 12.361 2.61895377264
23.069 -13.603 14.914 2.57572842164
20.988 -12.92 15.72 2.72232757201
19.826 -11.07 18.0 2.72232757201
21.725 -12.819 11.136 2.97245262608
21.796 -14.133 10.374 2.8655882766
20.854 -14.516 9.656 2.75923199067
22.712 -11.752 10.662 2.97245262608
22.773 -10.863 11.885 2.97245262608
22.804 -11.889 13.056 2.97245262608
22.909 -14.801 10.571 2.41269401738
23.123 -16.074 9.9 2.57789518755
22.299 -17.158 10.515 2.43285482807
21.919 -18.019 9.736 2.28148428923
24.61 -16.533 9.963 2.57789518755
25.355 -15.404 9.228 2.43285482807
25.665 -14.362 9.898 2.28148428923
25.442 -15.735 7.912 2.46421089331
22.193 -17.088 11.817 2.22402568616
21.389 -18.167 12.441 2.41516305987
19.872 -18.112 12.126 2.24769809506
19.151 -19.164 12.135 2.06703446881
21.665 -18.058 13.956 2.41516305987
17.876 -16.767 11.688 2.72232757201
17.524 -16.511 10.227 2.59344389372
16.828 -17.173 14.414 2.72232757201
18.556 -16.77 9.369 2.65003072421
18.406 -16.455 7.93 2.78912757715
17.303 -17.264 7.237 2.66677603688
19.681 -16.286 7.095 2.78912757715
19.983 -17.413 6.306 2.61066977765
17.179 -18.55 7.421 2.22402568616
16.104 -19.237 6.679 2.41516305987
14.715 -18.6 6.899 2.24769809506
13.88 -18.469 5.965 2.06703446881
16.191 -20.713 7.035 2.41516305987
14.576 -18.22 8.158 2.22402568616
13.396 -17.588 8.757 2.41516305987
13.443 -17.735 10.265 2.41516305987
12.636 -20.016 10.836 2.41516305987
13.042 -18.346 12.59 2.41516305987
14.88 -12.864 7.699 3.54436212661
15.952 -13.778 7.544 3.43758922265
12.017 -15.816 4.238 3.47033660994
11.151 -15.232 3.591 3.39902103994
14.357 -16.557 3.652 3.54436212661
15.686 -16.115 2.971 3.47033660994
15.781 -14.895 2.589 3.39902103994
16.712 -16.919 2.801 3.39902103994
11.74 -16.862 5.024 2.22402568616
10.34 -17.318 5.17 2.41516305987
10.429 -18.373 6.29 2.41516305987
8.635 -19.708 5.419 2.41516305987
8.918 -19.604 7.967 2.41516305987
9.196 -12.195 2.879 2.59344389372
8.446 -11.399 2.258 2.46178430194
11.325 -11.349 4.112 2.72232757201
9.036 -13.824 1.147 2.85287250891
7.875 -14.752 0.989 2.73628278469
7.442 -14.771 -0.178 2.61895377264
10.149 -14.473 0.214 2.85287250891
11.382 -13.579 0.379 2.73628278469
11.332 -12.172 0.345 2.66237033299
12.683 -13.93 0.633 2.78727419845
12.547 -11.699 0.597 2.78727419845
13.367 -12.746 0.761 2.7203848681
7.596 -15.412 2.098 2.7203848681
6.438 -16.33 1.946 2.85287250891
5.276 -15.883 2.862 2.73628278469
4.242 -15.545 2.229 2.61895377264
6.824 -17.806 2.015 2.85287250891
5.49 -18.575 2.288 2.85287250891
5.538 -19.965 2.946 2.85287250891
4.322 -20.433 3.742 2.85287250891
4.673 -21.594 4.635 2.85287250891
4.477 -15.467 5.178 2.57789518755
2.943 -13.803 5.166 2.28148428923
4.92 -15.636 6.62 2.57789518755
4.528 -18.1 6.6 2.57789518755
2.989 -10.235 5.335 2.5427976846
4.172 -11.515 3.228 2.78912757715
5.346 -11.359 2.235 2.78912757715
5.026 -12.362 1.21 2.78912757715
4.655 -11.798 -0.056 2.65003072421
3.933 -12.671 -0.803 2.66677603688
3.52 -12.36 -2.032 2.69295246139
3.553 -13.868 -0.383 2.69295246139
3.948 -13.065 9.178 3.54436212661
2.977 -8.39 8.421 3.46048228099
3.333 -6.989 8.554 3.54436212661
2.11 -6.098 8.614 3.54436212661
2.421 -4.612 8.547 3.47033660994
2.204 -3.929 7.535 3.39902103994
2.805 -4.073 9.586 3.39902103994
6.271 -5.711 10.672 2.97245262608
5.656 -5.386 12.004 2.8655882766
6.267 -5.665 13.036 2.75923199067
7.085 -4.545 10.073 2.97245262608
7.162 -4.913 8.612 2.97245262608
5.769 -5.43 8.28 2.97245262608
4.521 -4.718 12.073 2.22402568616
3.898 -4.329 13.362 2.41516305987
3.454 -5.28 15.357 2.06703446881
2.676 -3.381 13.342 2.41516305987
3.002 -2.212 12.397 2.41516305987
1.301 -3.976 13.003 2.41516305987
0.113 -8.362 13.762 4.28874139447
6.556 -7.976 17.138 1.74
7.811 -8.39 14.866 2.0
6.253 -6.755 17.361 2.7203848681
6.12 -6.063 18.604 2.85287250891
4.985 -6.685 19.457 2.73628278469
5.212 -6.513 20.665 2.61895377264
5.697 -4.585 18.496 2.85287250891
6.386 -3.865 17.4 2.85287250891
6.215 -2.372 17.402 2.85287250891
6.946 -1.623 18.53 2.85287250891
8.185 -0.792 18.181 2.85287250891
2.782 -7.717 19.63 2.72232757201
-0.164 -6.64 17.226 2.72232757201
1.002 -5.323 18.967 2.72232757201
6.815 -9.414 23.001 2.8655882766
7.234 -10.009 24.002 2.75923199067
8.264 -8.593 21.052 2.97245262608
8.995 -9.038 19.908 2.81719981417
5.919 -8.495 23.166 2.91219395265
5.184 -8.097 24.347 3.0287949135
4.098 -7.042 23.936 3.0287949135
3.307 -6.697 25.159 2.92608152912
3.836 -6.113 26.291 2.86177391959
1.978 -6.915 25.44 2.97082099925
2.875 -5.976 27.214 2.97082099925
7.855 -9.304 27.358 2.97245262608
9.278 -7.349 26.932 2.97245262608
6.66 -13.497 36.139 2.06703446881
4.36 -14.638 34.996 2.41516305987
4.972 -15.993 35.425 2.24769809506
4.367 -16.558 36.372 2.06703446881
3.162 -14.907 34.081 2.41516305987
6.717 -17.701 34.979 2.97245262608
8.602 -18.563 36.191 2.75923199067
6.756 -18.661 33.747 2.97245262608
5.452 -19.223 33.213 2.8655882766
4.793 -20.373 33.609 2.79843848817
4.653 -18.79 32.19 2.91219147086
3.718 -20.628 32.874 2.91219147086
3.592 -19.628 32.048 2.85110369563
10.155 -16.325 36.088 2.97245262608
11.315 -18.49 34.535 2.97245262608
9.1 -14.242 38.991 2.97245262608
10.471 -13.766 39.508 2.8655882766
10.816 -12.555 39.283 2.75923199067
8.028 -14.89 39.885 2.97245262608
7.625 -16.246 39.437 2.97245262608
8.549 -16.568 38.266 2.97245262608
11.299 -14.654 40.071 2.22402568616
12.634 -14.385 40.576 2.41516305987
13.553 -13.788 39.518 2.24769809506
14.123 -12.738 39.862 2.06703446881
13.335 -15.637 41.145 2.41516305987
14.656 -13.735 37.383 3.54436212661
15.132 -11.859 36.083 3.39902103994
15.072 -14.677 36.236 3.54436212661
14.474 -16.071 36.199 3.54436212661
14.456 -16.854 37.453 3.47033660994
13.512 -17.511 37.908 3.39902103994
15.577 -16.732 38.015 3.39902103994
12.951 -12.302 36.474 1.7
12.43 -9.94 36.366 1.74
11.586 -9.117 36.753 1.4
13.738 -9.676 36.489 2.65003072421
14.256 -8.427 37.085 2.78912757715
15.745 -8.799 37.487 2.78912757715
16.216 -7.623 38.184 2.61066977765
16.828 -9.026 36.422 2.78912757715
14.168 -3.649 36.613 3.54436212661
13.656 -4.216 37.938 3.54436212661
14.185 -5.646 38.023 3.54436212661
16.558 -5.077 35.125 2.41269401738
17.665 -5.157 34.182 2.57789518755
17.8 -6.089 32.17 2.28148428923
19.071 -5.122 34.793 2.57789518755
16.967 -7.587 33.689 2.57572842164
16.075 -11.135 32.545 2.72232757201
17.826 -10.582 34.117 2.72232757201
10.607 -5.788 30.731 4.29963896156
9.386 -5.127 30.863 4.2720216845
16.11 -5.193 28.568 2.59344389372
15.939 -4.981 27.328 2.46178430194
16.085 -3.21 30.178 2.72232757201
16.88 -6.228 28.999 3.08160126066
17.646 -7.125 28.169 3.18635814682
19.627 -7.203 29.471 3.0526522229
13.129 -6.568 25.467 3.54436212661
13.655 -6.357 23.108 3.39902103994
12.629 -5.259 26.105 3.54436212661
11.565 -4.603 25.236 3.47033660994
10.55 -5.196 24.869 3.39902103994
11.682 -3.453 24.79 3.39902103994
16.275 -5.501 23.543 3.0287949135
16.623 -6.634 21.462 2.8243183199
17.581 -4.866 24.062 3.0287949135
17.515 -3.458 24.566 3.0287949135
18.829 -2.961 25.169 3.0287949135
19.926 -3.189 24.119 3.0287949135
21.238 -2.654 24.627 3.0287949135
12.002 -9.761 22.085 2.97245262608
11.081 -10.904 24.062 2.97245262608
13.548 -7.455 20.364 2.22402568616
13.624 -6.406 19.375 2.41516305987
14.717 -6.745 18.341 2.24769809506
14.519 -6.55 17.097 2.06703446881
13.843 -5.03 19.96 2.41516305987
15.884 -7.298 18.683 2.41269401738
16.771 -7.525 17.515 2.57789518755
16.614 -8.794 15.56 2.28148428923
18.208 -7.489 18.0 2.57789518755
13.023 -8.178 13.911 2.43285482807
11.598 -7.818 16.013 2.57789518755
10.897 -8.717 16.897 2.36497245057
13.98 -7.312 14.156 2.41269401738
14.735 -6.671 13.094 2.57789518755
15.371 -7.69 12.147 2.43285482807
15.234 -7.524 10.958 2.28148428923
15.866 -5.747 13.583 2.57789518755
15.404 -5.027 14.752 2.36497245057
16.277 -4.763 12.453 2.57789518755
16.015 -8.697 12.625 2.22402568616
16.591 -9.689 11.774 2.41516305987
15.644 -10.55 9.744 2.06703446881
17.543 -12.072 11.817 2.41516305987
18.507 -10.302 13.293 2.41516305987
13.054 -7.666 8.172 2.66677603688
12.766 -6.698 7.445 2.5427976846
10.984 -7.293 9.707 2.78912757715
11.873 -6.462 10.49 2.61066977765
9.88 -7.893 10.556 2.78912757715
15.332 -7.477 7.345 2.78912757715
15.278 -7.625 5.822 2.66677603688
15.833 -6.693 5.097 2.5427976846
16.656 -7.89 8.026 2.78912757715
17.131 -9.135 7.602 2.61066977765
14.591 -8.743 3.824 2.97245262608
13.246 -8.495 3.188 2.8655882766
12.907 -9.161 2.154 2.75923199067
14.987 -10.2 3.552 2.97245262608
16.462 -10.365 3.956 2.97245262608
16.502 -11.655 4.714 2.97245262608
16.925 -12.811 3.816 2.97245262608
17.748 -13.782 4.668 2.97245262608
12.428 -7.664 3.823 2.65003072421
11.022 -7.437 3.371 2.78912757715
10.885 -6.728 2.024 2.66677603688
9.988 -6.985 1.206 2.5427976846
10.261 -6.611 4.425 2.78912757715
9.446 -7.615 5.263 2.66677603688
8.082 -7.446 5.502 2.72038202399
7.319 -8.338 6.228 2.72038202399
11.847 -5.814 2.02 2.41269401738
12.126 -4.924 0.893 2.57789518755
13.582 -4.394 0.792 2.43285482807
13.811 -3.9 -0.384 2.28148428923
11.108 -3.733 0.775 2.57789518755
10.675 -3.2 2.1 2.57789518755
10.741 -1.781 2.273 2.57789518755
9.845 -0.796 1.959 2.41269401738
9.669 0.363 2.58 2.43285482807
8.802 1.185 1.993 2.46421089331
10.224 0.779 3.701 2.46421089331
14.47 -4.373 1.685 2.28148428923
-14.245 2.44 26.572 2.11633202144
-13.682 1.096 26.34 2.32485688748
-14.791 0.005 26.384 2.14243103283
-15.639 -0.162 27.321 1.94074133197
-12.471 0.815 27.28 2.32485688748
-12.815 0.157 28.635 2.32485688748
-11.378 0.009 26.55 2.32485688748
-14.684 -0.779 25.274 2.65003072421
-15.713 -1.824 25.13 2.78912757715
-15.206 -3.088 25.819 2.66677603688
-14.579 -3.883 25.109 2.5427976846
-16.245 -2.194 23.725 2.78912757715
-16.316 -1.083 22.701 2.66677603688
-17.005 0.116 22.844 2.58878484312
-15.724 -1.034 21.454 2.72038202399
-16.802 0.824 21.714 2.72038202399
-16.033 0.179 20.845 2.65003072421
-15.606 -3.049 27.098 2.22402568616
-15.314 -4.2 27.965 2.41516305987
-16.679 -4.846 28.156 2.24769809506
-17.628 -4.083 28.178 2.06703446881
-14.688 -3.766 29.3 2.41516305987
-12.883 -3.753 30.987 2.41516305987
-16.774 -6.103 28.289 2.65003072421
-17.765 -7.077 28.68 2.78912757715
-17.399 -8.617 28.6 2.78912757715
-17.416 -9.105 27.228 2.61066977765
-18.277 -9.592 29.448 2.78912757715
-19.143 -7.037 32.28 2.97245262608
-18.419 -8.227 32.909 2.8655882766
-18.248 -8.22 34.146 2.75923199067
-20.642 -6.829 32.494 2.97245262608
-21.25 -6.882 31.082 2.97245262608
-20.267 -7.758 30.252 2.97245262608
-17.34 -10.335 32.43 2.97245262608
-15.838 -10.033 32.426 2.8655882766
-15.029 -10.63 33.164 2.75923199067
-17.769 -11.541 31.588 2.97245262608
-19.21 -11.965 31.986 2.97245262608
-19.575 -12.414 33.419 2.8655882766
-19.812 -11.738 34.478 2.75923199067
-19.657 -13.725 33.482 2.75923199067
-15.511 -9.048 31.595 2.85110369563
-14.174 -8.542 31.446 2.97245262608
-13.807 -8.732 29.007 2.97245262608
-13.478 -8.145 27.672 2.8655882766
-12.619 -8.766 27.022 2.75923199067
-14.08 -7.091 27.361 2.75923199067
-15.229 -5.709 33.707 2.97245262608
-15.115 -6.449 35.051 2.8655882766
-14.402 -5.838 35.868 2.75923199067
-16.369 -4.74 33.731 2.97245262608
-16.569 -3.814 32.5 2.97245262608
-17.689 -2.789 32.715 2.97245262608
-18.749 -2.455 31.698 2.97245262608
-20.089 -3.141 31.653 2.97245262608
-15.639 -7.617 35.22 2.57572842164
-15.549 -8.296 36.522 2.72232757201
-14.176 -8.894 36.746 2.59344389372
-13.632 -8.947 37.914 2.46178430194
-16.747 -9.221 36.696 2.72232757201
-16.62 -10.395 35.891 2.53400746709
-13.498 -9.349 35.688 2.41269401738
-12.135 -9.924 35.854 2.57789518755
-10.053 -9.069 36.878 2.28148428923
-11.88 -10.733 34.592 2.57789518755
-10.732 -5.35 34.867 2.97245262608
-10.126 -4.034 35.233 2.97245262608
-12.169 -5.413 39.053 2.72232757201
-11.724 -6.351 40.142 2.59344389372
-11.113 -5.811 41.098 2.46178430194
-13.714 -5.153 38.8 2.72232757201
-13.74 -3.78 38.24 2.53400746709
-14.584 -5.31 40.019 2.72232757201
-11.898 -7.63 40.061 2.41269401738
-11.421 -8.665 40.982 2.57789518755
-9.369 -8.517 42.301 2.28148428923
-11.914 -10.029 40.484 2.57789518755
-9.099 -8.608 40.089 2.41269401738
-7.668 -8.557 40.112 2.57789518755
-7.136 -8.706 38.69 2.57789518755
-5.533 -10.518 39.411 2.57789518755
-7.65 -4.748 42.421 2.66677603688
-6.956 -3.917 42.995 2.5427976846
-8.211 -3.658 40.356 2.78912757715
-7.73 -1.257 41.331 2.72038202399
-6.747 -0.28 41.237 2.65003072421
-8.558 -5.516 43.014 2.41269401738
-8.804 -5.454 44.471 2.57789518755
-7.783 -6.141 45.386 2.43285482807
-7.836 -6.009 46.596 2.28148428923
-5.787 -7.646 45.267 2.97245262608
-4.441 -6.925 45.081 2.8655882766
-3.461 -7.469 45.65 2.75923199067
-5.86 -9.008 44.565 2.97245262608
-7.067 -9.752 45.084 2.97245262608
-7.193 -11.162 44.535 2.97245262608
-8.283 -11.271 43.458 2.97245262608
-9.082 -12.532 43.702 2.97245262608
-4.316 -5.799 44.408 2.11633202144
-3.215 -4.928 44.042 2.32485688748
-2.737 -4.055 45.217 2.14243103283
-3.498 -3.295 45.849 1.94074133197
-3.569 -4.056 42.778 2.32485688748
-2.705 -2.821 42.586 2.32485688748
-3.528 -4.836 41.455 2.32485688748
-1.444 -4.196 45.481 2.57572842164
-0.654 -3.422 46.423 2.72232757201
0.488 -4.27 47.067 2.72232757201
1.213 -3.376 48.116 2.59344389372
1.5 -2.165 47.909 2.46178430194
1.398 -3.966 49.271 2.62109821036
-0.924 -1.082 45.63 2.41269401738
-1.822 1.032 44.8 2.57789518755
-1.537 2.419 45.402 2.57789518755
-2.471 1.083 43.419 2.57789518755
1.287 0.561 46.217 3.18494045613
2.606 1.047 46.665 3.28331166428
3.708 0.29 45.893 3.19656430018
4.507 0.993 45.251 3.11200838625
2.704 0.957 48.189 3.28331166428
1.679 1.843 48.901 3.19656430018
0.46 1.96 48.561 3.11200838625
2.208 2.462 49.864 3.11200838625
3.703 -1.015 46.0 3.18494045613
4.59 -1.937 45.299 3.28331166428
4.314 -1.865 43.773 3.19656430018
5.245 -1.538 42.99 3.11200838625
4.473 -3.381 45.752 3.28331166428
4.452 -3.744 47.235 3.28331166428
4.691 -5.145 47.717 3.19656430018
3.961 -6.105 47.504 3.11200838625
5.765 -5.349 48.427 3.11200838625
1.663 -4.144 41.633 3.54436212661
3.322 1.809 41.09 2.41516305987
5.234 2.828 40.154 2.06703446881
5.494 1.646 42.146 2.22402568616
6.934 1.972 42.223 2.41516305987
7.621 1.133 41.142 2.24769809506
8.46 1.65 40.387 2.06703446881
7.231 -0.123 41.096 3.62225757892
7.69 -1.071 40.118 3.69904372689
7.815 -3.485 41.033 3.69904372689
8.58 -4.368 40.072 3.63125461652
9.803 -4.402 39.959 3.56629383662
7.685 -5.035 39.418 3.56629383662
4.257 0.296 36.803 3.54436212661
6.605 2.447 37.261 2.22402568616
7.323 3.69 37.015 2.41516305987
7.018 4.788 38.013 2.41516305987
6.471 6.277 35.963 2.41516305987
6.835 7.295 38.18 2.41516305987
10.678 2.056 37.923 3.54436212661
10.747 -6.633 37.682 4.86871893522
14.881 4.107 32.332 3.39902103994
14.883 1.291 33.073 2.22693058289
15.799 0.531 30.895 1.79544509739
15.587 -1.083 33.801 2.22693058289
15.423 0.537 35.613 2.22693058289
13.357 -0.376 29.849 2.22693058289
14.107 0.167 27.635 1.79544509739
12.167 -1.383 29.85 2.22693058289
12.187 -2.124 28.517 2.22693058289
12.227 -2.378 31.026 2.22693058289
11.032 1.324 26.101 3.23418432231
10.462 0.11 25.769 3.23418432231
9.273 0.183 27.863 3.23418432231
8.986 -1.719 26.356 3.15786376808
15.404 6.445 28.68 2.98417189675
15.655 7.383 29.454 2.88653560143
17.107 4.683 29.029 3.08311555793
17.079 3.426 28.213 3.08311555793
15.648 2.902 28.286 3.08311555793
14.879 6.586 27.467 2.41269401738
14.634 8.047 27.139 2.57789518755
14.636 8.12 25.627 2.57789518755
14.66 4.919 24.881 2.49686919338
12.154 4.194 23.836 2.49686919338
14.492 3.628 24.443 2.49686919338
13.244 3.327 23.935 2.49686919338
14.151 11.262 31.689 2.59344389372
14.344 11.946 32.734 2.46178430194
15.314 9.166 32.216 2.72232757201
16.472 7.064 32.724 2.59344389372
17.393 7.871 32.984 2.46178430194
16.629 5.722 32.759 2.62109821036
14.087 11.779 30.462 2.57572842164
13.198 14.05 31.079 2.59344389372
13.394 15.252 31.319 2.46178430194
14.211 13.729 28.862 2.72232757201
13.012 13.255 28.062 2.72232757201
13.199 13.392 26.561 2.72232757201
11.797 15.226 25.512 2.59344389372
10.513 15.601 25.269 2.62109821036
12.818 15.983 25.085 2.62109821036
10.906 14.051 32.125 2.0
11.032 14.092 33.634 1.74
10.436 14.912 34.33 1.4
9.698 13.194 31.681 2.0
8.917 14.386 29.548 1.86
8.525 14.315 28.193 1.86
12.097 12.947 35.578 2.0
9.424 11.657 36.305 1.86
8.06 11.42 35.979 1.86
14.149 14.016 35.285 3.18494045613
15.491 14.524 35.499 3.28331166428
15.694 14.949 36.949 3.19656430018
16.736 14.562 37.582 3.11200838625
15.753 15.675 34.48 3.28331166428
16.758 15.094 33.443 3.28331166428
17.052 15.688 32.089 3.19656430018
17.702 15.015 31.233 3.11200838625
16.564 16.87 31.937 3.11200838625
14.685 15.684 37.406 2.57572842164
14.534 16.214 38.759 2.72232757201
14.352 15.169 39.879 2.59344389372
14.307 15.659 41.052 2.46178430194
13.413 17.242 38.8 2.72232757201
12.074 16.872 39.009 2.53400746709
15.429 12.547 41.432 1.74
15.671 12.083 42.556 1.4
11.569 13.394 39.851 1.86
9.601 11.424 40.064 1.86
10.224 13.767 39.783 1.86
9.245 12.753 39.913 1.86
16.412 12.835 40.617 2.41269401738
17.82 12.839 40.456 2.57789518755
18.692 11.794 39.768 2.43285482807
19.052 11.743 38.54 2.28148428923
19.115 10.91 40.713 3.28197651502
20.008 9.843 40.219 3.374854362
18.565 7.9 40.646 3.21343256117
21.091 9.406 41.177 3.374854362
21.942 8.276 40.556 3.29292659605
22.225 7.28 41.275 3.21343256117
22.306 8.452 39.328 3.21343256117
19.192 8.524 38.455 2.22402568616
18.49 7.531 37.64 2.41516305987
19.47 6.755 36.787 2.24769809506
19.024 6.16 35.791 2.06703446881
17.522 8.301 36.711 2.41516305987
15.874 10.16 36.467 2.41516305987
20.725 6.798 37.207 2.57572842164
21.847 6.111 36.514 2.72232757201
21.869 4.578 36.509 2.59344389372
22.778 4.092 35.775 2.46178430194
23.24 6.654 36.93 2.72232757201
23.456 6.443 38.322 2.53400746709
20.929 3.869 37.126 2.57572842164
20.989 2.393 37.05 2.72232757201
19.668 1.797 37.473 2.59344389372
22.146 1.967 38.06 2.72232757201
21.663 2.421 39.4 2.53400746709
23.511 2.525 37.713 2.72232757201
19.379 0.539 37.144 2.97082338406
17.841 0.13 38.99 2.98417189675
18.219 -1.562 37.087 3.08311555793
19.433 -1.69 36.241 3.08311555793
20.18 -0.366 36.298 3.08311555793
18.911 -0.178 39.7 3.18494045613
19.035 -0.046 41.175 3.28331166428
18.964 1.409 41.665 3.19656430018
18.212 1.561 42.651 3.11200838625
20.281 -0.782 41.663 3.28331166428
20.269 -2.28 41.332 3.19656430018
20.746 -2.61 40.194 3.11200838625
19.794 -3.011 42.239 3.11200838625
19.662 2.328 41.006 2.41269401738
19.545 3.741 41.376 2.57789518755
17.499 4.698 42.078 2.28148428923
20.375 4.708 40.558 2.57789518755
16.607 4.386 37.181 3.54436212661
14.336 1.3 41.4 2.41516305987
14.229 1.776 42.859 2.24769809506
13.13 1.689 43.469 2.06703446881
14.634 -0.193 41.236 2.41516305987
14.454 -0.766 39.877 2.41516305987
11.582 -0.796 40.17 2.41516305987
15.317 2.276 43.455 2.41269401738
15.503 2.784 44.794 2.57789518755
15.004 4.164 45.183 2.43285482807
14.598 4.431 46.355 2.28148428923
15.052 5.069 44.223 2.57572842164
14.618 6.461 44.37 2.72232757201
14.827 7.053 42.977 2.72232757201
14.434 8.526 43.126 2.59344389372
13.436 8.834 43.852 2.46178430194
15.298 9.303 42.447 2.62109821036
11.768 7.284 46.728 2.97245262608
10.961 8.31 46.015 2.8655882766
9.773 8.444 46.331 2.75923199067
12.167 7.536 48.191 2.97245262608
13.223 8.59 47.938 2.97245262608
14.122 7.838 46.916 2.97245262608
10.765 9.965 44.399 3.0287949135
8.786 9.481 43.042 2.8243183199
11.441 11.021 43.57 3.0287949135
12.328 12.083 44.072 3.0287949135
11.734 13.389 44.532 3.0287949135
12.873 14.188 45.213 3.0287949135
12.856 14.184 46.722 3.0287949135
11.104 5.282 40.5 3.54436212661
8.39 5.444 44.162 2.97245262608
7.16 6.19 44.572 2.8655882766
6.056 5.673 44.554 2.75923199067
8.889 5.062 45.579 2.97245262608
8.539 3.566 45.789 2.97245262608
9.866 2.972 46.251 2.97245262608
11.075 3.39 45.392 2.97245262608
12.123 2.275 45.53 2.97245262608
6.191 8.119 45.626 2.57789518755
5.396 8.524 44.39 2.43285482807
4.163 8.66 44.402 2.28148428923
6.709 9.265 46.508 2.57789518755
6.15 8.747 43.259 3.46048228099
5.484 9.194 42.028 3.54436212661
6.345 10.146 41.161 3.54436212661
4.512 11.581 40.01 3.42502650633
4.625 5.641 40.874 2.97245262608
2.229 5.158 40.962 2.75923199067
3.119 5.475 42.897 2.41269401738
-0.405 6.104 43.379 2.28148428923
2.222 5.104 45.091 2.57789518755
1.107 5.677 46.009 2.57789518755
1.695 5.663 47.431 2.57789518755
0.768 6.339 48.448 2.57789518755
0.624 5.379 49.606 2.57789518755
1.27 7.546 43.034 2.41269401738
0.486 8.72 42.626 2.57789518755
-1.326 8.715 40.944 2.28148428923
1.344 9.967 42.632 2.57789518755
0.599 11.284 42.746 2.57789518755
1.199 12.348 41.829 2.57789518755
1.322 13.756 42.392 2.57789518755
2.494 14.591 41.887 2.57789518755
-0.804 6.448 39.098 2.43285482807
-1.911 6.406 38.559 2.28148428923
1.486 7.328 38.118 2.57789518755
1.28 6.491 36.857 2.57789518755
-1.34 4.174 39.999 2.72232757201
-0.376 3.182 40.631 2.72232757201
-0.459 1.918 38.648 2.72232757201
-3.944 6.043 42.004 2.72232757201
-4.813 6.825 41.027 2.59344389372
-6.07 6.839 41.231 2.46178430194
-4.357 7.504 39.967 2.41269401738
-5.154 8.184 38.936 2.57789518755
-6.842 7.076 37.616 2.28148428923
-4.409 9.108 38.02 2.57789518755
-4.035 3.951 37.106 2.0
-4.307 2.762 36.208 1.74
-4.205 2.875 34.817 1.86
-4.509 1.78 34.001 1.86
-7.617 3.382 40.042 2.78912757715
-8.909 4.122 39.768 2.66677603688
-10.024 3.702 39.376 2.5427976846
-7.193 3.491 41.496 2.78912757715
-6.203 2.453 41.731 2.61066977765
-8.741 5.415 39.944 3.46048228099
-9.807 6.419 39.685 3.54436212661
-9.117 7.747 39.804 3.54436212661
-10.016 8.949 39.851 3.47033660994
-11.219 8.743 40.13 3.39902103994
-9.513 10.081 39.585 3.39902103994
-9.806 5.965 37.254 3.46048228099
-12.564 1.977 37.477 2.24769809506
-13.343 1.018 37.545 2.06703446881
-10.258 1.029 37.562 2.41516305987
-9.387 -0.099 37.128 2.24769809506
-9.137 -0.051 35.611 2.41516305987
-7.978 0.059 37.721 2.41516305987
-12.826 3.104 38.077 2.22402568616
-14.023 3.446 38.843 2.41516305987
-14.953 4.186 37.875 2.24769809506
-16.193 4.166 38.153 2.06703446881
-13.554 4.195 40.081 2.41516305987
-15.067 5.38 35.662 3.0287949135
-14.566 6.869 35.437 3.0287949135
-14.609 7.408 36.837 2.92608152912
-15.037 8.661 37.171 2.86177391959
-14.314 6.766 37.984 2.97082099925
-14.99 8.783 38.509 2.97082099925
-14.549 7.644 39.016 2.91219395265
-14.888 3.484 34.013 2.22402568616
-15.442 3.26 31.545 2.24769809506
-15.075 3.017 30.373 2.06703446881
-14.55 1.319 32.995 2.41516305987
-13.547 -0.801 33.908 2.41516305987
-16.542 3.874 31.866 3.18494045613
-17.692 4.468 31.284 3.28331166428
-17.439 5.812 30.614 3.19656430018
-18.083 6.298 29.691 3.11200838625
-18.757 4.608 32.446 3.28331166428
-18.527 5.076 33.908 3.19656430018
-18.691 6.268 34.457 3.11200838625
-18.153 4.03 34.614 3.11200838625
-16.49 6.539 31.158 2.57572842164
-16.063 7.884 30.794 2.72232757201
-16.989 8.769 31.63 2.72232757201
-16.854 10.243 31.311 2.59344389372
-17.036 11.027 32.295 2.46178430194
-16.545 10.627 30.057 2.62109821036
-13.722 7.315 30.518 2.41269401738
-11.413 6.573 30.186 2.57789518755
-11.736 5.221 30.715 2.43285482807
-11.223 4.088 29.858 2.57789518755
-12.501 9.499 29.293 2.7203848681
-12.093 10.814 28.834 2.85287250891
-12.488 11.953 29.737 2.73628278469
-11.832 12.992 29.917 2.61895377264
-12.638 11.262 27.496 2.85287250891
-12.559 10.256 26.373 2.85287250891
-12.066 10.86 25.066 2.85287250891
-11.541 9.755 24.128 2.85287250891
-10.957 8.554 24.817 2.85287250891
-13.709 11.768 30.236 2.41269401738
-14.176 12.892 31.103 2.57789518755
-13.306 12.765 32.354 2.43285482807
-12.979 13.907 32.739 2.28148428923
-13.05 11.537 32.814 2.41269401738
-12.211 11.419 34.022 2.57789518755
-10.798 11.946 33.874 2.43285482807
-10.206 12.449 34.847 2.28148428923
-12.045 9.951 34.563 2.57789518755
-13.394 9.432 34.623 2.36497245057
-11.258 9.864 35.895 2.57789518755
-8.754 12.373 32.553 2.0
-8.601 13.635 31.758 1.74
-7.89 11.278 31.911 2.0
-7.105 9.882 33.87 1.86
-7.02 8.696 34.629 1.86
-9.577 14.436 31.416 2.41269401738
-9.416 15.659 30.592 2.57789518755
-8.4 16.602 31.137 2.43285482807
-10.741 16.426 30.615 2.57789518755
-8.46 16.811 32.451 2.41269401738
-7.546 17.775 33.116 2.57789518755
-6.142 17.197 33.207 2.43285482807
-5.179 17.936 32.978 2.28148428923
-8.273 18.375 34.411 2.57789518755
-7.332 18.258 35.518 2.36497245057
-9.636 17.756 34.794 2.57789518755
-6.04 15.926 33.519 2.22402568616
-4.771 15.249 33.565 2.41516305987
-4.954 13.82 34.041 2.41516305987
-4.585 13.591 35.462 2.24769809506
-4.407 12.089 35.728 2.41516305987
-3.267 14.307 35.803 2.41516305987
-5.792 14.766 28.872 4.32767651728
-4.368 18.943 29.539 3.41882014206
-3.085 19.273 30.247 3.33906215107
-2.248 20.006 29.665 3.26182836231
-5.419 19.985 29.897 3.41882014206
-6.51 19.956 28.768 3.41882014206
-7.598 20.907 29.31 3.33906215107
-7.096 21.973 29.744 3.26182836231
-8.775 20.438 29.249 3.26182836231
-2.881 18.788 31.441 2.22402568616
-1.599 19.074 32.128 2.41516305987
-1.855 18.538 33.563 2.41516305987
-0.195 19.909 34.654 2.41516305987
-0.224 17.457 35.258 2.41516305987
0.067 18.291 26.993 2.0
0.662 19.674 27.328 1.74
1.898 19.857 27.175 1.4
-1.196 18.417 26.117 2.0
-0.819 19.373 24.602 1.8
0.292 22.021 28.056 3.374854362
1.375 22.391 29.041 3.29292659605
2.111 23.363 28.789 3.21343256117
-0.971 22.884 28.225 3.374854362
-1.99 22.525 27.13 3.29292659605
-3.212 22.496 27.387 3.21343256117
-1.515 22.26 25.976 3.21343256117
2.498 21.765 31.168 3.18635814682
4.782 21.513 31.211 3.00350354728
2.946 21.614 33.573 3.18635814682
2.455 22.984 34.023 3.18635814682
1.368 23.449 33.041 3.18635814682
0.267 22.406 33.074 3.18635814682
4.722 18.727 30.98 2.41516305987
5.235 18.382 29.605 2.24769809506
6.245 17.657 29.646 2.06703446881
4.268 17.429 31.725 2.41516305987
3.039 16.463 33.647 2.41516305987
4.467 18.486 33.94 2.41516305987
4.98 18.388 27.117 3.0287949135
6.472 16.681 26.447 2.8243183199
6.29 19.119 26.675 3.0287949135
4.969 21.25 26.425 2.86177391959
6.656 21.457 27.765 2.97082099925
4.956 22.527 26.864 2.97082099925
5.995 22.656 27.673 2.91219395265
4.814 14.478 29.764 3.54436212661
5.781 12.174 23.178 3.97461189274
5.523 11.332 21.913 3.91610941646
6.457 10.867 21.211 3.86046154913
4.318 11.137 21.6 3.86046154913
0.131 10.726 23.586 3.54436212661
0.32 12.22 23.447 3.54436212661
1.779 12.267 23.009 3.54436212661
2.868 9.009 23.378 3.32841402621
3.333 7.636 23.024 3.41882014206
3.9 5.726 24.394 3.26182836231
4.273 7.845 21.853 3.41882014206
4.649 6.483 21.377 3.41882014206
3.571 5.782 20.563 3.33906215107
3.701 4.546 20.674 3.26182836231
2.801 6.581 19.926 3.26182836231
1.002 4.257 28.414 1.4
0.085 7.377 27.592 2.0
1.419 3.474 25.706 2.65207782941
2.45 2.519 26.259 2.51571213812
2.205 1.348 26.604 2.37505611705
1.736 3.693 24.234 2.65207782941
0.97 2.696 23.383 2.65207782941
0.463 3.567 22.24 2.65207782941
-0.13 4.864 22.577 2.49687256947
-0.491 5.791 21.651 2.51571213812
-1.011 7.002 21.964 2.54507232427
-0.355 5.496 20.334 2.54507232427
3.678 3.049 26.322 1.99639670258
4.789 2.315 26.91 2.22693058289
4.652 0.743 28.666 1.79544509739
6.61 3.421 25.398 2.02565795104
7.92 4.155 25.44 2.22693058289
6.848 2.065 24.75 2.22693058289
2.564 1.662 30.658 2.02565795104
2.733 0.719 31.506 1.79544509739
2.95 4.053 32.639 2.02565795104
3.983 3.229 33.411 2.22693058289
2.845 5.528 33.019 2.22693058289
1.497 1.656 29.832 2.85110369563
0.505 0.573 29.956 2.97245262608
2.0 -0.956 28.72 2.41269401738
3.403 -2.708 29.747 2.43285482807
3.295 -3.897 30.07 2.28148428923
3.343 -2.317 27.215 2.57789518755
2.321 -2.418 26.064 2.43285482807
1.123 -2.778 26.198 2.28148428923
2.908 -2.022 24.931 2.46421089331
4.256 -1.818 30.278 2.57572842164
5.064 -2.086 31.46 2.72232757201
6.997 -0.614 30.809 2.72232757201
0.824 -1.203 33.862 2.72232757201
0.468 -1.401 36.344 2.72232757201
-1.31 -0.371 34.873 2.72232757201
5.819 -6.666 30.245 1.8
0.688 -7.347 37.019 2.97245262608
-1.408 -5.266 38.051 2.97245262608
2.94 -12.153 36.969 3.39902103994
4.761 -10.923 38.87 2.34393302806
5.188 -11.913 39.459 2.17953443166
6.0 -9.23 37.673 2.49917816808
7.364 -9.653 38.172 2.34393302806
8.198 -8.838 38.909 2.24148947735
7.972 -10.855 37.963 2.41269040159
9.301 -9.571 39.08 2.41269040159
9.218 -10.802 38.529 2.32219197539
3.831 -10.105 39.256 2.32219197539
3.07 -10.244 40.482 2.49917816808
2.028 -11.36 40.625 2.34393302806
2.238 -12.075 41.645 2.17953443166
2.196 -9.011 40.791 2.49917816808
3.066 -8.108 41.57 2.34393302806
4.008 -7.293 40.901 2.24148947735
3.117 -7.959 42.938 2.41269040159
4.653 -6.594 41.854 2.41269040159
4.112 -6.976 43.04 2.32219197539
-0.036 -12.502 39.891 2.0
0.308 -13.83 39.224 1.74
-0.55 -14.738 39.405 1.4
-2.331 -11.088 41.562 1.86
-2.047 -8.432 40.784 1.86
-2.763 -10.076 42.421 1.86
-2.645 -8.735 42.021 1.86
1.464 -13.876 38.6 2.41269401738
1.883 -15.129 37.983 2.57789518755
0.589 -15.716 37.374 2.43285482807
-0.108 -14.969 36.693 2.28148428923
0.376 -16.957 37.645 2.7203848681
-0.645 -17.9 37.324 2.85287250891
-2.029 -17.23 37.215 2.73628278469
-2.848 -17.583 36.318 2.61895377264
-0.672 -19.009 38.397 2.85287250891
-1.027 -20.472 38.135 2.85287250891
-0.6 -21.554 39.138 2.85287250891
-0.313 -22.98 38.706 2.85287250891
0.914 -23.62 39.309 2.85287250891
-2.301 -16.253 38.058 3.32841402621
-3.596 -15.595 38.031 3.41882014206
-5.02 -14.253 36.653 3.26182836231
-3.763 -14.774 39.29 3.41882014206
-4.689 -15.281 40.403 3.41882014206
-5.229 -14.073 41.19 3.33906215107
-6.235 -13.417 40.806 3.26182836231
-4.558 -13.747 42.218 3.26182836231
-2.85 -13.19 35.219 2.0
-3.001 -14.042 33.994 1.74
-2.042 -14.309 33.248 1.4
-1.587 -12.348 35.351 2.0
-2.759 -10.205 34.841 1.86
-4.43 -15.438 32.479 2.97245262608
-5.696 -16.331 32.746 2.97245262608
-6.775 -15.403 32.991 2.81719981417
-5.501 -17.342 33.885 2.97245262608
-3.8 -16.809 28.433 2.78912757715
-4.33 -16.683 29.857 2.78912757715
-8.194 -13.667 29.176 2.78912757715
-8.185 -12.467 30.073 2.66677603688
-8.745 -11.404 29.743 2.5427976846
-9.089 -14.784 29.722 2.78912757715
-8.34 -16.056 29.575 2.78912757715
-6.858 -15.694 29.524 2.78912757715
-7.536 -12.488 31.237 2.41269401738
-7.389 -11.314 32.14 2.57789518755
-6.953 -10.453 34.475 2.57789518755
-7.722 -12.789 34.276 2.57789518755
-6.735 -9.309 27.336 2.32485688748
-7.644 -8.182 27.811 2.14243103283
-7.545 -7.132 27.135 1.94074133197
-7.467 -10.356 26.513 2.32485688748
-8.413 -8.27 28.917 2.11633202144
-9.232 -7.247 29.462 2.32485688748
-10.025 -7.805 30.66 2.32485688748
-5.795 -3.501 27.018 2.8655882766
-5.378 -2.352 26.612 2.75923199067
-4.545 -5.53 26.288 2.97245262608
-1.723 -4.523 26.252 2.88830125379
-7.105 -3.886 27.049 2.85110369563
-8.104 -2.858 26.619 2.97245262608
-8.258 -0.468 27.088 2.75923199067
-9.514 -3.468 26.63 2.97245262608
-9.758 -4.401 25.507 2.97245262608
-10.952 -5.261 25.85 2.97245262608
-11.957 -5.268 24.709 2.97245262608
-12.851 -6.456 24.72 2.97245262608
-4.445 0.429 29.381 2.41516305987
-4.523 1.187 28.069 2.24769809506
-4.16 2.4 27.977 2.06703446881
-2.431 -0.866 28.591 2.41516305987
-2.954 -0.691 31.1 2.41516305987
-5.028 0.556 27.029 2.22402568616
-5.256 1.263 25.734 2.41516305987
-6.236 2.419 25.94 2.24769809506
-5.932 3.528 25.448 2.06703446881
-5.773 0.334 24.634 2.41516305987
-7.378 2.191 26.635 2.57572842164
-8.413 3.218 26.95 2.72232757201
-8.138 5.644 27.428 2.46178430194
-5.917 4.525 30.893 2.97245262608
-5.153 5.415 31.864 2.97245262608
-4.769 5.357 27.866 2.41269401738
-3.713 6.027 27.009 2.57789518755
-4.298 7.05 26.062 2.43285482807
-2.836 5.044 26.3 2.57789518755
-6.242 7.357 24.654 2.72232757201
-6.936 9.621 24.828 2.46178430194
-7.168 6.371 23.986 2.72232757201
-6.466 5.561 22.895 2.59344389372
-5.461 5.95 22.219 2.46178430194
-7.012 4.345 22.643 2.62109821036
-7.416 11.553 27.601 2.75923199067
-8.833 8.653 28.441 2.97245262608
-3.04 8.889 31.145 3.54436212661
-4.052 11.645 24.723 2.57789518755
-5.036 12.645 24.164 2.43285482807
-4.778 13.484 23.283 2.28148428923
-3.9 10.469 23.717 2.57789518755
-6.271 12.519 24.61 2.85110369563
-7.465 13.267 24.197 2.97245262608
-7.753 15.389 23.048 2.75923199067
-8.713 12.78 25.084 2.97245262608
-10.788 14.121 24.413 2.79843848817
-10.35 12.44 23.113 2.91219147086
-11.704 14.122 23.446 2.91219147086
-11.462 13.104 22.658 2.85110369563
-6.787 16.995 24.95 2.97245262608
-5.474 17.502 24.371 2.8655882766
-5.061 18.657 24.606 2.75923199067
-7.143 17.637 26.285 2.97245262608
-8.019 16.772 27.206 2.97245262608
-9.5 17.026 27.142 2.97245262608
-10.018 17.413 25.786 2.97245262608
-11.126 18.401 25.568 2.97245262608
-4.77 16.68 23.6 2.85110369563
-3.514 17.083 22.921 2.97245262608
-3.955 17.93 21.706 2.8655882766
-4.913 17.633 20.929 2.75923199067
-2.512 16.018 22.488 2.97245262608
-0.251 15.927 23.733 2.91219147086
-3.189 19.013 21.606 2.57572842164
-3.529 19.939 20.494 2.72232757201
-2.204 20.537 20.072 2.59344389372
-1.333 20.204 20.893 2.46178430194
-4.603 20.978 20.916 2.72232757201
-4.02 21.79 22.055 2.59344389372
-3.53 23.088 21.918 2.51075987144
-3.847 21.418 23.352 2.65002772709
-3.067 23.473 23.108 2.65002772709
-3.253 22.492 23.999 2.57572842164
-2.14 21.184 19.031 2.46178430194
17.735 18.786 16.239 1.86
20.263 18.463 11.936 2.0
19.846 20.135 14.783 2.0
20.942 19.59 15.752 2.0
22.045 20.646 15.791 1.74
21.824 21.871 16.08 1.4
23.17 20.139 15.436 1.4
13.693 19.003 19.243 2.0
16.563 20.33 18.548 2.0
15.771 21.558 18.061 2.0
16.314 22.723 18.826 1.74
16.674 23.695 18.153 1.4
16.397 22.627 20.076 1.4
-12.019 -6.314 -1.833 1.86
-8.394 -1.729 1.586 1.86
-15.194 -2.386 -2.1 2.0
-14.686 -5.634 -3.054 2.0
-15.611 -6.403 -2.072 2.0
-16.226 -7.628 -2.624 1.74
-15.564 -8.293 -3.453 1.4
-17.384 -8.038 -2.354 1.4
-9.526 1.03 2.256 1.86
-9.585 2.293 1.865 1.86
-7.727 -2.917 1.357 1.74
-6.287 -3.174 1.522 1.74
-6.126 -4.467 1.217 1.74
-5.319 -2.056 1.97 2.0
-7.745 -8.984 -1.183 2.0
-10.745 -8.886 -2.745 2.0
-9.954 -8.869 -4.1 2.0
-10.432 -9.973 -5.037 1.74
-9.899 -11.105 -5.216 1.4
-11.516 -9.771 -5.635 1.4
-8.477 -3.389 -2.084 1.4
5.979 -19.646 11.024 1.86
10.048 -21.016 13.812 2.0
7.905 -22.164 11.568 2.0
8.591 -22.457 10.236 2.0
8.547 -23.884 9.696 1.74
7.94 -24.935 10.127 1.4
9.248 -23.952 8.626 1.4
1.588 -17.375 9.753 2.0
3.234 -20.093 9.386 2.0
2.693 -21.083 10.444 2.0
2.254 -22.345 9.824 1.74
2.617 -23.463 10.232 1.4
1.529 -22.215 8.837 1.4
2.425 14.034 36.698 1.86
-1.566 11.532 38.685 2.0
0.628 14.001 39.282 2.0
0.218 15.372 38.698 2.0
0.273 16.49 39.711 1.74
0.468 16.023 40.907 1.4
0.143 17.712 39.364 1.4
-2.504 8.319 34.837 2.0
-0.799 7.062 32.383 1.86
-0.03 6.079 32.031 1.86
6.841 14.418 34.184 2.0
5.124 15.753 36.649 2.0
5.419 15.211 38.024 2.0
6.397 15.831 38.972 1.74
7.444 16.403 38.524 1.4
6.142 15.714 40.217 1.4
