dim1hcoNoHeHR_shell
20.
0.010
64559.6
0.747
1.0
1.E-8
3005
5.64 17.21 8.69 2.11633202144
5.66 17.22 7.28 2.32485688748
7.15 17.02 6.98 2.14243103283
7.84 16.25 7.66 1.94074133197
5.05 17.6 6.35 2.32485688748
4.32 18.8 7.0 2.32485688748
5.93 18.02 5.2 2.32485688748
7.62 17.72 5.97 2.11633202144
9.0 17.66 5.6 2.32485688748
9.83 18.73 6.3 2.14243103283
10.31 19.68 5.66 1.94074133197
9.17 17.76 4.04 2.32485688748
9.83 16.62 3.29 2.14243103283
10.42 17.15 2.0 2.32485688748
10.91 15.99 4.12 2.32485688748
9.99 18.58 7.6 2.65003072421
10.76 19.58 8.34 2.78912757715
12.12 20.27 8.23 2.66677603688
11.04 19.0 9.78 2.78912757715
12.33 18.41 9.88 2.61066977765
12.2 21.47 8.78 2.7203848681
13.47 22.26 8.79 2.85287250891
14.78 21.48 8.65 2.73628278469
15.73 21.95 8.01 2.61895377264
13.45 23.01 10.02 2.85287250891
12.6 22.21 10.98 2.85287250891
11.56 21.53 10.09 2.85287250891
15.93 19.46 9.24 2.57789518755
16.0 18.18 8.4 2.43285482807
16.99 17.45 8.44 2.28148428923
16.2 19.03 10.67 2.57789518755
14.93 17.94 7.66 3.28197651502
14.86 16.73 6.81 3.374854362
15.31 17.45 5.54 3.29292659605
13.44 16.16 6.83 3.374854362
13.36 14.97 7.75 3.29292659605
14.26 14.18 7.96 3.21343256117
12.32 14.85 8.35 3.21343256117
14.87 18.68 5.4 2.85110369563
15.21 19.5 4.19 2.97245262608
17.17 20.61 3.34 2.75923199067
14.41 20.77 4.15 2.97245262608
15.23 22.04 4.12 2.97245262608
14.38 23.25 4.51 2.97245262608
14.87 24.52 3.84 2.97245262608
14.63 25.7 4.7 2.97245262608
18.82 19.64 5.35 2.78912757715
20.84 18.44 4.78 2.5427976846
19.03 20.26 6.74 2.78912757715
18.4 21.53 6.66 2.61066977765
20.49 20.41 7.09 2.78912757715
19.72 15.97 5.27 2.78912757715
20.56 14.87 3.3 2.5427976846
19.33 15.07 7.58 2.66677603688
18.67 14.6 8.5 2.5427976846
20.49 15.77 7.86 2.69295246139
18.57 15.87 1.65 2.41516305987
19.85 16.54 -0.28 2.06703446881
17.09 15.88 1.27 2.41516305987
16.81 15.76 -0.25 2.41516305987
16.29 14.89 2.08 2.41516305987
20.07 19.18 0.54 2.97245262608
21.51 18.68 0.61 2.8655882766
22.32 18.93 -0.29 2.75923199067
19.86 20.54 1.19 2.97245262608
18.42 21.04 1.14 2.97245262608
18.38 22.53 0.85 2.97245262608
17.1 22.92 0.14 2.97245262608
16.43 24.04 0.83 2.97245262608
21.82 17.98 1.69 1.99639670258
23.2 17.46 1.89 2.22693058289
23.67 16.07 1.45 2.02565795104
24.87 15.86 1.2 1.79544509739
23.32 17.48 3.41 2.22693058289
22.73 15.16 1.36 1.99639670258
23.02 13.82 0.97 2.22693058289
23.08 13.83 -0.56 2.02565795104
23.77 12.99 -1.17 1.79544509739
21.91 12.82 1.34 2.22693058289
22.36 14.76 -1.16 2.11633202144
22.32 14.88 -2.59 2.32485688748
23.6 15.68 -2.8 2.14243103283
24.29 15.54 -3.82 1.94074133197
21.01 15.53 -3.04 2.32485688748
20.53 15.28 -4.52 2.14243103283
20.52 16.13 -5.55 2.22402143089
20.09 14.06 -5.04 2.14243103283
19.98 15.46 -6.72 2.11633202144
19.77 14.24 -6.41 2.14243103283
19.91 12.82 -4.47 2.22402143089
19.3 13.25 -7.27 2.22402143089
19.42 11.83 -5.34 2.22402143089
19.16 12.02 -6.68 2.22402143089
23.91 16.52 -1.82 2.41269401738
25.13 17.57 -2.02 2.57789518755
26.2 16.63 -2.55 2.43285482807
26.62 16.74 -3.71 2.28148428923
26.63 15.72 -1.7 2.7203848681
27.67 14.77 -2.09 2.85287250891
27.55 13.67 -3.15 2.73628278469
28.54 13.02 -3.5 2.61895377264
28.12 13.91 -0.9 2.85287250891
29.01 14.63 0.09 2.85287250891
28.94 13.98 1.47 2.85287250891
30.31 13.96 2.15 2.85287250891
30.51 12.7 2.89 2.85287250891
26.07 12.48 -4.66 2.57789518755
26.3 13.11 -6.03 2.43285482807
23.88 11.79 -5.84 2.57789518755
24.61 10.68 -3.68 2.57789518755
26.4 14.43 -6.04 2.41269401738
26.58 15.17 -7.27 2.57789518755
27.1 14.44 -8.52 2.43285482807
26.53 13.42 -8.94 2.28148428923
28.17 14.97 -9.08 2.22402568616
28.68 14.55 -10.5 2.41516305987
28.16 13.16 -10.89 2.24769809506
28.32 12.73 -12.05 2.06703446881
30.25 14.15 -9.96 2.41516305987
27.03 11.14 -10.18 3.0287949135
25.53 10.86 -10.32 2.92608152912
27.48 10.21 -9.06 3.0287949135
29.7 9.42 -10.0 2.86177391959
29.86 10.3 -7.99 2.97082099925
30.96 9.35 -9.63 2.97082099925
31.08 9.9 -8.44 2.91219395265
24.74 11.83 -9.89 2.41269401738
23.27 11.69 -9.96 2.57789518755
21.67 10.26 -11.07 2.28148428923
22.7 13.11 -10.06 2.57789518755
23.45 10.99 -12.26 2.41269401738
23.04 10.3 -13.49 2.57789518755
23.39 8.83 -13.71 2.43285482807
22.73 8.13 -14.49 2.28148428923
24.42 8.38 -13.01 3.18494045613
24.88 7.01 -13.11 3.28331166428
23.95 6.36 -12.09 3.19656430018
23.54 5.2 -12.24 3.11200838625
26.38 6.83 -12.81 3.28331166428
27.37 7.57 -13.74 3.28331166428
28.89 7.44 -13.32 3.19656430018
29.35 8.11 -12.45 3.11200838625
29.4 6.58 -14.03 3.11200838625
22.75 6.61 -9.98 2.72232757201
21.26 6.42 -10.28 2.59344389372
20.64 5.43 -9.86 2.46178430194
22.85 7.54 -8.77 2.72232757201
24.38 8.15 -6.86 2.65002772709
25.31 6.91 -8.7 2.65002772709
25.69 8.13 -6.21 2.65002772709
26.59 6.89 -8.07 2.65002772709
27.97 7.55 -6.25 2.53400746709
20.71 7.37 -11.02 2.85110369563
19.29 7.31 -11.38 2.97245262608
20.46 3.29 -13.43 2.59344389372
20.25 2.25 -14.06 2.46178430194
21.05 4.97 -15.11 2.72232757201
21.05 3.32 -12.25 3.32841402621
21.5 2.09 -11.59 3.41882014206
19.97 0.47 -10.68 3.26182836231
22.67 2.35 -10.61 3.41882014206
22.99 1.23 -9.59 3.41882014206
24.44 1.27 -8.98 3.33906215107
25.38 1.62 -9.62 3.26182836231
24.37 0.92 -7.8 3.26182836231
13.89 3.86 -13.96 3.54436212661
18.1 -1.26 -13.62 3.54436212661
17.17 -3.3 -12.73 3.39902103994
19.65 -1.3 -13.63 3.54436212661
20.31 -2.36 -14.54 3.54436212661
21.87 -2.49 -14.38 3.47033660994
22.41 -3.55 -14.24 3.39902103994
22.35 -1.36 -14.44 3.39902103994
22.93 -2.19 -6.48 4.86871893522
11.45 -0.55 -10.6 2.72232757201
10.76 0.99 -11.18 2.62109821036
11.72 1.18 -12.66 2.72232757201
13.78 -4.95 -13.45 1.74
13.04 -5.85 -13.86 1.4
14.22 -2.96 -14.94 2.0
14.49 -0.82 -16.22 1.86
11.83 -0.14 -15.82 1.86
15.3 -6.53 -12.41 2.41516305987
14.02 -8.34 -11.44 2.06703446881
16.79 -6.53 -11.98 2.41516305987
17.75 -7.37 -12.79 2.24769809506
17.29 -7.42 -14.23 2.41516305987
19.14 -6.79 -12.72 2.41516305987
13.63 -7.03 -9.03 3.54436212661
11.52 -8.02 -8.43 3.39902103994
10.03 -6.03 -9.64 2.0
9.55 -4.81 -8.86 2.0
9.51 -5.7 -6.51 1.86
11.2 -3.69 -5.62 1.86
9.91 -5.58 -5.13 1.86
10.76 -4.61 -4.73 1.86
8.39 -6.65 -13.78 2.98417189675
8.32 -6.26 -14.96 2.88653560143
10.2 -8.62 -13.55 3.08311555793
10.36 -9.45 -12.29 3.08311555793
10.05 -8.47 -11.16 3.08311555793
7.4 -6.54 -12.92 2.22402568616
6.13 -5.93 -13.3 2.41516305987
6.05 -4.46 -13.72 2.24769809506
4.97 -3.94 -14.02 2.06703446881
5.15 -6.13 -12.13 2.41516305987
3.86 -6.0 -12.72 2.16754538317
5.34 -5.1 -11.05 2.41516305987
7.27 -2.4 -14.1 2.41516305987
7.72 -1.22 -16.15 2.06703446881
8.18 -1.69 -13.07 2.41516305987
7.66 -1.81 -11.66 2.41516305987
7.68 -3.04 -18.34 2.92608152912
7.9 -2.37 -19.36 2.8243183199
9.35 -4.82 -17.76 3.0287949135
10.26 -5.44 -16.71 3.0287949135
11.58 -5.89 -17.32 3.0287949135
11.65 -7.4 -17.46 3.0287949135
12.75 -7.96 -16.65 3.0287949135
6.48 -3.45 -17.98 2.41269401738
5.3 -3.16 -18.79 2.57789518755
5.31 -1.8 -19.49 2.43285482807
4.78 -1.65 -20.61 2.28148428923
4.07 -3.23 -17.87 2.57789518755
3.58 -4.55 -18.07 2.36497245057
3.01 -2.21 -18.21 2.57789518755
5.92 0.63 -19.4 2.57789518755
7.05 1.08 -20.33 2.43285482807
6.92 2.06 -21.07 2.28148428923
6.0 1.55 -18.23 2.57789518755
4.88 1.31 -17.21 2.43285482807
3.76 2.16 -17.25 2.49686919338
4.99 0.36 -16.23 2.49686919338
2.69 1.95 -16.28 2.49686919338
3.95 0.15 -15.27 2.49686919338
2.85 1.01 -15.33 2.43285482807
1.85 0.83 -14.39 2.36497245057
9.48 -0.51 -22.07 1.74
10.47 -1.26 -22.03 1.4
9.78 1.62 -18.0 1.86
10.86 3.21 -19.36 1.86
9.61 2.59 -16.96 1.86
10.72 4.16 -18.29 1.86
10.08 3.85 -17.15 1.86
8.48 -1.72 -23.96 2.97245262608
9.42 -1.3 -25.09 2.8655882766
9.81 -2.13 -25.93 2.75923199067
7.06 -1.78 -24.41 2.97245262608
6.24 -0.96 -23.43 2.97245262608
7.22 0.07 -22.88 2.97245262608
9.77 -0.03 -25.1 2.65003072421
10.61 0.56 -26.07 2.78912757715
12.02 0.79 -25.54 2.66677603688
12.8 1.57 -26.12 2.5427976846
10.08 1.8 -26.67 2.78912757715
9.65 2.79 -25.62 2.66677603688
8.8 2.44 -24.57 2.58878484312
9.91 4.11 -25.45 2.72038202399
8.58 3.51 -23.83 2.72038202399
9.26 4.51 -24.33 2.65003072421
12.33 0.13 -24.45 1.7
13.71 0.14 -23.83 2.0
14.38 -1.23 -23.96 1.74
13.71 -2.24 -24.22 1.4
12.99 4.45 -23.01 1.86
13.21 4.97 -21.79 1.86
15.69 -1.23 -23.79 3.46048228099
16.61 -2.72 -24.0 3.54436212661
17.67 -2.26 -24.83 3.54436212661
18.54 -3.49 -24.89 3.47033660994
19.71 -3.53 -24.54 3.39902103994
18.0 -4.49 -25.26 3.39902103994
15.98 -3.18 -21.72 2.22402568616
15.81 -2.92 -20.27 2.41516305987
17.06 -3.77 -20.0 2.24769809506
17.15 -4.47 -18.98 2.06703446881
14.45 -3.38 -19.8 2.41516305987
12.14 -2.55 -20.2 2.41516305987
18.01 -3.69 -20.92 2.57572842164
19.17 -4.46 -20.94 2.72232757201
20.21 -3.66 -20.16 2.59344389372
20.16 -2.42 -20.13 2.46178430194
19.8 -4.83 -22.15 2.72232757201
21.22 -4.75 -22.19 2.53400746709
21.13 -4.37 -19.55 2.7203848681
22.24 -3.74 -18.8 2.85287250891
23.3 -2.67 -19.08 2.73628278469
23.92 -2.14 -18.15 2.61895377264
23.12 -4.79 -18.2 2.85287250891
24.33 -4.27 -17.46 2.73628278469
25.46 -4.88 -17.03 2.78727419845
25.61 -2.76 -16.51 2.78727419845
26.22 -3.92 -16.43 2.7203848681
23.49 -2.38 -20.36 2.41269401738
24.49 -1.38 -20.77 2.57789518755
23.5 -0.41 -21.42 2.43285482807
23.74 0.8 -21.47 2.28148428923
22.4 -0.96 -21.9 2.65003072421
21.35 -0.17 -22.54 2.78912757715
21.78 1.84 -21.27 2.5427976846
20.0 -0.46 -21.98 2.78912757715
18.95 0.11 -22.76 2.61066977765
21.62 2.02 -23.52 2.22402568616
21.87 3.47 -23.52 2.41516305987
20.6 4.27 -23.24 2.24769809506
20.66 5.47 -22.93 2.06703446881
22.33 3.88 -24.92 2.41516305987
19.47 3.6 -23.34 2.41269401738
18.18 4.24 -23.1 2.57789518755
17.38 5.39 -21.13 2.28148428923
17.1 3.45 -23.77 2.57789518755
16.94 3.78 -25.19 2.57789518755
16.08 2.79 -26.0 2.43285482807
16.53 1.62 -26.18 2.28148428923
14.99 3.21 -26.5 2.46421089331
18.19 1.91 -18.89 2.72232757201
18.42 1.78 -17.36 2.72232757201
17.03 1.06 -19.36 2.72232757201
20.33 4.28 -19.49 2.7203848681
21.46 5.11 -19.03 2.85287250891
21.02 6.55 -19.31 2.73628278469
21.29 7.46 -18.52 2.61895377264
22.75 4.75 -19.74 2.85287250891
24.01 5.08 -18.96 2.85287250891
25.05 3.97 -19.12 2.85287250891
24.65 2.99 -20.21 2.85287250891
25.46 3.2 -21.43 2.85287250891
20.34 6.73 -20.43 2.41269401738
19.88 8.05 -20.83 2.57789518755
18.71 8.58 -20.01 2.43285482807
18.48 9.8 -19.94 2.28148428923
17.98 7.67 -19.39 2.91219395265
16.82 8.04 -18.58 3.0287949135
15.76 6.97 -18.69 3.0287949135
13.87 8.22 -19.83 2.86177391959
13.31 7.39 -17.88 2.97082099925
12.62 8.55 -19.59 2.97082099925
12.26 8.04 -18.44 2.91219395265
19.9 11.3 -16.35 2.57789518755
18.64 12.15 -16.15 2.43285482807
18.69 13.23 -15.54 2.28148428923
20.49 11.74 -17.7 2.57789518755
21.91 11.25 -17.93 2.57789518755
22.63 12.11 -18.96 2.57789518755
24.12 11.81 -18.99 2.57789518755
24.77 12.54 -20.1 2.57789518755
16.24 12.32 -16.55 2.57789518755
15.49 12.2 -15.23 2.43285482807
14.77 13.13 -14.82 2.28148428923
15.27 11.93 -17.63 2.57789518755
15.63 12.35 -19.04 2.57789518755
14.4 12.4 -19.93 2.57789518755
14.69 11.86 -21.32 2.57789518755
13.43 11.66 -22.08 2.57789518755
14.96 10.79 -13.33 2.57789518755
15.27 12.2 -11.4 2.28148428923
14.8 8.94 -11.52 2.57789518755
13.94 8.6 -13.89 2.57789518755
18.03 12.27 -11.71 2.57789518755
18.06 13.79 -11.87 2.43285482807
18.65 14.51 -11.04 2.28148428923
19.45 11.79 -12.01 2.57789518755
17.43 15.69 -13.21 3.374854362
16.18 16.27 -12.53 3.29292659605
16.17 17.44 -12.12 3.21343256117
17.37 15.95 -14.73 3.374854362
18.73 16.35 -15.25 3.29292659605
19.77 16.23 -14.62 3.21343256117
18.76 16.75 -16.38 3.21343256117
15.16 15.45 -12.43 2.22402568616
13.93 15.81 -11.82 2.41516305987
13.9 15.61 -10.31 2.24769809506
13.03 16.15 -9.61 2.06703446881
12.77 15.01 -12.38 2.41516305987
14.84 14.83 -9.82 2.22402568616
14.96 14.52 -8.4 2.41516305987
15.78 13.29 -8.13 2.41516305987
16.06 10.86 -7.8 2.41516305987
13.84 11.89 -7.45 2.41516305987
16.88 19.75 -7.4 2.75923199067
18.52 17.68 -9.01 2.97245262608
19.45 16.75 -8.47 2.81719981417
19.08 19.07 -8.98 2.97245262608
15.55 18.94 -9.04 2.57572842164
14.77 20.18 -9.15 2.72232757201
14.05 20.23 -10.51 2.72232757201
13.82 21.64 -10.97 2.59344389372
12.75 22.09 -11.35 2.46178430194
14.92 22.48 -10.88 2.62109821036
12.26 17.22 -6.25 3.54436212661
15.65 18.85 -3.9 2.57789518755
16.03 20.95 -2.76 2.28148428923
18.15 18.68 -3.28 2.57789518755
16.79 16.61 -3.86 2.57789518755
15.91 22.45 -5.08 2.97245262608
16.77 22.96 -6.24 2.97245262608
13.8 23.57 -4.71 2.65003072421
12.36 23.8 -4.89 2.78912757715
11.53 22.92 -3.96 2.66677603688
10.3 22.86 -4.07 2.5427976846
12.12 23.7 -6.47 2.78912757715
12.59 24.81 -7.37 2.66677603688
13.35 24.57 -8.5 2.58878484312
12.45 26.16 -7.29 2.72038202399
13.64 25.73 -9.07 2.72038202399
13.09 26.69 -8.37 2.65003072421
12.21 22.25 -3.05 2.22402568616
9.7 21.18 -0.52 2.06703446881
12.56 20.68 -1.2 2.41516305987
13.08 21.55 -0.03 2.41516305987
12.1 19.32 -0.75 2.41516305987
10.47 23.24 -1.03 2.7203848681
9.51 23.92 -0.11 2.85287250891
8.28 24.17 -0.98 2.73628278469
7.37 24.92 -0.61 2.61895377264
10.16 25.21 0.42 2.85287250891
11.01 24.93 1.63 2.73628278469
12.08 25.47 1.87 2.61895377264
10.55 24.16 2.42 2.61895377264
8.27 23.54 -2.14 2.7203848681
7.15 23.7 -3.06 2.85287250891
7.06 25.17 -3.54 2.85287250891
6.59 25.28 -4.97 2.73628278469
7.3 25.17 -5.95 2.61895377264
5.4 25.42 -5.11 2.61895377264
7.09 21.49 -4.03 2.41269401738
7.26 19.07 -4.5 2.57789518755
8.67 18.54 -4.4 2.57789518755
8.82 17.26 -3.15 2.46421089331
3.68 21.04 -6.32 2.97245262608
4.2 21.67 -7.61 2.8655882766
4.5 20.97 -8.58 2.75923199067
2.71 21.72 -5.41 2.97245262608
3.11 21.18 -4.05 2.97245262608
4.64 21.16 -4.09 2.97245262608
4.29 22.99 -7.6 2.41269401738
4.77 23.73 -8.77 2.57789518755
5.88 23.36 -9.76 2.43285482807
5.72 23.52 -10.98 2.28148428923
5.24 25.13 -8.36 2.57789518755
5.09 26.12 -9.49 2.43285482807
4.48 25.91 -10.52 2.28148428923
5.64 27.37 -9.26 2.46421089331
6.98 22.87 -9.22 2.22402568616
8.05 22.53 -10.04 2.41516305987
7.89 21.21 -10.79 2.24769809506
8.24 21.1 -11.98 2.06703446881
9.33 22.28 -9.13 2.41516305987
7.16 18.94 -10.69 2.41516305987
5.86 18.68 -11.46 2.24769809506
7.19 17.81 -9.62 2.41516305987
8.64 16.35 -8.25 2.41516305987
9.61 18.3 -9.41 2.41516305987
5.11 19.75 -11.66 2.57572842164
3.84 19.64 -12.38 2.72232757201
3.61 18.8 -13.64 2.59344389372
2.72 17.93 -13.67 2.46178430194
3.37 21.0 -12.85 2.72232757201
2.22 21.45 -12.16 2.53400746709
4.4 19.06 -14.65 2.22402568616
4.33 18.34 -15.99 2.41516305987
4.85 16.9 -15.98 2.24769809506
4.78 16.19 -16.99 2.06703446881
5.14 19.09 -16.95 2.41516305987
5.36 16.49 -14.83 2.22402568616
7.27 15.17 -13.99 2.41516305987
8.51 15.11 -14.86 2.24769809506
8.23 14.26 -16.07 2.41516305987
8.92 16.5 -15.29 2.41516305987
0.37 15.4 -12.77 3.00350354728
2.65 15.75 -11.29 3.18635814682
1.95 15.05 -10.27 3.0526522229
0.33 15.02 -15.52 3.374854362
0.75 13.94 -16.52 3.29292659605
-0.07 13.13 -16.96 3.21343256117
0.21 16.47 -16.04 3.374854362
-0.81 16.57 -17.14 3.29292659605
-0.58 16.4 -18.32 3.21343256117
-2.11 16.83 -16.73 3.21343256117
2.03 13.95 -16.86 2.22402568616
2.56 12.97 -17.81 2.41516305987
4.02 13.32 -18.17 2.41516305987
4.28 11.63 -19.95 2.41516305987
6.29 12.73 -19.01 2.41516305987
6.03 9.02 -13.86 3.80609061566
7.37 10.59 -14.58 3.80609061566
7.31 9.35 -14.16 3.77074517528
-2.93 10.18 -14.98 2.75923199067
-0.94 11.44 -13.0 2.97245262608
-2.57 11.76 -17.22 2.85287250891
-2.19 10.92 -18.45 2.73628278469
-2.89 9.97 -18.81 2.61895377264
-2.59 13.26 -17.51 2.85287250891
-3.75 14.01 -16.9 2.73628278469
-5.06 13.57 -17.01 2.66237033299
-3.8 15.17 -16.2 2.78727419845
-5.85 14.43 -16.41 2.78727419845
-5.11 15.39 -15.89 2.7203848681
-1.08 11.29 -19.06 2.7203848681
-0.61 10.57 -20.26 2.85287250891
-0.18 9.1 -20.22 2.73628278469
-0.41 8.35 -21.17 2.61895377264
0.62 11.25 -20.86 2.85287250891
1.66 10.29 -21.42 2.85287250891
2.34 10.89 -22.64 2.85287250891
2.27 9.95 -23.83 2.85287250891
3.43 9.04 -23.86 2.85287250891
0.9 7.33 -18.95 2.41516305987
0.24 6.34 -17.99 2.24769809506
0.36 5.12 -18.15 2.06703446881
2.37 7.32 -18.5 2.41516305987
4.48 8.58 -18.32 2.41516305987
3.88 7.52 -20.47 2.41516305987
-0.43 3.78 -15.61 2.5427976846
-2.34 5.31 -16.63 2.78912757715
-3.22 6.17 -17.55 2.78912757715
-4.42 6.7 -16.78 2.78912757715
-5.5 7.08 -17.7 2.65003072421
-5.92 6.3 -18.72 2.66677603688
-5.05 5.52 -19.39 2.69295246139
-7.19 6.31 -19.05 2.69295246139
3.79 4.49 -12.51 2.97245262608
3.61 5.48 -14.84 2.97245262608
0.73 2.9 -12.21 3.62225757892
-0.06 0.9 -11.01 3.69904372689
-0.71 0.38 -9.75 3.63125461652
-0.83 1.01 -8.72 3.56629383662
-1.18 -0.73 -9.83 3.56629383662
1.88 3.67 -6.95 3.19656430018
2.59 4.24 -6.11 3.11200838625
0.05 5.11 -7.12 3.28331166428
-1.31 4.68 -7.65 3.28331166428
1.74 2.36 -7.04 2.22402568616
2.44 1.46 -6.12 2.41516305987
4.79 0.92 -6.05 2.06703446881
1.72 0.13 -6.03 2.41516305987
2.42 -1.04 -6.77 2.41516305987
1.34 -0.23 -4.62 2.41516305987
5.26 1.8 -8.64 2.57789518755
6.25 2.9 -8.23 2.43285482807
7.44 2.84 -8.58 2.28148428923
5.05 1.91 -10.16 2.57789518755
4.52 0.62 -10.73 2.43285482807
4.23 0.44 -11.9 2.28148428923
4.44 -0.44 -9.84 2.46421089331
6.59 4.99 -7.05 2.0
7.21 4.52 -5.74 1.74
8.34 4.91 -5.39 1.4
5.74 6.23 -6.89 2.0
5.27 6.84 -8.18 1.74
6.08 7.7 -8.84 1.86
4.07 6.49 -8.76 1.86
5.7 8.29 -10.08 1.86
3.72 7.06 -10.03 1.86
4.51 7.97 -10.64 1.86
6.48 3.68 -5.04 2.7203848681
6.96 3.15 -3.76 2.85287250891
8.24 2.38 -4.06 2.73628278469
9.25 2.53 -3.37 2.61895377264
5.93 2.24 -3.1 2.85287250891
5.15 2.89 -1.97 2.85287250891
3.95 2.04 -1.57 2.85287250891
3.09 2.74 -0.53 2.85287250891
1.94 1.88 -0.13 2.85287250891
9.34 0.76 -5.5 2.32485688748
8.91 -0.34 -6.49 2.32485688748
7.44 -2.18 -7.24 2.32485688748
7.81 -1.82 -4.83 2.32485688748
11.13 3.94 -8.65 2.32485688748
12.11 4.93 -9.25 2.14243103283
11.5 5.6 -10.46 2.32485688748
11.23 4.38 -5.51 2.57572842164
11.56 5.06 -4.28 2.72232757201
12.55 4.2 -3.49 2.59344389372
13.56 4.71 -2.98 2.46178430194
10.37 5.39 -3.45 2.72232757201
9.69 6.57 -3.89 2.53400746709
12.26 2.92 -3.42 2.91219395265
13.12 1.99 -2.69 3.0287949135
12.34 0.72 -2.37 3.0287949135
13.09 -0.31 -1.57 2.92608152912
13.47 -1.53 -2.1 2.86177391959
13.51 -0.32 -0.28 2.97082099925
14.08 -2.23 -1.16 2.97082099925
18.72 5.18 -3.96 1.94074133197
15.81 5.89 -5.39 2.32485688748
16.09 6.92 -6.46 2.14243103283
16.91 6.29 -7.56 2.32485688748
14.8 7.47 -7.02 2.32485688748
16.54 4.2 -0.47 2.32485688748
14.73 5.16 0.91 2.32485688748
16.56 6.62 0.11 2.32485688748
21.52 0.66 -2.86 2.75923199067
19.43 -1.28 -3.46 2.97245262608
20.83 3.52 -5.65 3.54436212661
21.87 3.91 -6.66 3.54436212661
23.07 5.05 -1.34 2.24769809506
21.22 6.94 -1.49 2.41516305987
20.79 8.2 -2.22 2.24769809506
21.65 8.41 -3.44 2.41516305987
19.34 8.11 -2.62 2.41516305987
25.32 2.57 0.54 2.06703446881
25.4 1.28 -1.91 2.41516305987
26.56 2.06 -2.53 2.24769809506
27.59 1.48 -2.92 2.06703446881
24.81 0.43 -3.04 2.41516305987
27.42 4.22 -3.22 2.97245262608
27.81 5.23 -2.14 2.8655882766
28.86 5.89 -2.23 2.75923199067
26.86 4.89 -4.46 2.97245262608
27.89 3.9 -6.55 2.79843848817
25.84 3.22 -6.19 2.91219147086
27.56 3.09 -7.53 2.91219147086
26.34 2.65 -7.32 2.85110369563
27.22 6.26 -0.03 2.41516305987
27.16 6.03 1.48 2.24769809506
26.26 7.48 -0.13 2.41516305987
24.94 9.08 -1.46 2.41516305987
27.4 9.05 -1.68 2.41516305987
28.13 5.43 4.7 2.98417189675
27.64 4.97 5.73 2.88653560143
28.88 3.53 3.43 3.08311555793
29.98 4.05 2.53 3.08311555793
29.24 4.72 1.38 3.08311555793
28.84 6.55 4.66 2.22402568616
29.08 7.33 5.88 2.41516305987
28.06 8.45 6.05 2.24769809506
27.75 8.86 7.18 2.06703446881
30.45 8.02 5.75 2.41516305987
27.55 8.93 4.93 3.18494045613
26.57 10.0 4.94 3.28331166428
25.19 9.36 5.09 3.19656430018
24.22 10.03 5.48 3.11200838625
26.61 10.87 3.66 3.28331166428
27.91 10.8 2.83 3.28331166428
28.61 12.18 2.56 3.19656430018
28.07 13.04 1.92 3.11200838625
29.71 12.17 3.1 3.11200838625
25.12 8.08 4.77 1.7
23.85 7.34 4.86 2.0
23.57 6.82 6.27 1.74
23.45 5.61 6.49 1.4
23.87 6.19 3.88 2.0
21.66 6.27 2.79 1.86
23.2 7.38 8.61 2.97245262608
23.7 8.55 9.48 2.97245262608
22.76 9.59 9.25 2.81719981417
25.09 8.99 9.11 2.97245262608
19.8 5.4 11.19 3.54436212661
21.19 4.8 11.3 3.54436212661
22.11 5.9 10.76 3.54436212661
19.31 8.55 10.38 2.41269401738
18.46 9.74 10.42 2.57789518755
17.22 10.69 8.58 2.28148428923
19.14 10.89 11.16 2.57789518755
20.92 10.48 4.75 2.97245262608
21.39 11.89 6.81 2.97245262608
16.36 4.54 4.96 3.80609061566
16.84 2.5 5.6 3.80609061566
16.01 3.23 4.89 3.77074517528
14.66 8.53 7.08 2.72232757201
13.04 9.87 5.88 2.46178430194
14.51 8.88 8.57 2.72232757201
15.12 10.72 6.16 2.65003072421
14.82 11.96 5.45 2.78912757715
13.93 12.39 3.24 2.5427976846
15.85 13.02 5.74 2.78912757715
16.06 13.19 7.14 2.61066977765
15.63 10.59 1.99 2.41516305987
13.53 10.35 0.83 2.06703446881
16.8 9.65 1.67 2.41516305987
17.92 10.19 0.79 2.24769809506
17.79 11.69 0.69 2.41516305987
19.26 9.82 1.37 2.41516305987
12.63 8.32 2.49 3.54436212661
10.38 9.03 1.97 3.39902103994
12.52 7.23 3.57 3.54436212661
11.3 6.36 3.36 3.47033660994
10.19 6.61 3.79 3.39902103994
11.47 5.4 2.67 3.39902103994
10.49 11.23 3.66 3.32971220156
10.37 11.31 6.21 3.32971220156
10.8 12.12 7.43 3.32971220156
10.53 11.37 8.73 3.32971220156
9.67 12.17 9.63 3.32971220156
13.2 13.46 0.37 2.0
12.94 15.28 -1.28 1.86
14.31 13.47 -1.89 1.86
13.18 15.91 -2.54 1.86
14.57 14.13 -3.14 1.86
10.73 10.61 -1.9 2.32485688748
9.28 10.15 -1.77 2.14243103283
8.63 9.79 -2.77 1.94074133197
11.55 9.34 -2.22 2.32485688748
13.05 9.47 -2.29 2.14243103283
13.68 8.09 -2.23 2.32485688748
13.47 10.17 -3.56 2.32485688748
8.78 10.17 -0.55 2.22402568616
7.43 9.77 -0.26 2.41516305987
6.64 11.03 -0.63 2.24769809506
5.41 10.99 -0.77 2.06703446881
7.12 9.49 1.2 2.41516305987
6.73 13.41 -1.12 2.97245262608
6.0 14.5 -3.14 2.75923199067
7.39 14.54 -0.4 2.97245262608
7.06 14.55 0.99 2.81719981417
9.31 12.85 -5.15 2.72232757201
9.46 12.47 -6.64 2.72232757201
10.36 13.83 -4.7 2.72232757201
5.51 10.38 -5.3 2.78912757715
4.07 10.74 -4.94 2.66677603688
3.11 10.2 -5.52 2.5427976846
5.74 8.97 -4.81 2.78912757715
7.1 8.73 -4.48 2.61066977765
3.94 11.64 -3.99 2.57572842164
2.61 12.08 -3.54 2.72232757201
1.16 13.32 -5.02 2.46178430194
2.74 12.53 -2.07 2.72232757201
2.41 11.36 -1.32 2.53400746709
1.81 13.66 -1.73 2.72232757201
3.16 15.07 -5.93 2.57789518755
1.99 14.74 -8.02 2.28148428923
4.63 16.69 -7.23 2.57789518755
4.61 16.63 -4.69 2.57789518755
2.3 11.82 -9.03 2.43285482807
1.95 11.48 -10.16 2.28148428923
6.98 10.93 -9.64 2.57789518755
6.15 13.23 -10.03 2.57789518755
0.35 10.89 -8.02 2.78912757715
-0.97 11.66 -7.85 2.66677603688
0.35 9.77 -6.92 2.78912757715
0.57 10.48 -5.71 2.61066977765
1.45 8.77 -7.15 2.78912757715
-0.84 12.95 -7.63 2.65003072421
-3.13 14.39 -8.28 2.66677603688
-4.02 15.12 -7.81 2.5427976846
-1.62 15.17 -6.93 2.78912757715
-0.31 15.53 -7.35 2.61066977765
-3.1 14.02 -9.55 2.7203848681
-4.14 14.47 -10.48 2.85287250891
-4.91 13.19 -10.17 2.73628278469
-6.1 13.07 -10.48 2.61895377264
-3.56 14.67 -11.89 2.85287250891
-4.59 14.71 -13.0 2.85287250891
-5.9 14.08 -12.55 2.85287250891
-6.92 14.04 -13.68 2.85287250891
-8.17 13.38 -13.25 2.85287250891
-4.21 12.24 -9.57 2.65003072421
-4.81 10.98 -9.19 2.78912757715
-5.8 11.36 -8.09 2.66677603688
-6.97 11.67 -8.36 2.5427976846
-3.72 9.97 -8.79 2.78912757715
-1.81 8.74 -9.89 2.72038202399
-3.88 8.95 -11.11 2.72038202399
-3.34 8.22 -12.21 2.72038202399
-5.31 11.33 -6.86 2.41269401738
-6.16 11.66 -5.71 2.57789518755
-7.17 12.97 -7.47 2.28148428923
-5.31 12.01 -4.47 2.57789518755
-4.09 11.09 -4.25 2.57789518755
-2.81 11.87 -4.49 2.57789518755
-1.79 11.53 -3.48 2.41269401738
-1.84 10.4 -2.73 2.43285482807
-3.0 9.77 -2.51 2.46421089331
-0.72 9.92 -2.23 2.46421089331
-7.4 13.7 -5.34 2.28148428923
9.21 -19.44 -2.73 2.11633202144
10.31 -19.76 -3.68 2.32485688748
10.61 -20.4 -5.03 2.14243103283
9.7 -20.89 -5.72 1.94074133197
11.34 -20.63 -2.93 2.32485688748
10.86 -21.23 -1.58 2.32485688748
11.93 -21.67 -3.84 2.32485688748
11.88 -20.39 -5.4 2.7203848681
12.3 -20.98 -6.68 2.85287250891
14.6 -21.71 -6.59 2.61895377264
11.56 -20.26 -7.81 2.85287250891
11.62 -20.96 -9.15 2.73628278469
11.63 -20.27 -10.35 2.66237033299
11.63 -22.28 -9.47 2.78727419845
11.65 -21.14 -11.33 2.78727419845
11.68 -22.35 -10.82 2.7203848681
14.2 -19.49 -6.69 2.11633202144
15.62 -19.14 -6.67 2.32485688748
16.09 -20.08 -7.78 2.14243103283
15.84 -21.3 -7.73 1.94074133197
16.22 -19.39 -5.27 2.32485688748
15.96 -18.36 -4.19 2.14243103283
14.71 -17.57 -4.5 2.32485688748
17.27 -20.31 -9.88 2.78912757715
18.7 -20.64 -9.45 2.66677603688
17.14 -19.44 -11.15 2.78912757715
18.05 -18.36 -10.93 2.61066977765
15.74 -18.91 -11.34 2.78912757715
19.07 -21.89 -9.63 2.7203848681
20.41 -22.35 -9.24 2.85287250891
21.18 -21.04 -9.05 2.73628278469
21.64 -20.73 -7.94 2.61895377264
20.87 -23.16 -10.41 2.85287250891
20.12 -22.6 -11.61 2.85287250891
18.78 -22.15 -11.03 2.85287250891
21.32 -20.3 -10.13 2.85110369563
22.03 -19.03 -10.08 2.97245262608
22.3 -16.71 -9.5 2.75923199067
22.21 -18.4 -11.5 2.97245262608
20.92 -18.04 -12.26 2.97245262608
21.13 -17.66 -13.77 2.8655882766
20.34 -16.98 -14.36 2.75923199067
22.18 -18.17 -14.15 2.75923199067
20.13 -16.69 -7.77 2.97245262608
18.15 -15.8 -9.25 2.97245262608
16.66 -15.28 -9.24 2.8655882766
16.36 -14.24 -9.74 2.75923199067
15.97 -16.12 -8.68 2.75923199067
21.83 -18.99 -4.52 2.92608152912
22.04 -18.8 -3.31 2.8243183199
20.37 -20.8 -5.3 3.0287949135
19.4 -21.57 -4.42 3.0287949135
19.52 -21.13 -2.96 3.0287949135
19.28 -22.29 -2.01 3.0287949135
20.47 -22.53 -1.16 3.0287949135
22.77 -18.95 -5.44 2.65003072421
24.16 -18.67 -5.08 2.78912757715
25.84 -17.21 -4.15 2.5427976846
25.1 -19.15 -6.17 2.78912757715
25.47 -18.11 -7.07 2.61066977765
24.13 -16.27 -5.28 2.41269401738
24.63 -14.91 -5.1 2.57789518755
24.74 -14.02 -2.85 2.28148428923
23.93 -13.84 -5.96 2.57789518755
20.56 -16.74 -1.1 3.54436212661
23.9 -17.96 -0.17 2.78912757715
25.82 -17.55 1.22 2.5427976846
23.96 -19.4 -0.72 2.78912757715
22.94 -20.09 -0.0 2.61066977765
25.3 -20.05 -0.49 2.78912757715
27.21 -16.19 -0.76 2.57789518755
27.53 -14.76 -0.34 2.43285482807
28.68 -14.3 -0.48 2.28148428923
27.78 -16.36 -2.18 2.57789518755
26.68 -12.69 0.61 2.32485688748
26.54 -13.1 2.07 2.14243103283
27.46 -12.89 2.88 1.94074133197
25.62 -11.79 -0.02 2.32485688748
25.88 -10.3 -0.09 2.14243103283
24.62 -9.58 -0.5 2.32485688748
26.35 -9.78 1.25 2.32485688748
25.73 -14.42 6.1 2.46178430194
24.13 -15.27 3.74 2.72232757201
22.74 -16.16 5.8 2.65002772709
21.61 -15.72 6.58 2.57572842164
21.27 -14.56 6.17 2.59344389372
20.25 -13.77 6.7 2.65002772709
27.09 -15.32 4.55 2.41269401738
28.01 -15.88 5.55 2.57789518755
29.17 -14.89 5.5 2.43285482807
30.27 -15.18 5.98 2.28148428923
28.91 -13.73 4.92 2.7203848681
29.95 -12.72 4.81 2.85287250891
29.19 -11.81 5.78 2.73628278469
29.69 -10.76 6.21 2.61895377264
30.1 -12.23 3.36 2.85287250891
31.47 -12.49 2.77 2.85287250891
31.85 -11.4 1.77 2.85287250891
32.38 -11.98 0.48 2.85287250891
31.59 -11.52 -0.68 2.85287250891
27.98 -12.23 6.12 2.22402568616
27.15 -11.47 7.03 2.41516305987
27.2 -11.5 8.55 2.24769809506
26.79 -12.49 9.18 2.06703446881
24.77 -11.72 8.04 2.41516305987
25.12 -10.93 5.65 2.41516305987
27.71 -10.43 9.13 2.41269401738
27.83 -10.35 10.6 2.57789518755
26.54 -10.31 11.42 2.43285482807
28.63 -9.07 10.97 2.57789518755
28.62 -8.85 12.46 2.43285482807
27.93 -9.46 13.26 2.28148428923
29.53 -7.91 12.93 2.46421089331
24.14 -12.75 12.34 2.72232757201
25.17 -13.8 11.83 2.72232757201
23.95 -12.81 13.83 2.72232757201
24.74 -10.81 14.18 3.28197651502
24.6 -10.03 15.42 3.374854362
24.64 -8.51 15.4 3.29292659605
24.25 -7.85 16.38 3.21343256117
25.71 -10.44 16.41 3.374854362
25.14 -11.18 17.6 3.29292659605
25.89 -11.33 18.52 3.21343256117
25.18 -6.51 14.15 3.41882014206
24.57 -6.01 12.84 3.33906215107
24.88 -4.9 12.38 3.26182836231
26.66 -6.01 14.17 3.41882014206
27.62 -6.74 15.12 3.41882014206
28.24 -5.85 16.26 3.33906215107
28.66 -6.33 17.27 3.26182836231
28.18 -4.68 15.9 3.26182836231
22.65 -7.39 8.62 2.97245262608
24.99 -7.16 9.58 2.97245262608
20.14 -8.18 12.74 2.41516305987
18.4 -6.52 12.89 2.06703446881
20.36 -6.08 13.91 2.22402568616
19.94 -4.77 14.4 2.41516305987
20.18 -3.35 13.9 2.24769809506
19.86 -2.37 14.59 2.06703446881
20.74 -3.26 12.71 3.46048228099
21.04 -1.96 12.12 3.54436212661
22.29 -2.0 11.19 3.54436212661
23.07 -0.68 11.02 3.54436212661
22.85 0.05 9.64 3.47033660994
22.28 1.09 9.56 3.39902103994
23.36 -0.65 8.76 3.39902103994
17.75 -4.68 10.13 3.54436212661
16.47 -3.42 12.62 2.22402568616
15.27 -3.26 13.46 2.41516305987
15.28 -4.29 14.61 2.41516305987
13.95 -4.71 15.19 2.24769809506
13.77 -4.08 16.55 2.41516305987
12.82 -4.31 14.28 2.41516305987
17.05 -0.06 14.46 3.54436212661
22.02 3.03 8.06 4.86871893522
10.39 -1.72 9.77 2.41516305987
10.58 -2.67 12.04 2.41516305987
11.9 3.64 14.01 2.24769809506
11.27 4.51 14.62 2.06703446881
11.9 1.68 15.6 2.41516305987
12.78 0.02 17.2 2.41516305987
13.34 5.29 12.94 2.32485688748
12.14 6.92 11.63 1.94074133197
15.43 6.63 12.22 2.32485688748
15.53 4.98 14.14 2.32485688748
12.14 5.35 9.35 2.32485688748
9.87 6.04 8.9 1.94074133197
12.93 5.22 6.88 2.32485688748
13.97 3.76 8.69 2.32485688748
8.75 3.8 10.07 3.08311555793
8.69 3.33 6.99 3.02722347308
9.29 3.26 5.66 3.02722347308
10.58 1.33 6.35 3.02722347308
10.72 2.18 4.13 2.93964069245
7.88 6.3 13.97 3.54436212661
7.87 7.09 12.67 3.54436212661
8.53 6.16 11.66 3.54436212661
4.74 1.97 14.74 2.43285482807
4.23 1.5 15.76 2.28148428923
3.18 3.09 13.05 2.57789518755
3.79 1.23 11.29 2.49686919338
4.3 1.18 9.93 2.41269401738
4.79 2.77 8.22 2.49686919338
4.49 5.01 9.04 2.49686919338
4.8 4.12 8.03 2.49686919338
6.32 0.13 14.57 2.97245262608
6.95 -0.79 16.71 2.75923199067
7.49 -0.22 13.64 2.97245262608
7.06 -0.36 12.2 2.97245262608
6.3 1.2 18.83 2.59344389372
6.6 0.61 19.88 2.46178430194
7.67 3.15 18.03 2.72232757201
9.02 3.53 17.61 2.72232757201
8.78 5.7 18.63 2.46178430194
10.13 5.54 16.85 2.62109821036
3.92 1.05 19.29 2.72232757201
3.79 -0.58 21.06 2.46178430194
2.61 1.0 18.5 2.72232757201
1.38 0.55 19.31 2.72232757201
0.12 0.77 18.5 2.72232757201
-1.04 0.14 19.14 2.57572842164
-1.16 0.01 20.48 2.59344389372
-0.26 -0.68 21.19 2.62109821036
-2.19 0.58 21.09 2.62109821036
5.05 -2.58 19.59 2.0
6.31 -2.95 20.37 1.74
6.52 -4.12 20.72 1.4
5.07 -3.51 18.41 2.0
3.88 -3.4 17.51 1.74
3.85 -2.43 16.57 1.86
2.85 -4.31 17.54 1.86
2.76 -2.28 15.67 1.86
1.77 -4.18 16.6 1.86
1.73 -3.17 15.72 1.86
8.37 -2.2 21.39 2.0
8.55 -1.2 22.53 1.74
9.64 -0.64 22.73 1.4
10.25 -4.24 19.32 1.86
8.76 -3.67 17.06 1.86
10.22 -5.11 18.17 1.86
9.46 -4.82 17.1 1.86
7.47 -0.97 23.26 3.18494045613
7.51 -0.03 24.4 3.28331166428
7.89 -0.91 25.59 3.19656430018
8.09 -0.41 26.71 3.11200838625
6.13 0.68 24.59 3.28331166428
5.48 1.31 23.34 3.28331166428
4.07 1.96 23.58 3.19656430018
3.43 1.72 24.56 3.11200838625
3.82 2.7 22.63 3.11200838625
7.98 -2.2 25.34 2.57572842164
8.33 -3.14 26.44 2.72232757201
9.79 -2.67 26.45 2.59344389372
10.54 -2.97 27.39 2.46178430194
8.04 -4.57 25.94 2.72232757201
9.23 -5.33 25.75 2.53400746709
11.51 -1.44 25.28 2.0
12.68 -0.46 25.45 1.74
13.82 -0.78 25.11 1.4
11.92 -1.38 23.83 2.0
11.98 -3.89 23.7 1.86
12.57 -5.09 23.17 1.86
13.54 -5.04 22.23 1.86
12.37 0.71 25.98 2.41269401738
13.39 1.75 26.21 2.57789518755
13.11 3.13 25.6 2.43285482807
11.98 3.42 25.19 2.28148428923
14.14 3.95 25.55 3.28197651502
14.0 5.3 24.99 3.374854362
15.07 4.21 23.12 3.21343256117
15.11 6.22 25.58 3.374854362
15.03 7.6 24.99 3.29292659605
16.0 8.31 24.77 3.21343256117
13.94 7.97 24.67 3.21343256117
13.18 5.38 22.72 2.11633202144
13.18 5.08 21.28 2.32485688748
12.9 6.4 20.57 2.14243103283
12.45 6.41 19.41 1.94074133197
12.12 4.0 20.96 2.32485688748
12.18 2.7 21.73 2.14243103283
11.06 1.8 21.27 2.32485688748
13.16 7.5 21.26 2.57572842164
12.89 8.86 20.67 2.72232757201
13.73 9.79 19.79 2.59344389372
13.22 10.78 19.25 2.46178430194
12.64 9.83 21.79 2.72232757201
11.69 10.81 21.39 2.53400746709
15.0 9.45 19.67 2.57572842164
15.92 10.27 18.86 2.72232757201
16.6 9.01 18.32 2.59344389372
16.67 11.21 19.82 2.72232757201
17.98 10.67 19.89 2.53400746709
16.04 11.25 21.19 2.72232757201
17.03 9.08 17.07 2.7203848681
17.69 7.93 16.39 2.85287250891
18.89 7.23 17.03 2.73628278469
19.08 6.02 16.86 2.61895377264
17.75 8.32 14.98 2.85287250891
17.35 9.78 14.91 2.85287250891
16.4 9.97 16.1 2.85287250891
19.68 8.01 17.74 3.18494045613
20.86 7.47 18.42 3.28331166428
20.54 6.5 19.55 3.19656430018
21.27 5.53 19.79 3.11200838625
21.73 8.62 18.96 3.28331166428
22.28 9.48 17.86 3.19656430018
22.65 9.06 16.77 3.11200838625
22.3 10.66 18.07 3.11200838625
19.44 6.78 20.24 2.22402568616
19.02 5.93 21.37 2.41516305987
18.29 4.63 21.02 2.24769809506
17.75 3.95 21.89 2.06703446881
18.03 6.77 22.18 2.41516305987
19.25 1.34 19.57 2.46178430194
15.82 2.26 17.6 2.72232757201
15.79 4.64 18.48 2.72232757201
20.69 2.02 17.3 2.32485688748
21.73 1.62 18.34 2.14243103283
22.8 1.08 18.0 1.94074133197
21.41 2.9 16.25 2.32485688748
20.46 3.38 15.18 2.32485688748
19.71 2.01 14.3 2.18262886222
20.07 2.51 12.64 2.32485688748
21.42 1.89 19.59 2.41269401738
22.34 1.58 20.7 2.57789518755
21.41 1.21 21.86 2.43285482807
21.58 1.69 22.99 2.28148428923
20.44 0.37 21.57 2.41269401738
19.46 -0.05 22.57 2.57789518755
20.2 -1.39 22.49 2.43285482807
20.45 -1.91 21.39 2.28148428923
18.04 0.12 22.06 2.57789518755
17.03 -0.03 23.16 2.43285482807
17.02 -0.92 23.99 2.28148428923
16.09 0.99 23.25 2.46421089331
21.24 -3.15 23.71 2.97245262608
20.01 -4.03 23.5 2.8655882766
20.12 -5.21 23.14 2.75923199067
21.61 -3.35 25.16 2.97245262608
21.69 -1.92 25.65 2.97245262608
20.54 -1.21 24.92 2.97245262608
17.6 -4.16 23.59 3.18635814682
16.13 -5.09 21.91 3.00350354728
16.51 -3.91 25.88 3.18635814682
15.46 -4.96 26.21 3.18635814682
14.92 -4.81 27.62 3.18635814682
14.93 -3.39 28.03 3.18635814682
16.87 -2.0 19.42 2.97245262608
17.04 -1.79 17.9 2.97245262608
19.31 -4.27 19.72 2.85110369563
20.43 -4.97 19.13 2.97245262608
20.59 -7.32 18.64 2.75923199067
21.77 -4.49 19.62 2.97245262608
22.38 -5.38 20.69 2.97245262608
23.8 -4.93 21.03 2.97245262608
24.09 -5.05 22.51 2.97245262608
24.95 -3.94 22.97 2.97245262608
19.34 -8.09 20.98 2.57789518755
18.22 -8.86 20.28 2.43285482807
18.37 -10.04 19.95 2.28148428923
18.94 -8.01 22.47 2.57789518755
17.11 -8.18 20.07 2.85110369563
15.95 -8.8 19.41 2.97245262608
14.73 -7.92 19.61 2.97245262608
13.43 -8.5 19.09 2.8655882766
12.87 -9.64 19.62 2.79843848817
12.62 -8.11 18.07 2.91219147086
11.77 -9.92 18.95 2.91219147086
11.59 -9.0 18.03 2.85110369563
17.11 -8.1 17.41 2.57572842164
17.49 -8.16 15.99 2.72232757201
18.36 -9.36 15.63 2.59344389372
18.98 -9.94 16.64 2.41269401738
19.84 -11.08 16.44 2.57789518755
19.13 -13.15 15.43 2.28148428923
20.78 -11.33 17.62 2.57789518755
22.24 -11.54 17.25 2.57789518755
22.77 -12.84 17.84 2.57789518755
23.29 -13.77 16.76 2.57789518755
22.42 -14.96 16.62 2.57789518755
16.77 -13.29 16.9 2.57789518755
16.31 -13.28 15.44 2.43285482807
16.12 -14.35 14.83 2.28148428923
15.61 -13.03 17.83 2.57789518755
15.62 -13.9 19.07 2.57789518755
17.03 -14.03 19.65 2.57789518755
17.51 -15.47 19.63 2.57789518755
18.98 -15.53 19.46 2.57789518755
15.64 -11.95 13.57 2.41516305987
15.78 -12.06 11.16 2.06703446881
15.07 -10.56 13.32 2.41516305987
14.72 -10.21 11.85 2.41516305987
13.93 -10.29 14.26 2.41516305987
18.56 -12.26 11.17 2.41516305987
18.36 -13.74 11.49 2.24769809506
18.51 -14.6 10.61 2.06703446881
19.88 -11.51 11.36 2.41516305987
21.5 -10.39 9.88 2.41516305987
19.08 -10.09 9.49 2.41516305987
18.02 -14.01 12.74 2.41269401738
17.81 -15.39 13.19 2.57789518755
17.04 -16.17 12.12 2.43285482807
17.62 -16.98 11.38 2.28148428923
15.75 -15.92 12.06 2.22402568616
14.9 -16.54 11.11 2.41516305987
14.83 -16.21 9.62 2.24769809506
13.88 -16.59 8.93 2.06703446881
13.48 -16.34 11.65 2.41516305987
15.91 -15.1 7.69 2.0
15.38 -12.7 7.17 1.74
14.9 -11.8 8.05 1.86
13.94 -10.82 7.68 1.86
14.04 -11.6 5.48 1.86
13.53 -10.75 6.39 1.86
18.64 -17.66 8.3 2.78912757715
17.95 -19.01 8.16 2.66677603688
18.36 -19.86 7.35 2.5427976846
19.55 -17.72 9.5 2.78912757715
20.49 -16.65 9.51 2.61066977765
16.91 -19.21 8.96 3.18494045613
16.17 -20.48 8.93 3.28331166428
15.49 -20.51 7.56 3.19656430018
15.16 -21.58 7.04 3.11200838625
15.16 -20.51 10.1 3.28331166428
15.49 -21.61 11.07 3.19656430018
15.28 -22.8 10.88 3.11200838625
16.05 -21.27 12.08 3.11200838625
17.94 -19.6 2.97 2.24769809506
18.62 -19.76 1.94 2.06703446881
18.84 -17.48 3.99 2.41516305987
19.65 -16.66 3.0 2.24769809506
20.94 -16.2 3.63 2.41516305987
17.75 -21.98 3.34 2.57789518755
16.85 -23.02 4.02 2.43285482807
17.27 -23.74 4.93 2.28148428923
19.18 -22.31 3.81 2.57789518755
15.61 -23.07 3.56 2.7203848681
14.64 -23.97 4.12 2.85287250891
12.45 -23.3 3.36 2.61895377264
14.56 -23.81 5.64 2.85287250891
14.36 -25.07 6.43 2.73628278469
13.46 -26.05 6.04 2.66237033299
14.9 -25.5 7.6 2.78727419845
13.47 -27.01 6.95 2.78727419845
14.35 -26.71 7.88 2.7203848681
14.23 -22.68 2.12 2.22402568616
13.4 -21.97 1.12 2.41516305987
12.3 -22.84 0.51 2.24769809506
14.31 -21.45 -0.01 2.41516305987
16.56 -20.5 -0.36 2.41516305987
14.61 -18.99 -0.25 2.41516305987
12.23 -24.07 0.99 3.18494045613
11.26 -24.97 0.48 3.28331166428
9.82 -25.04 1.01 3.19656430018
8.95 -25.66 0.38 3.11200838625
11.73 -26.46 0.67 3.28331166428
11.21 -27.36 -0.43 3.19656430018
11.58 -28.51 -0.61 3.11200838625
10.33 -26.9 -1.1 3.11200838625
9.61 -24.42 2.15 2.41269401738
8.26 -24.41 2.74 2.57789518755
9.19 -23.23 3.01 2.43285482807
10.42 -23.35 2.9 2.28148428923
8.1 -25.68 3.63 2.57789518755
6.67 -25.84 4.09 2.43285482807
5.7 -25.42 3.49 2.28148428923
6.49 -26.58 5.25 2.46421089331
8.59 -22.1 3.36 2.41269401738
8.12 -20.86 4.46 2.43285482807
9.58 -20.08 2.35 2.57789518755
10.12 -17.99 1.13 2.57789518755
7.1 -21.53 3.96 2.7203848681
5.81 -21.6 4.66 2.85287250891
5.61 -22.27 6.03 2.73628278469
4.72 -21.88 6.8 2.61895377264
4.76 -22.31 3.83 2.85287250891
4.3 -21.55 2.6 2.85287250891
5.29 -21.75 1.45 2.85287250891
4.66 -21.38 0.12 2.85287250891
5.07 -22.33 -0.94 2.85287250891
6.35 -24.01 7.57 2.72232757201
7.43 -23.8 8.62 2.59344389372
7.3 -24.25 9.77 2.46178430194
8.49 -23.12 8.22 2.57572842164
9.61 -22.85 9.13 2.72232757201
8.91 -21.79 9.98 2.59344389372
9.19 -21.65 11.18 2.46178430194
10.89 -23.42 7.26 2.53400746709
12.1 -22.38 9.06 2.72232757201
7.27 -20.0 10.04 2.0
5.88 -19.98 10.66 1.74
7.15 -18.79 9.13 2.0
9.46 -17.86 9.52 1.86
10.65 -17.27 8.99 1.86
10.83 -17.12 7.67 1.86
5.25 -21.14 10.69 2.22402568616
3.89 -21.25 11.24 2.41516305987
3.75 -20.57 12.6 2.24769809506
2.91 -19.68 12.79 2.06703446881
3.6 -22.74 11.49 2.41516305987
4.59 -20.99 13.53 2.41269401738
4.58 -20.43 14.89 2.57789518755
4.8 -18.93 15.12 2.43285482807
4.2 -18.32 16.01 2.28148428923
5.62 -21.16 15.72 2.57789518755
6.39 -21.87 14.76 2.36497245057
5.0 -22.12 16.71 2.57789518755
5.67 -18.37 14.3 2.22402568616
5.99 -16.93 14.41 2.41516305987
7.31 -16.62 13.69 2.41516305987
8.59 -17.18 14.28 2.24769809506
9.52 -17.61 13.17 2.41516305987
9.27 -16.14 15.14 2.41516305987
2.86 -16.69 10.75 3.54436212661
1.5 -17.07 10.61 3.43758922265
0.76 -17.43 14.69 3.41882014206
1.11 -16.26 15.61 3.33906215107
0.24 -15.47 15.99 3.26182836231
0.81 -18.84 15.34 3.41882014206
-0.45 -19.3 16.11 3.41882014206
-0.36 -20.75 16.71 3.33906215107
-0.61 -20.98 17.86 3.26182836231
-0.03 -21.52 15.81 3.26182836231
2.38 -16.18 15.96 2.22402568616
2.86 -15.12 16.84 2.41516305987
4.36 -15.26 17.1 2.41516305987
4.95 -14.56 18.31 2.24769809506
6.15 -13.75 17.89 2.41516305987
3.92 -13.66 18.95 2.41516305987
6.28 -10.61 13.82 3.80609061566
7.38 -12.29 14.67 3.80609061566
7.49 -11.04 14.28 3.77074517528
-1.78 -12.25 14.32 1.74
-2.53 -11.26 14.3 1.4
-0.98 -13.31 12.41 2.0
-3.08 -13.39 15.97 3.374854362
-2.62 -13.26 17.42 3.29292659605
-3.24 -13.81 18.34 3.21343256117
-3.88 -14.69 15.78 3.374854362
-2.96 -15.78 15.29 3.29292659605
-1.78 -15.86 15.56 3.21343256117
-3.48 -16.63 14.62 3.21343256117
-0.98 -12.34 18.95 3.0287949135
-0.82 -10.33 20.28 2.8243183199
0.26 -13.2 19.17 3.0287949135
0.0 -14.49 19.93 3.0287949135
-0.87 -14.23 21.16 3.0287949135
-1.23 -15.53 21.87 3.0287949135
-1.74 -15.26 23.23 3.0287949135
0.43 -8.87 18.29 2.41516305987
-0.51 -6.88 17.3 2.06703446881
1.96 -8.76 18.07 2.41516305987
4.31 -9.35 18.57 2.41516305987
2.64 -9.31 20.39 2.41516305987
-1.64 -8.24 15.17 2.97245262608
-1.37 -6.06 14.19 2.75923199067
-2.9 -7.61 15.76 2.97245262608
-3.53 -8.38 16.89 2.8655882766
-4.42 -9.41 16.68 2.79843848817
-3.41 -8.25 18.24 2.91219147086
-4.82 -9.88 17.85 2.91219147086
-4.21 -9.21 18.79 2.85110369563
1.12 -6.63 13.12 2.72232757201
3.52 -6.38 12.16 2.72232757201
3.14 -7.08 14.57 2.72232757201
0.21 -5.71 11.09 3.28197651502
-0.5 -5.73 9.81 3.374854362
1.79 -5.92 9.08 3.21343256117
-1.03 -4.32 9.47 3.374854362
-1.55 -4.25 8.06 3.29292659605
-2.73 -4.31 7.76 3.21343256117
-0.73 -4.07 7.21 3.21343256117
0.35 -8.26 5.93 3.54436212661
-0.77 -8.83 6.78 3.54436212661
-1.08 -7.72 7.78 3.54436212661
1.98 -5.68 5.97 3.32841402621
2.84 -4.86 5.09 3.41882014206
3.95 -4.19 5.89 3.33906215107
2.05 -3.76 4.36 3.41882014206
2.78 -2.42 4.13 3.41882014206
2.78 -1.9 2.64 3.33906215107
2.32 -2.56 1.75 3.26182836231
3.29 -0.79 2.62 3.26182836231
4.05 -4.57 7.15 2.41269401738
5.06 -3.99 8.04 2.57789518755
6.03 -5.17 7.91 2.43285482807
7.15 -5.14 8.45 2.28148428923
4.46 -3.7 9.42 2.57789518755
3.77 -2.36 9.45 2.43285482807
2.59 -2.19 9.67 2.28148428923
4.6 -1.26 9.27 2.46421089331
6.41 -7.39 7.01 2.0
8.43 -7.61 5.71 1.4
5.52 -8.59 6.8 2.0
5.47 -8.84 9.25 1.86
4.93 -9.33 10.47 1.86
7.56 -5.92 3.73 2.65207782941
8.49 -4.72 3.91 2.51571213812
9.5 -4.59 3.2 2.37505611705
6.63 -5.52 2.55 2.65207782941
6.39 -6.67 1.55 2.65207782941
4.94 -7.11 1.6 2.65207782941
4.82 -8.57 1.45 2.49687256947
3.67 -9.24 1.69 2.51571213812
2.59 -8.61 2.19 2.54507232427
3.63 -10.54 1.44 2.54507232427
8.93 -2.69 5.15 2.22693058289
11.32 -2.82 5.4 1.79544509739
8.18 -1.73 6.09 2.22693058289
6.42 -0.08 6.59 2.22693058289
7.02 -0.55 4.24 2.22693058289
13.44 -5.73 6.89 1.79544509739
10.75 -5.85 8.36 2.22693058289
11.8 -6.53 9.2 2.02565795104
13.01 -5.64 9.32 2.22693058289
11.26 -6.85 10.57 2.22693058289
11.82 -6.33 5.44 2.85110369563
12.71 -7.16 4.63 2.97245262608
13.96 -3.21 3.0 2.66677603688
11.57 -3.09 2.25 2.78912757715
10.95 -3.32 0.89 2.66677603688
10.26 -2.51 0.3 2.5427976846
11.27 -4.53 0.28 2.69295246139
13.88 -2.86 4.27 2.41269401738
14.95 -2.07 4.9 2.57789518755
14.43 -1.45 6.19 2.57789518755
12.92 -1.65 6.45 2.57789518755
16.33 -6.62 5.86 2.72232757201
17.27 -7.74 6.24 2.59344389372
16.87 -9.0 5.51 2.72232757201
16.53 0.15 1.68 1.8
23.29 -3.75 4.98 2.75923199067
21.72 -3.8 7.21 2.97245262608
22.54 -5.56 3.02 2.97245262608
22.26 -8.43 4.04 2.97245262608
25.41 -1.63 0.47 2.75923199067
22.29 -2.11 -0.31 2.97245262608
24.75 -0.33 2.82 2.57789518755
26.09 -0.96 3.2 2.43285482807
27.15 -0.32 3.08 2.28148428923
24.95 0.99 6.28 2.33822562908
25.39 2.32 4.59 2.49686919338
25.63 2.03 6.74 2.49686919338
25.92 2.82 5.74 2.41269401738
27.25 -2.91 4.05 2.57789518755
28.21 -3.61 3.08 2.43285482807
29.4 -3.79 3.37 2.28148428923
26.88 -4.02 5.03 2.57789518755
26.64 -3.56 6.44 2.43285482807
27.52 -3.85 7.47 2.33822562908
25.62 -2.86 7.01 2.49686919338
27.04 -3.34 8.59 2.49686919338
25.91 -2.73 8.33 2.41269401738
28.47 -4.68 0.92 2.0
28.75 -3.81 -0.31 1.74
29.42 -4.25 -1.25 1.4
27.76 -5.97 0.5 2.0
28.81 -7.55 2.15 1.86
26.35 -8.59 2.85 1.86
28.67 -8.61 3.1 1.86
27.46 -9.08 3.45 1.86
28.24 -2.6 -0.28 2.57572842164
28.44 -1.68 -1.4 2.72232757201
27.31 -2.93 -3.12 2.46178430194
29.27 -1.94 -3.64 2.7203848681
29.25 -2.41 -5.03 2.85287250891
28.98 -3.86 -5.42 2.73628278469
28.62 -4.16 -6.57 2.61895377264
30.58 -2.15 -5.73 2.85287250891
31.1 -0.73 -5.6 2.85287250891
31.39 -0.12 -6.97 2.85287250891
30.53 1.11 -7.22 2.85287250891
29.37 0.78 -8.07 2.85287250891
29.15 -4.75 -4.45 3.32841402621
27.49 -6.65 -4.5 3.33906215107
27.22 -7.86 -4.51 3.26182836231
29.79 -7.06 -3.75 3.41882014206
31.08 -7.66 -4.35 3.41882014206
31.14 -7.68 -5.92 3.33906215107
30.68 -8.59 -6.56 3.26182836231
31.69 -6.65 -6.3 3.26182836231
25.19 -6.0 -4.12 2.0
24.85 -5.48 -5.52 1.74
24.22 -4.42 -5.66 1.4
24.67 -5.3 -2.88 2.0
22.19 -4.95 -2.82 1.86
25.02 -5.81 -7.92 2.97245262608
25.77 -6.82 -8.82 2.97245262608
25.08 -8.05 -8.62 2.81719981417
27.22 -6.96 -8.45 2.97245262608
22.3 -4.06 -10.58 2.78912757715
23.36 -4.36 -9.53 2.78912757715
20.74 -9.16 -10.16 2.78912757715
20.89 -9.83 -8.79 2.66677603688
20.21 -10.82 -8.49 2.5427976846
21.56 -9.67 -11.3 2.78912757715
22.9 -8.98 -11.19 2.78912757715
22.57 -7.62 -10.57 2.78912757715
22.02 -9.82 -6.65 2.72232757201
23.82 -10.0 -4.79 2.72232757201
24.44 -10.1 -7.25 2.72232757201
16.36 -10.26 -6.81 2.24769809506
15.19 -10.65 -6.86 2.06703446881
17.06 -9.07 -8.83 2.41516305987
17.35 -10.97 -6.3 2.22402568616
17.15 -12.26 -5.77 2.41516305987
18.42 -13.12 -5.78 2.41516305987
13.53 -9.1 -3.03 2.78912757715
12.61 -10.32 -3.13 2.66677603688
11.44 -10.28 -2.74 2.5427976846
13.4 -8.09 -4.15 2.78912757715
13.26 -6.09 -2.24 2.69295246139
12.41 -12.64 -3.82 2.97245262608
12.33 -13.5 -2.56 2.8655882766
11.28 -14.08 -2.24 2.75923199067
12.99 -13.52 -4.92 2.97245262608
12.72 -13.05 -6.33 2.97245262608
13.02 -14.14 -7.34 2.97245262608
12.76 -13.68 -8.77 2.97245262608
12.66 -14.83 -9.69 2.97245262608
13.5 -14.37 -0.63 2.41516305987
12.18 -11.43 1.35 2.41516305987
9.91 -11.19 2.12 2.06703446881
12.68 -10.02 1.12 2.41516305987
12.0 -8.92 1.97 2.41516305987
10.27 -11.3 -0.1 2.22402568616
8.83 -11.18 -0.45 2.41516305987
8.3 -12.57 -0.09 2.24769809506
7.09 -12.76 0.1 2.06703446881
8.59 -10.99 -1.94 2.41516305987
9.21 -13.52 -0.02 2.57572842164
8.84 -14.9 0.31 2.72232757201
7.62 -15.57 2.27 2.46178430194
10.87 -14.17 4.63 2.97245262608
10.75 -13.68 6.1 2.97245262608
7.98 -12.93 3.74 2.57572842164
6.84 -12.1 4.1 2.72232757201
7.02 -10.77 3.33 2.72232757201
4.14 -14.1 2.34 2.57789518755
3.95 -15.23 3.36 2.43285482807
2.83 -15.7 3.59 2.28148428923
4.24 -14.54 0.87 2.57789518755
4.23 -13.35 -0.06 2.43285482807
3.57 -12.34 0.1 2.28148428923
5.1 -13.44 -1.14 2.46421089331
5.05 -15.64 3.96 2.41269401738
5.02 -16.77 4.95 2.57789518755
3.7 -17.16 6.93 2.28148428923
6.47 -17.18 5.14 2.57789518755
7.54 -12.87 7.61 2.97245262608
7.71 -13.87 9.86 2.97245262608
0.35 -14.45 6.66 2.59344389372
-0.85 -14.15 6.74 2.46178430194
1.37 -12.41 5.74 2.72232757201
0.79 -15.66 6.37 2.65003072421
-0.21 -16.82 6.1 2.78912757715
-1.35 -17.26 7.02 2.66677603688
-1.93 -18.35 6.86 2.5427976846
0.63 -18.05 5.88 2.78912757715
-0.2 -19.24 5.47 2.66677603688
-0.56 -19.46 4.15 2.58878484312
-0.76 -20.24 6.19 2.72038202399
-1.3 -20.55 4.1 2.72038202399
-1.4 -21.04 5.32 2.65003072421
-2.76 -16.71 8.93 3.0287949135
-4.44 -15.37 10.02 2.8243183199
-2.2 -16.96 10.32 3.0287949135
-2.88 -18.09 11.07 3.0287949135
-3.89 -18.8 10.18 3.0287949135
-3.78 -20.31 10.31 3.0287949135
-5.05 -20.97 9.92 3.0287949135
-4.74 -13.64 7.88 2.72232757201
-5.79 -14.27 6.97 2.59344389372
-6.77 -13.62 6.57 2.46178430194
-3.98 -12.42 7.35 2.72232757201
-3.3 -11.6 8.46 2.59344389372
-4.12 -10.97 9.41 2.65002772709
-1.94 -11.43 8.49 2.65002772709
-3.49 -10.19 10.46 2.65002772709
-1.55 -9.27 11.44 2.53400746709
-5.58 -15.54 6.65 2.65003072421
-6.51 -16.26 5.78 2.78912757715
-7.25 -17.19 6.74 2.66677603688
-6.63 -17.9 7.55 2.5427976846
-5.71 -16.99 4.7 2.78912757715
-4.17 -14.98 4.66 2.58878484312
-3.57 -16.56 3.26 2.72038202399
-3.08 -14.57 4.03 2.72038202399
-2.7 -15.52 3.2 2.65003072421
-8.57 -17.17 6.65 2.5427976846
-5.64 17.21 -8.69 2.11633202144
-5.66 17.22 -7.28 2.32485688748
-7.15 17.02 -6.98 2.14243103283
-7.84 16.25 -7.66 1.94074133197
-5.05 17.6 -6.35 2.32485688748
-4.32 18.8 -7.0 2.32485688748
-5.93 18.02 -5.2 2.32485688748
-7.62 17.72 -5.97 2.11633202144
-9.0 17.66 -5.6 2.32485688748
-9.83 18.73 -6.3 2.14243103283
-10.31 19.68 -5.66 1.94074133197
-9.17 17.76 -4.04 2.32485688748
-9.83 16.62 -3.29 2.14243103283
-10.42 17.15 -2.0 2.32485688748
-10.91 15.99 -4.12 2.32485688748
-9.99 18.58 -7.6 2.65003072421
-10.76 19.58 -8.34 2.78912757715
-12.12 20.27 -8.23 2.66677603688
-11.04 19.0 -9.78 2.78912757715
-12.33 18.41 -9.88 2.61066977765
-12.2 21.47 -8.78 2.7203848681
-13.47 22.26 -8.79 2.85287250891
-14.78 21.48 -8.65 2.73628278469
-15.73 21.95 -8.01 2.61895377264
-13.45 23.01 -10.02 2.85287250891
-12.6 22.21 -10.98 2.85287250891
-11.56 21.53 -10.09 2.85287250891
-15.93 19.46 -9.24 2.57789518755
-16.0 18.18 -8.4 2.43285482807
-16.99 17.45 -8.44 2.28148428923
-16.2 19.03 -10.67 2.57789518755
-14.93 17.94 -7.66 3.28197651502
-14.86 16.73 -6.81 3.374854362
-15.31 17.45 -5.54 3.29292659605
-13.44 16.16 -6.83 3.374854362
-13.36 14.97 -7.75 3.29292659605
-14.26 14.18 -7.96 3.21343256117
-12.32 14.85 -8.35 3.21343256117
-14.87 18.68 -5.4 2.85110369563
-15.21 19.5 -4.19 2.97245262608
-17.17 20.61 -3.34 2.75923199067
-14.41 20.77 -4.15 2.97245262608
-15.23 22.04 -4.12 2.97245262608
-14.38 23.25 -4.51 2.97245262608
-14.87 24.52 -3.84 2.97245262608
-14.63 25.7 -4.7 2.97245262608
-18.82 19.64 -5.35 2.78912757715
-20.84 18.44 -4.78 2.5427976846
-19.03 20.26 -6.74 2.78912757715
-18.4 21.53 -6.66 2.61066977765
-20.49 20.41 -7.09 2.78912757715
-19.72 15.97 -5.27 2.78912757715
-20.56 14.87 -3.3 2.5427976846
-19.33 15.07 -7.58 2.66677603688
-18.67 14.6 -8.5 2.5427976846
-20.49 15.77 -7.86 2.69295246139
-18.57 15.87 -1.65 2.41516305987
-19.85 16.54 0.28 2.06703446881
-17.09 15.88 -1.27 2.41516305987
-16.81 15.76 0.25 2.41516305987
-16.29 14.89 -2.08 2.41516305987
-20.07 19.18 -0.54 2.97245262608
-21.51 18.68 -0.61 2.8655882766
-22.32 18.93 0.29 2.75923199067
-19.86 20.54 -1.19 2.97245262608
-18.42 21.04 -1.14 2.97245262608
-18.38 22.53 -0.85 2.97245262608
-17.1 22.92 -0.14 2.97245262608
-16.43 24.04 -0.83 2.97245262608
-21.82 17.98 -1.69 1.99639670258
-23.2 17.46 -1.89 2.22693058289
-23.67 16.07 -1.45 2.02565795104
-24.87 15.86 -1.2 1.79544509739
-23.32 17.48 -3.41 2.22693058289
-22.73 15.16 -1.36 1.99639670258
-23.02 13.82 -0.97 2.22693058289
-23.08 13.83 0.56 2.02565795104
-23.77 12.99 1.17 1.79544509739
-21.91 12.82 -1.34 2.22693058289
-22.36 14.76 1.16 2.11633202144
-22.32 14.88 2.59 2.32485688748
-23.6 15.68 2.8 2.14243103283
-24.29 15.54 3.82 1.94074133197
-21.01 15.53 3.04 2.32485688748
-20.53 15.28 4.52 2.14243103283
-20.52 16.13 5.55 2.22402143089
-20.09 14.06 5.04 2.14243103283
-19.98 15.46 6.72 2.11633202144
-19.77 14.24 6.41 2.14243103283
-19.91 12.82 4.47 2.22402143089
-19.3 13.25 7.27 2.22402143089
-19.42 11.83 5.34 2.22402143089
-19.16 12.02 6.68 2.22402143089
-23.91 16.52 1.82 2.41269401738
-25.13 17.57 2.02 2.57789518755
-26.2 16.63 2.55 2.43285482807
-26.62 16.74 3.71 2.28148428923
-26.63 15.72 1.7 2.7203848681
-27.67 14.77 2.09 2.85287250891
-27.55 13.67 3.15 2.73628278469
-28.54 13.02 3.5 2.61895377264
-28.12 13.91 0.9 2.85287250891
-29.01 14.63 -0.09 2.85287250891
-28.94 13.98 -1.47 2.85287250891
-30.31 13.96 -2.15 2.85287250891
-30.51 12.7 -2.89 2.85287250891
-26.07 12.48 4.66 2.57789518755
-26.3 13.11 6.03 2.43285482807
-23.88 11.79 5.84 2.57789518755
-24.61 10.68 3.68 2.57789518755
-26.4 14.43 6.04 2.41269401738
-26.58 15.17 7.27 2.57789518755
-27.1 14.44 8.52 2.43285482807
-26.53 13.42 8.94 2.28148428923
-28.17 14.97 9.08 2.22402568616
-28.68 14.55 10.5 2.41516305987
-28.16 13.16 10.89 2.24769809506
-28.32 12.73 12.05 2.06703446881
-30.25 14.15 9.96 2.41516305987
-27.03 11.14 10.18 3.0287949135
-25.53 10.86 10.32 2.92608152912
-27.48 10.21 9.06 3.0287949135
-29.7 9.42 10.0 2.86177391959
-29.86 10.3 7.99 2.97082099925
-30.96 9.35 9.63 2.97082099925
-31.08 9.9 8.44 2.91219395265
-24.74 11.83 9.89 2.41269401738
-23.27 11.69 9.96 2.57789518755
-21.67 10.26 11.07 2.28148428923
-22.7 13.11 10.06 2.57789518755
-23.45 10.99 12.26 2.41269401738
-23.04 10.3 13.49 2.57789518755
-23.39 8.83 13.71 2.43285482807
-22.73 8.13 14.49 2.28148428923
-24.42 8.38 13.01 3.18494045613
-24.88 7.01 13.11 3.28331166428
-23.95 6.36 12.09 3.19656430018
-23.54 5.2 12.24 3.11200838625
-26.38 6.83 12.81 3.28331166428
-27.37 7.57 13.74 3.28331166428
-28.89 7.44 13.32 3.19656430018
-29.35 8.11 12.45 3.11200838625
-29.4 6.58 14.03 3.11200838625
-22.75 6.61 9.98 2.72232757201
-21.26 6.42 10.28 2.59344389372
-20.64 5.43 9.86 2.46178430194
-22.85 7.54 8.77 2.72232757201
-24.38 8.15 6.86 2.65002772709
-25.31 6.91 8.7 2.65002772709
-25.69 8.13 6.21 2.65002772709
-26.59 6.89 8.07 2.65002772709
-27.97 7.55 6.25 2.53400746709
-20.71 7.37 11.02 2.85110369563
-19.29 7.31 11.38 2.97245262608
-20.46 3.29 13.43 2.59344389372
-20.25 2.25 14.06 2.46178430194
-21.05 4.97 15.11 2.72232757201
-21.05 3.32 12.25 2.78727690768
-21.5 2.09 11.59 2.91388939885
-19.97 0.47 10.68 2.69092106381
-22.67 2.35 10.61 2.91388939885
-22.99 1.23 9.59 2.91388939885
-24.44 1.27 8.98 2.80242708673
-25.38 1.62 9.62 2.69092106381
-24.37 0.92 7.8 2.69092106381
-18.1 -1.26 13.62 2.91388939885
-17.17 -3.3 12.73 2.69092106381
-19.65 -1.3 13.63 2.91388939885
-20.31 -2.36 14.54 2.91388939885
-21.87 -2.49 14.38 2.80242708673
-22.41 -3.55 14.24 2.69092106381
-22.35 -1.36 14.44 2.69092106381
-22.93 -2.19 6.48 4.86871893522
-13.78 -4.95 13.45 1.74
-13.04 -5.85 13.86 1.4
-14.22 -2.96 14.94 2.0
-14.49 -0.82 16.22 1.86
-15.3 -6.53 12.41 2.41516305987
-14.02 -8.34 11.44 2.06703446881
-16.79 -6.53 11.98 2.41516305987
-17.75 -7.37 12.79 2.24769809506
-17.29 -7.42 14.23 2.41516305987
-19.14 -6.79 12.72 2.41516305987
-13.63 -7.03 9.03 3.54436212661
-11.52 -8.02 8.43 3.39902103994
-10.03 -6.03 9.64 2.0
-9.55 -4.81 8.86 2.0
-9.51 -5.7 6.51 1.86
-11.2 -3.69 5.62 1.86
-9.91 -5.58 5.13 1.86
-10.76 -4.61 4.73 1.86
-8.39 -6.65 13.78 2.98417189675
-8.32 -6.26 14.96 2.88653560143
-10.2 -8.62 13.55 3.08311555793
-10.36 -9.45 12.29 3.08311555793
-10.05 -8.47 11.16 3.08311555793
-7.4 -6.54 12.92 2.32219197539
-6.13 -5.93 13.3 2.49917816808
-6.05 -4.46 13.72 2.34393302806
-4.97 -3.94 14.02 2.17953443166
-5.15 -6.13 12.13 2.49917816808
-3.86 -6.0 12.72 2.27055054127
-5.34 -5.1 11.05 2.49917816808
-7.27 -2.4 14.1 2.49917816808
-7.66 -1.81 11.66 2.49917816808
-7.68 -3.04 18.34 2.92608152912
-7.9 -2.37 19.36 2.8243183199
-9.35 -4.82 17.76 3.0287949135
-10.26 -5.44 16.71 3.0287949135
-11.58 -5.89 17.32 3.0287949135
-11.65 -7.4 17.46 3.0287949135
-12.75 -7.96 16.65 3.0287949135
-6.48 -3.45 17.98 2.41269401738
-5.3 -3.16 18.79 2.57789518755
-5.31 -1.8 19.49 2.43285482807
-4.78 -1.65 20.61 2.28148428923
-4.07 -3.23 17.87 2.57789518755
-3.58 -4.55 18.07 2.36497245057
-3.01 -2.21 18.21 2.57789518755
-5.92 0.63 19.4 2.85287250891
-6.92 2.06 21.07 2.61895377264
-6.0 1.55 18.23 2.85287250891
-3.76 2.16 17.25 2.78727419845
-3.95 0.15 15.27 2.78727419845
-2.85 1.01 15.33 2.73628278469
-1.85 0.83 14.39 2.68307619189
-9.48 -0.51 22.07 1.74
-10.47 -1.26 22.03 1.4
-8.48 -1.72 23.96 2.97245262608
-9.42 -1.3 25.09 2.8655882766
-9.81 -2.13 25.93 2.75923199067
-7.06 -1.78 24.41 2.97245262608
-6.24 -0.96 23.43 2.97245262608
-7.22 0.07 22.88 2.97245262608
-9.77 -0.03 25.1 2.65003072421
-10.61 0.56 26.07 2.78912757715
-12.02 0.79 25.54 2.66677603688
-12.8 1.57 26.12 2.5427976846
-10.08 1.8 26.67 2.78912757715
-9.65 2.79 25.62 2.66677603688
-8.8 2.44 24.57 2.58878484312
-9.91 4.11 25.45 2.72038202399
-8.58 3.51 23.83 2.72038202399
-9.26 4.51 24.33 2.65003072421
-12.33 0.13 24.45 1.7
-13.71 0.14 23.83 2.0
-14.38 -1.23 23.96 1.74
-13.71 -2.24 24.22 1.4
-12.99 4.45 23.01 1.86
-13.21 4.97 21.79 1.86
-15.69 -1.23 23.79 3.46048228099
-16.61 -2.72 24.0 3.54436212661
-17.67 -2.26 24.83 3.54436212661
-18.54 -3.49 24.89 3.47033660994
-19.71 -3.53 24.54 3.39902103994
-18.0 -4.49 25.26 3.39902103994
-15.98 -3.18 21.72 2.22402568616
-15.81 -2.92 20.27 2.41516305987
-17.06 -3.77 20.0 2.24769809506
-17.15 -4.47 18.98 2.06703446881
-14.45 -3.38 19.8 2.41516305987
-12.14 -2.55 20.2 2.41516305987
-18.01 -3.69 20.92 2.57572842164
-19.17 -4.46 20.94 2.72232757201
-20.21 -3.66 20.16 2.59344389372
-20.16 -2.42 20.13 2.46178430194
-19.8 -4.83 22.15 2.72232757201
-21.22 -4.75 22.19 2.53400746709
-21.13 -4.37 19.55 2.7203848681
-22.24 -3.74 18.8 2.85287250891
-23.3 -2.67 19.08 2.73628278469
-23.92 -2.14 18.15 2.61895377264
-23.12 -4.79 18.2 2.85287250891
-24.33 -4.27 17.46 2.73628278469
-25.46 -4.88 17.03 2.78727419845
-25.61 -2.76 16.51 2.78727419845
-26.22 -3.92 16.43 2.7203848681
-23.49 -2.38 20.36 2.41269401738
-24.49 -1.38 20.77 2.57789518755
-23.5 -0.41 21.42 2.43285482807
-23.74 0.8 21.47 2.28148428923
-22.4 -0.96 21.9 2.65003072421
-21.35 -0.17 22.54 2.78912757715
-21.78 1.84 21.27 2.5427976846
-20.0 -0.46 21.98 2.78912757715
-18.95 0.11 22.76 2.61066977765
-21.62 2.02 23.52 2.22402568616
-21.87 3.47 23.52 2.41516305987
-20.6 4.27 23.24 2.24769809506
-20.66 5.47 22.93 2.06703446881
-22.33 3.88 24.92 2.41516305987
-19.47 3.6 23.34 2.41269401738
-18.18 4.24 23.1 2.57789518755
-17.38 5.39 21.13 2.28148428923
-17.1 3.45 23.77 2.57789518755
-16.94 3.78 25.19 2.57789518755
-16.08 2.79 26.0 2.43285482807
-16.53 1.62 26.18 2.28148428923
-14.99 3.21 26.5 2.46421089331
-18.19 1.91 18.89 2.72232757201
-18.42 1.78 17.36 2.72232757201
-17.03 1.06 19.36 2.72232757201
-20.33 4.28 19.49 2.7203848681
-21.46 5.11 19.03 2.85287250891
-21.02 6.55 19.31 2.73628278469
-21.29 7.46 18.52 2.61895377264
-22.75 4.75 19.74 2.85287250891
-24.01 5.08 18.96 2.85287250891
-25.05 3.97 19.12 2.85287250891
-24.65 2.99 20.21 2.85287250891
-25.46 3.2 21.43 2.85287250891
-20.34 6.73 20.43 2.41269401738
-19.88 8.05 20.83 2.57789518755
-18.71 8.58 20.01 2.43285482807
-18.48 9.8 19.94 2.28148428923
-17.98 7.67 19.39 3.23418633453
-16.82 8.04 18.58 3.32971220156
-15.76 6.97 18.69 3.32971220156
-13.87 8.22 19.83 3.19350007837
-12.62 8.55 19.59 3.28197456097
-19.9 11.3 16.35 2.57789518755
-18.64 12.15 16.15 2.43285482807
-18.69 13.23 15.54 2.28148428923
-20.49 11.74 17.7 2.57789518755
-21.91 11.25 17.93 2.57789518755
-22.63 12.11 18.96 2.57789518755
-24.12 11.81 18.99 2.57789518755
-24.77 12.54 20.1 2.57789518755
-16.24 12.32 16.55 2.57789518755
-14.77 13.13 14.82 2.28148428923
-15.27 11.93 17.63 2.57789518755
-15.63 12.35 19.04 2.57789518755
-14.4 12.4 19.93 2.57789518755
-14.69 11.86 21.32 2.57789518755
-13.43 11.66 22.08 2.57789518755
-14.8 8.94 11.52 3.54436212661
-18.03 12.27 11.71 2.57789518755
-18.06 13.79 11.87 2.43285482807
-18.65 14.51 11.04 2.28148428923
-19.45 11.79 12.01 2.57789518755
-17.43 15.69 13.21 3.374854362
-16.18 16.27 12.53 3.29292659605
-16.17 17.44 12.12 3.21343256117
-17.37 15.95 14.73 3.374854362
-18.73 16.35 15.25 3.29292659605
-19.77 16.23 14.62 3.21343256117
-18.76 16.75 16.38 3.21343256117
-15.16 15.45 12.43 2.41269401738
-13.93 15.81 11.82 2.57789518755
-13.03 16.15 9.61 2.28148428923
-12.77 15.01 12.38 2.57789518755
-14.96 14.52 8.4 2.57789518755
-15.78 13.29 8.13 2.57789518755
-16.06 10.86 7.8 2.57789518755
-13.84 11.89 7.45 2.57789518755
-16.88 19.75 7.4 2.75923199067
-18.52 17.68 9.01 2.97245262608
-19.45 16.75 8.47 2.81719981417
-19.08 19.07 8.98 2.97245262608
-15.55 18.94 9.04 2.57572842164
-14.77 20.18 9.15 2.72232757201
-14.05 20.23 10.51 2.72232757201
-13.82 21.64 10.97 2.59344389372
-12.75 22.09 11.35 2.46178430194
-14.92 22.48 10.88 2.62109821036
-12.26 17.22 6.25 3.54436212661
-15.65 18.85 3.9 2.57789518755
-16.03 20.95 2.76 2.28148428923
-18.15 18.68 3.28 2.57789518755
-16.79 16.61 3.86 2.57789518755
-15.91 22.45 5.08 2.97245262608
-16.77 22.96 6.24 2.97245262608
-13.8 23.57 4.71 2.65003072421
-12.36 23.8 4.89 2.78912757715
-11.53 22.92 3.96 2.66677603688
-10.3 22.86 4.07 2.5427976846
-12.12 23.7 6.47 2.78912757715
-12.59 24.81 7.37 2.66677603688
-13.35 24.57 8.5 2.58878484312
-12.45 26.16 7.29 2.72038202399
-13.64 25.73 9.07 2.72038202399
-13.09 26.69 8.37 2.65003072421
-12.21 22.25 3.05 2.22402568616
-9.7 21.18 0.52 2.06703446881
-12.56 20.68 1.2 2.41516305987
-13.08 21.55 0.03 2.41516305987
-12.1 19.32 0.75 2.41516305987
-10.47 23.24 1.03 2.7203848681
-9.51 23.92 0.11 2.85287250891
-8.28 24.17 0.98 2.73628278469
-7.37 24.92 0.61 2.61895377264
-10.16 25.21 -0.42 2.85287250891
-11.01 24.93 -1.63 2.73628278469
-12.08 25.47 -1.87 2.61895377264
-10.55 24.16 -2.42 2.61895377264
-8.27 23.54 2.14 2.7203848681
-7.15 23.7 3.06 2.85287250891
-7.06 25.17 3.54 2.85287250891
-6.59 25.28 4.97 2.73628278469
-7.3 25.17 5.95 2.61895377264
-5.4 25.42 5.11 2.61895377264
-7.09 21.49 4.03 2.41269401738
-7.26 19.07 4.5 2.57789518755
-8.67 18.54 4.4 2.57789518755
-8.82 17.26 3.15 2.46421089331
-3.68 21.04 6.32 2.97245262608
-4.2 21.67 7.61 2.8655882766
-4.5 20.97 8.58 2.75923199067
-2.71 21.72 5.41 2.97245262608
-3.11 21.18 4.05 2.97245262608
-4.64 21.16 4.09 2.97245262608
-4.29 22.99 7.6 2.41269401738
-4.77 23.73 8.77 2.57789518755
-5.88 23.36 9.76 2.43285482807
-5.72 23.52 10.98 2.28148428923
-5.24 25.13 8.36 2.57789518755
-5.09 26.12 9.49 2.43285482807
-4.48 25.91 10.52 2.28148428923
-5.64 27.37 9.26 2.46421089331
-6.98 22.87 9.22 2.22402568616
-8.05 22.53 10.04 2.41516305987
-7.89 21.21 10.79 2.24769809506
-8.24 21.1 11.98 2.06703446881
-9.33 22.28 9.13 2.41516305987
-7.16 18.94 10.69 2.41516305987
-5.86 18.68 11.46 2.24769809506
-7.19 17.81 9.62 2.41516305987
-8.64 16.35 8.25 2.41516305987
-9.61 18.3 9.41 2.41516305987
-5.11 19.75 11.66 2.57572842164
-3.84 19.64 12.38 2.72232757201
-3.61 18.8 13.64 2.59344389372
-2.72 17.93 13.67 2.46178430194
-3.37 21.0 12.85 2.72232757201
-2.22 21.45 12.16 2.53400746709
-4.4 19.06 14.65 2.22402568616
-4.33 18.34 15.99 2.41516305987
-4.85 16.9 15.98 2.24769809506
-4.78 16.19 16.99 2.06703446881
-5.14 19.09 16.95 2.41516305987
-5.36 16.49 14.83 2.22402568616
-7.27 15.17 13.99 2.41516305987
-8.51 15.11 14.86 2.24769809506
-8.23 14.26 16.07 2.41516305987
-8.92 16.5 15.29 2.41516305987
-0.37 15.4 12.77 3.00350354728
-2.65 15.75 11.29 3.18635814682
-1.95 15.05 10.27 3.0526522229
-0.33 15.02 15.52 3.374854362
-0.75 13.94 16.52 3.29292659605
0.07 13.13 16.96 3.21343256117
-0.21 16.47 16.04 3.374854362
0.81 16.57 17.14 3.29292659605
0.58 16.4 18.32 3.21343256117
2.11 16.83 16.73 3.21343256117
-2.03 13.95 16.86 2.22402568616
-2.56 12.97 17.81 2.41516305987
-4.02 13.32 18.17 2.41516305987
-4.28 11.63 19.95 2.41516305987
-6.29 12.73 19.01 2.41516305987
-7.37 10.59 14.58 5.34310514554
2.93 10.18 14.98 2.75923199067
0.94 11.44 13.0 2.97245262608
2.57 11.76 17.22 2.85287250891
2.19 10.92 18.45 2.73628278469
2.89 9.97 18.81 2.61895377264
2.59 13.26 17.51 2.85287250891
3.75 14.01 16.9 2.73628278469
5.06 13.57 17.01 2.66237033299
3.8 15.17 16.2 2.78727419845
5.85 14.43 16.41 2.78727419845
5.11 15.39 15.89 2.7203848681
1.08 11.29 19.06 2.7203848681
0.61 10.57 20.26 2.85287250891
0.18 9.1 20.22 2.73628278469
0.41 8.35 21.17 2.61895377264
-0.62 11.25 20.86 2.85287250891
-1.66 10.29 21.42 2.85287250891
-2.34 10.89 22.64 2.85287250891
-2.27 9.95 23.83 2.85287250891
-3.43 9.04 23.86 2.85287250891
-0.9 7.33 18.95 2.41516305987
-0.24 6.34 17.99 2.24769809506
-0.36 5.12 18.15 2.06703446881
-2.37 7.32 18.5 2.41516305987
-3.88 7.52 20.47 2.41516305987
0.43 3.78 15.61 2.5427976846
2.34 5.31 16.63 2.78912757715
3.22 6.17 17.55 2.78912757715
4.42 6.7 16.78 2.78912757715
5.5 7.08 17.7 2.65003072421
5.92 6.3 18.72 2.66677603688
5.05 5.52 19.39 2.69295246139
7.19 6.31 19.05 2.69295246139
-3.61 5.48 14.84 3.54436212661
-0.73 2.9 12.21 3.62225757892
0.06 0.9 11.01 3.69904372689
0.71 0.38 9.75 3.63125461652
0.83 1.01 8.72 3.56629383662
1.18 -0.73 9.83 3.56629383662
-1.88 3.67 6.95 3.19656430018
-2.59 4.24 6.11 3.11200838625
-0.05 5.11 7.12 3.28331166428
1.31 4.68 7.65 3.28331166428
-1.74 2.36 7.04 2.22402568616
-2.44 1.46 6.12 2.41516305987
-4.79 0.92 6.05 2.06703446881
-1.72 0.13 6.03 2.41516305987
-2.42 -1.04 6.77 2.41516305987
-1.34 -0.23 4.62 2.41516305987
-4.23 0.44 11.9 3.39902103994
-4.44 -0.44 9.84 3.48587667591
-7.21 4.52 5.74 1.74
-5.74 6.23 6.89 2.0
-6.48 3.68 5.04 2.7203848681
-6.96 3.15 3.76 2.85287250891
-8.24 2.38 4.06 2.73628278469
-9.25 2.53 3.37 2.61895377264
-5.93 2.24 3.1 2.85287250891
-5.15 2.89 1.97 2.85287250891
-3.95 2.04 1.57 2.85287250891
-3.09 2.74 0.53 2.85287250891
-1.94 1.88 0.13 2.85287250891
-9.34 0.76 5.5 2.72232757201
-7.44 -2.18 7.24 2.72232757201
-7.81 -1.82 4.83 2.72232757201
-12.55 4.2 3.49 2.8655882766
-13.56 4.71 2.98 2.75923199067
-10.37 5.39 3.45 2.97245262608
-9.69 6.57 3.89 2.81719981417
-12.26 2.92 3.42 2.91219395265
-13.12 1.99 2.69 3.0287949135
-12.34 0.72 2.37 3.0287949135
-13.09 -0.31 1.57 2.92608152912
-13.47 -1.53 2.1 2.86177391959
-13.51 -0.32 0.28 2.97082099925
-14.08 -2.23 1.16 2.97082099925
-18.72 5.18 3.96 1.94074133197
-15.81 5.89 5.39 2.32485688748
-16.09 6.92 6.46 2.14243103283
-16.91 6.29 7.56 2.32485688748
-14.8 7.47 7.02 2.32485688748
-16.54 4.2 0.47 2.32485688748
-14.73 5.16 -0.91 2.32485688748
-16.56 6.62 -0.11 2.32485688748
-21.52 0.66 2.86 2.75923199067
-19.43 -1.28 3.46 2.97245262608
-20.83 3.52 5.65 3.54436212661
-21.87 3.91 6.66 3.54436212661
-23.07 5.05 1.34 2.24769809506
-21.22 6.94 1.49 2.41516305987
-20.79 8.2 2.22 2.24769809506
-21.65 8.41 3.44 2.41516305987
-19.34 8.11 2.62 2.41516305987
-25.32 2.57 -0.54 2.06703446881
-25.4 1.28 1.91 2.41516305987
-26.56 2.06 2.53 2.24769809506
-27.59 1.48 2.92 2.06703446881
-24.81 0.43 3.04 2.41516305987
-27.42 4.22 3.22 2.97245262608
-27.81 5.23 2.14 2.8655882766
-28.86 5.89 2.23 2.75923199067
-26.86 4.89 4.46 2.97245262608
-27.89 3.9 6.55 2.79843848817
-25.84 3.22 6.19 2.91219147086
-27.56 3.09 7.53 2.91219147086
-26.34 2.65 7.32 2.85110369563
-27.22 6.26 0.03 2.41516305987
-27.16 6.03 -1.48 2.24769809506
-26.26 7.48 0.13 2.41516305987
-24.94 9.08 1.46 2.41516305987
-27.4 9.05 1.68 2.41516305987
-28.13 5.43 -4.7 2.98417189675
-27.64 4.97 -5.73 2.88653560143
-28.88 3.53 -3.43 3.08311555793
-29.98 4.05 -2.53 3.08311555793
-29.24 4.72 -1.38 3.08311555793
-28.84 6.55 -4.66 2.22402568616
-29.08 7.33 -5.88 2.41516305987
-28.06 8.45 -6.05 2.24769809506
-27.75 8.86 -7.18 2.06703446881
-30.45 8.02 -5.75 2.41516305987
-27.55 8.93 -4.93 3.18494045613
-26.57 10.0 -4.94 3.28331166428
-25.19 9.36 -5.09 3.19656430018
-24.22 10.03 -5.48 3.11200838625
-26.61 10.87 -3.66 3.28331166428
-27.91 10.8 -2.83 3.28331166428
-28.61 12.18 -2.56 3.19656430018
-28.07 13.04 -1.92 3.11200838625
-29.71 12.17 -3.1 3.11200838625
-25.12 8.08 -4.77 1.7
-23.85 7.34 -4.86 2.0
-23.57 6.82 -6.27 1.74
-23.45 5.61 -6.49 1.4
-23.87 6.19 -3.88 2.0
-21.66 6.27 -2.79 1.86
-23.2 7.38 -8.61 2.97245262608
-23.7 8.55 -9.48 2.97245262608
-22.76 9.59 -9.25 2.81719981417
-25.09 8.99 -9.11 2.97245262608
-19.8 5.4 -11.19 3.54436212661
-21.19 4.8 -11.3 3.54436212661
-22.11 5.9 -10.76 3.54436212661
-19.31 8.55 -10.38 2.41269401738
-18.46 9.74 -10.42 2.57789518755
-17.22 10.69 -8.58 2.28148428923
-19.14 10.89 -11.16 2.57789518755
-20.92 10.48 -4.75 2.97245262608
-21.39 11.89 -6.81 2.97245262608
-16.36 4.54 -4.96 3.80609061566
-16.84 2.5 -5.6 3.80609061566
-16.01 3.23 -4.89 3.77074517528
-14.66 8.53 -7.08 2.72232757201
-13.04 9.87 -5.88 2.46178430194
-14.51 8.88 -8.57 2.72232757201
-15.12 10.72 -6.16 2.65003072421
-14.82 11.96 -5.45 2.78912757715
-13.93 12.39 -3.24 2.5427976846
-15.85 13.02 -5.74 2.78912757715
-16.06 13.19 -7.14 2.61066977765
-15.63 10.59 -1.99 2.41516305987
-13.53 10.35 -0.83 2.06703446881
-16.8 9.65 -1.67 2.41516305987
-17.92 10.19 -0.79 2.24769809506
-17.79 11.69 -0.69 2.41516305987
-19.26 9.82 -1.37 2.41516305987
-12.63 8.32 -2.49 3.54436212661
-10.38 9.03 -1.97 3.39902103994
-12.52 7.23 -3.57 3.54436212661
-11.3 6.36 -3.36 3.47033660994
-10.19 6.61 -3.79 3.39902103994
-11.47 5.4 -2.67 3.39902103994
-10.49 11.23 -3.66 3.32971220156
-10.37 11.31 -6.21 3.32971220156
-10.8 12.12 -7.43 3.32971220156
-10.53 11.37 -8.73 3.32971220156
-9.67 12.17 -9.63 3.32971220156
-13.2 13.46 -0.37 2.0
-12.94 15.28 1.28 1.86
-14.31 13.47 1.89 1.86
-13.18 15.91 2.54 1.86
-14.57 14.13 3.14 1.86
-9.28 10.15 1.77 2.24769809506
-8.63 9.79 2.77 2.06703446881
-11.55 9.34 2.22 2.41516305987
-13.05 9.47 2.29 2.24769809506
-13.68 8.09 2.23 2.41516305987
-13.47 10.17 3.56 2.41516305987
-8.78 10.17 0.55 2.22402568616
-7.43 9.77 0.26 2.41516305987
-6.64 11.03 0.63 2.24769809506
-5.41 10.99 0.77 2.06703446881
-7.12 9.49 -1.2 2.41516305987
-6.73 13.41 1.12 2.97245262608
-6.0 14.5 3.14 2.75923199067
-7.39 14.54 0.4 2.97245262608
-7.06 14.55 -0.99 2.81719981417
-9.46 12.47 6.64 2.97245262608
-10.36 13.83 4.7 2.97245262608
-4.07 10.74 4.94 2.8655882766
-3.11 10.2 5.52 2.75923199067
-5.74 8.97 4.81 2.97245262608
-7.1 8.73 4.48 2.81719981417
-3.94 11.64 3.99 2.57572842164
-2.61 12.08 3.54 2.72232757201
-1.16 13.32 5.02 2.46178430194
-2.74 12.53 2.07 2.72232757201
-2.41 11.36 1.32 2.53400746709
-1.81 13.66 1.73 2.72232757201
-3.16 15.07 5.93 2.57789518755
-1.99 14.74 8.02 2.28148428923
-4.63 16.69 7.23 2.57789518755
-4.61 16.63 4.69 2.57789518755
-2.3 11.82 9.03 2.43285482807
-1.95 11.48 10.16 2.28148428923
-6.98 10.93 9.64 2.57789518755
-6.15 13.23 10.03 2.57789518755
-0.35 10.89 8.02 2.78912757715
0.97 11.66 7.85 2.66677603688
-0.35 9.77 6.92 2.78912757715
-0.57 10.48 5.71 2.61066977765
-1.45 8.77 7.15 2.78912757715
0.84 12.95 7.63 2.65003072421
3.13 14.39 8.28 2.66677603688
4.02 15.12 7.81 2.5427976846
1.62 15.17 6.93 2.78912757715
0.31 15.53 7.35 2.61066977765
3.1 14.02 9.55 2.7203848681
4.14 14.47 10.48 2.85287250891
4.91 13.19 10.17 2.73628278469
6.1 13.07 10.48 2.61895377264
3.56 14.67 11.89 2.85287250891
4.59 14.71 13.0 2.85287250891
5.9 14.08 12.55 2.85287250891
6.92 14.04 13.68 2.85287250891
8.17 13.38 13.25 2.85287250891
4.21 12.24 9.57 2.65003072421
4.81 10.98 9.19 2.78912757715
5.8 11.36 8.09 2.66677603688
6.97 11.67 8.36 2.5427976846
3.72 9.97 8.79 2.78912757715
1.81 8.74 9.89 2.72038202399
3.88 8.95 11.11 2.72038202399
3.34 8.22 12.21 2.72038202399
5.31 11.33 6.86 2.41269401738
6.16 11.66 5.71 2.57789518755
7.17 12.97 7.47 2.28148428923
5.31 12.01 4.47 2.57789518755
4.09 11.09 4.25 2.57789518755
2.81 11.87 4.49 2.57789518755
1.79 11.53 3.48 2.41269401738
1.84 10.4 2.73 2.43285482807
3.0 9.77 2.51 2.46421089331
0.72 9.92 2.23 2.46421089331
7.4 13.7 5.34 2.28148428923
-9.21 -19.44 2.73 2.11633202144
-10.31 -19.76 3.68 2.32485688748
-10.61 -20.4 5.03 2.14243103283
-9.7 -20.89 5.72 1.94074133197
-11.34 -20.63 2.93 2.32485688748
-10.86 -21.23 1.58 2.32485688748
-11.93 -21.67 3.84 2.32485688748
-11.88 -20.39 5.4 2.7203848681
-12.3 -20.98 6.68 2.85287250891
-14.6 -21.71 6.59 2.61895377264
-11.56 -20.26 7.81 2.85287250891
-11.62 -20.96 9.15 2.73628278469
-11.63 -20.27 10.35 2.66237033299
-11.63 -22.28 9.47 2.78727419845
-11.65 -21.14 11.33 2.78727419845
-11.68 -22.35 10.82 2.7203848681
-14.2 -19.49 6.69 2.11633202144
-15.62 -19.14 6.67 2.32485688748
-16.09 -20.08 7.78 2.14243103283
-15.84 -21.3 7.73 1.94074133197
-16.22 -19.39 5.27 2.32485688748
-15.96 -18.36 4.19 2.14243103283
-14.71 -17.57 4.5 2.32485688748
-17.27 -20.31 9.88 2.78912757715
-18.7 -20.64 9.45 2.66677603688
-17.14 -19.44 11.15 2.78912757715
-18.05 -18.36 10.93 2.61066977765
-15.74 -18.91 11.34 2.78912757715
-19.07 -21.89 9.63 2.7203848681
-20.41 -22.35 9.24 2.85287250891
-21.18 -21.04 9.05 2.73628278469
-21.64 -20.73 7.94 2.61895377264
-20.87 -23.16 10.41 2.85287250891
-20.12 -22.6 11.61 2.85287250891
-18.78 -22.15 11.03 2.85287250891
-21.32 -20.3 10.13 2.85110369563
-22.03 -19.03 10.08 2.97245262608
-22.3 -16.71 9.5 2.75923199067
-22.21 -18.4 11.5 2.97245262608
-20.92 -18.04 12.26 2.97245262608
-21.13 -17.66 13.77 2.8655882766
-20.34 -16.98 14.36 2.75923199067
-22.18 -18.17 14.15 2.75923199067
-20.13 -16.69 7.77 2.97245262608
-18.15 -15.8 9.25 2.97245262608
-16.66 -15.28 9.24 2.8655882766
-16.36 -14.24 9.74 2.75923199067
-15.97 -16.12 8.68 2.75923199067
-21.83 -18.99 4.52 2.92608152912
-22.04 -18.8 3.31 2.8243183199
-20.37 -20.8 5.3 3.0287949135
-19.4 -21.57 4.42 3.0287949135
-19.52 -21.13 2.96 3.0287949135
-19.28 -22.29 2.01 3.0287949135
-20.47 -22.53 1.16 3.0287949135
-22.77 -18.95 5.44 2.65003072421
-24.16 -18.67 5.08 2.78912757715
-25.84 -17.21 4.15 2.5427976846
-25.1 -19.15 6.17 2.78912757715
-25.47 -18.11 7.07 2.61066977765
-24.13 -16.27 5.28 2.41269401738
-24.63 -14.91 5.1 2.57789518755
-24.74 -14.02 2.85 2.28148428923
-23.93 -13.84 5.96 2.57789518755
-20.56 -16.74 1.1 3.54436212661
-23.9 -17.96 0.17 2.78912757715
-25.82 -17.55 -1.22 2.5427976846
-23.96 -19.4 0.72 2.78912757715
-22.94 -20.09 0.0 2.61066977765
-25.3 -20.05 0.49 2.78912757715
-27.21 -16.19 0.76 2.57789518755
-27.53 -14.76 0.34 2.43285482807
-28.68 -14.3 0.48 2.28148428923
-27.78 -16.36 2.18 2.57789518755
-26.68 -12.69 -0.61 2.32485688748
-26.54 -13.1 -2.07 2.14243103283
-27.46 -12.89 -2.88 1.94074133197
-25.62 -11.79 0.02 2.32485688748
-25.88 -10.3 0.09 2.14243103283
-24.62 -9.58 0.5 2.32485688748
-26.35 -9.78 -1.25 2.32485688748
-25.73 -14.42 -6.1 2.46178430194
-24.13 -15.27 -3.74 2.72232757201
-22.74 -16.16 -5.8 2.65002772709
-21.61 -15.72 -6.58 2.57572842164
-21.27 -14.56 -6.17 2.59344389372
-20.25 -13.77 -6.7 2.65002772709
-27.09 -15.32 -4.55 2.41269401738
-28.01 -15.88 -5.55 2.57789518755
-29.17 -14.89 -5.5 2.43285482807
-30.27 -15.18 -5.98 2.28148428923
-28.91 -13.73 -4.92 2.7203848681
-29.95 -12.72 -4.81 2.85287250891
-29.19 -11.81 -5.78 2.73628278469
-29.69 -10.76 -6.21 2.61895377264
-30.1 -12.23 -3.36 2.85287250891
-31.47 -12.49 -2.77 2.85287250891
-31.85 -11.4 -1.77 2.85287250891
-32.38 -11.98 -0.48 2.85287250891
-31.59 -11.52 0.68 2.85287250891
-27.98 -12.23 -6.12 2.22402568616
-27.15 -11.47 -7.03 2.41516305987
-27.2 -11.5 -8.55 2.24769809506
-26.79 -12.49 -9.18 2.06703446881
-24.77 -11.72 -8.04 2.41516305987
-25.12 -10.93 -5.65 2.41516305987
-27.71 -10.43 -9.13 2.41269401738
-27.83 -10.35 -10.6 2.57789518755
-26.54 -10.31 -11.42 2.43285482807
-28.63 -9.07 -10.97 2.57789518755
-28.62 -8.85 -12.46 2.43285482807
-27.93 -9.46 -13.26 2.28148428923
-29.53 -7.91 -12.93 2.46421089331
-24.14 -12.75 -12.34 2.72232757201
-25.17 -13.8 -11.83 2.72232757201
-23.95 -12.81 -13.83 2.72232757201
-24.74 -10.81 -14.18 3.28197651502
-24.6 -10.03 -15.42 3.374854362
-24.64 -8.51 -15.4 3.29292659605
-24.25 -7.85 -16.38 3.21343256117
-25.71 -10.44 -16.41 3.374854362
-25.14 -11.18 -17.6 3.29292659605
-25.89 -11.33 -18.52 3.21343256117
-25.18 -6.51 -14.15 3.41882014206
-24.57 -6.01 -12.84 3.33906215107
-24.88 -4.9 -12.38 3.26182836231
-26.66 -6.01 -14.17 3.41882014206
-27.62 -6.74 -15.12 3.41882014206
-28.24 -5.85 -16.26 3.33906215107
-28.66 -6.33 -17.27 3.26182836231
-28.18 -4.68 -15.9 3.26182836231
-22.65 -7.39 -8.62 2.97245262608
-24.99 -7.16 -9.58 2.97245262608
-20.14 -8.18 -12.74 2.41516305987
-20.36 -6.08 -13.91 2.22402568616
-19.94 -4.77 -14.4 2.41516305987
-20.18 -3.35 -13.9 2.24769809506
-19.86 -2.37 -14.59 2.06703446881
-20.74 -3.26 -12.71 3.46048228099
-21.04 -1.96 -12.12 3.54436212661
-22.29 -2.0 -11.19 3.54436212661
-23.07 -0.68 -11.02 3.54436212661
-22.85 0.05 -9.64 3.47033660994
-22.28 1.09 -9.56 3.39902103994
-23.36 -0.65 -8.76 3.39902103994
-17.05 -0.06 -14.46 3.54436212661
-22.02 3.03 -8.06 4.86871893522
-11.9 3.64 -14.01 2.43285482807
-11.27 4.51 -14.62 2.28148428923
-11.9 1.68 -15.6 2.57789518755
-12.78 0.02 -17.2 2.57789518755
-13.34 5.29 -12.94 2.32485688748
-12.14 6.92 -11.63 1.94074133197
-15.43 6.63 -12.22 2.32485688748
-15.53 4.98 -14.14 2.32485688748
-12.14 5.35 -9.35 2.32485688748
-9.87 6.04 -8.9 1.94074133197
-12.93 5.22 -6.88 2.32485688748
-13.97 3.76 -8.69 2.32485688748
-8.75 3.8 -10.07 3.08311555793
-8.69 3.33 -6.99 3.02722347308
-9.29 3.26 -5.66 3.02722347308
-10.58 1.33 -6.35 3.02722347308
-10.72 2.18 -4.13 2.93964069245
-7.88 6.3 -13.97 3.54436212661
-7.87 7.09 -12.67 3.54436212661
-8.53 6.16 -11.66 3.54436212661
-4.74 1.97 -14.74 2.43285482807
-4.23 1.5 -15.76 2.28148428923
-3.18 3.09 -13.05 2.57789518755
-3.79 1.23 -11.29 2.49686919338
-4.3 1.18 -9.93 2.41269401738
-4.79 2.77 -8.22 2.49686919338
-4.49 5.01 -9.04 2.49686919338
-4.8 4.12 -8.03 2.49686919338
-6.32 0.13 -14.57 3.54436212661
-7.06 -0.36 -12.2 3.54436212661
-6.3 1.2 -18.83 2.59344389372
-6.6 0.61 -19.88 2.46178430194
-7.67 3.15 -18.03 2.72232757201
-9.02 3.53 -17.61 2.72232757201
-8.78 5.7 -18.63 2.46178430194
-10.13 5.54 -16.85 2.62109821036
-3.92 1.05 -19.29 2.72232757201
-3.79 -0.58 -21.06 2.46178430194
-2.61 1.0 -18.5 2.72232757201
-1.38 0.55 -19.31 2.72232757201
-0.12 0.77 -18.5 2.72232757201
1.04 0.14 -19.14 2.57572842164
1.16 0.01 -20.48 2.59344389372
0.26 -0.68 -21.19 2.62109821036
2.19 0.58 -21.09 2.62109821036
-5.05 -2.58 -19.59 2.0
-6.31 -2.95 -20.37 1.74
-6.52 -4.12 -20.72 1.4
-5.07 -3.51 -18.41 2.0
-2.85 -4.31 -17.54 1.86
-2.76 -2.28 -15.67 1.86
-1.77 -4.18 -16.6 1.86
-1.73 -3.17 -15.72 1.86
-8.37 -2.2 -21.39 2.0
-8.55 -1.2 -22.53 1.74
-9.64 -0.64 -22.73 1.4
-10.25 -4.24 -19.32 1.86
-10.22 -5.11 -18.17 1.86
-7.47 -0.97 -23.26 3.18494045613
-7.51 -0.03 -24.4 3.28331166428
-7.89 -0.91 -25.59 3.19656430018
-8.09 -0.41 -26.71 3.11200838625
-6.13 0.68 -24.59 3.28331166428
-5.48 1.31 -23.34 3.28331166428
-4.07 1.96 -23.58 3.19656430018
-3.43 1.72 -24.56 3.11200838625
-3.82 2.7 -22.63 3.11200838625
-7.98 -2.2 -25.34 2.57572842164
-8.33 -3.14 -26.44 2.72232757201
-9.79 -2.67 -26.45 2.59344389372
-10.54 -2.97 -27.39 2.46178430194
-8.04 -4.57 -25.94 2.72232757201
-9.23 -5.33 -25.75 2.53400746709
-11.51 -1.44 -25.28 2.0
-12.68 -0.46 -25.45 1.74
-13.82 -0.78 -25.11 1.4
-11.92 -1.38 -23.83 2.0
-11.98 -3.89 -23.7 1.86
-12.57 -5.09 -23.17 1.86
-13.54 -5.04 -22.23 1.86
-12.37 0.71 -25.98 2.41269401738
-13.39 1.75 -26.21 2.57789518755
-13.11 3.13 -25.6 2.43285482807
-11.98 3.42 -25.19 2.28148428923
-14.14 3.95 -25.55 3.28197651502
-14.0 5.3 -24.99 3.374854362
-15.07 4.21 -23.12 3.21343256117
-15.11 6.22 -25.58 3.374854362
-15.03 7.6 -24.99 3.29292659605
-16.0 8.31 -24.77 3.21343256117
-13.94 7.97 -24.67 3.21343256117
-13.18 5.38 -22.72 2.11633202144
-13.18 5.08 -21.28 2.32485688748
-12.9 6.4 -20.57 2.14243103283
-12.45 6.41 -19.41 1.94074133197
-12.12 4.0 -20.96 2.32485688748
-12.18 2.7 -21.73 2.14243103283
-11.06 1.8 -21.27 2.32485688748
-13.16 7.5 -21.26 2.57572842164
-12.89 8.86 -20.67 2.72232757201
-13.73 9.79 -19.79 2.59344389372
-13.22 10.78 -19.25 2.46178430194
-12.64 9.83 -21.79 2.72232757201
-11.69 10.81 -21.39 2.53400746709
-15.0 9.45 -19.67 2.57572842164
-15.92 10.27 -18.86 2.72232757201
-16.6 9.01 -18.32 2.59344389372
-16.67 11.21 -19.82 2.72232757201
-17.98 10.67 -19.89 2.53400746709
-16.04 11.25 -21.19 2.72232757201
-17.03 9.08 -17.07 2.7203848681
-17.69 7.93 -16.39 2.85287250891
-18.89 7.23 -17.03 2.73628278469
-19.08 6.02 -16.86 2.61895377264
-17.75 8.32 -14.98 2.85287250891
-17.35 9.78 -14.91 2.85287250891
-16.4 9.97 -16.1 2.85287250891
-19.68 8.01 -17.74 3.18494045613
-20.86 7.47 -18.42 3.28331166428
-20.54 6.5 -19.55 3.19656430018
-21.27 5.53 -19.79 3.11200838625
-21.73 8.62 -18.96 3.28331166428
-22.28 9.48 -17.86 3.19656430018
-22.65 9.06 -16.77 3.11200838625
-22.3 10.66 -18.07 3.11200838625
-19.44 6.78 -20.24 2.22402568616
-19.02 5.93 -21.37 2.41516305987
-18.29 4.63 -21.02 2.24769809506
-17.75 3.95 -21.89 2.06703446881
-18.03 6.77 -22.18 2.41516305987
-19.25 1.34 -19.57 2.46178430194
-15.82 2.26 -17.6 2.72232757201
-15.79 4.64 -18.48 2.72232757201
-20.69 2.02 -17.3 2.32485688748
-21.73 1.62 -18.34 2.14243103283
-22.8 1.08 -18.0 1.94074133197
-21.41 2.9 -16.25 2.32485688748
-20.46 3.38 -15.18 2.32485688748
-19.71 2.01 -14.3 2.18262886222
-20.07 2.51 -12.64 2.32485688748
-21.42 1.89 -19.59 2.41269401738
-22.34 1.58 -20.7 2.57789518755
-21.41 1.21 -21.86 2.43285482807
-21.58 1.69 -22.99 2.28148428923
-20.44 0.37 -21.57 2.41269401738
-19.46 -0.05 -22.57 2.57789518755
-20.2 -1.39 -22.49 2.43285482807
-20.45 -1.91 -21.39 2.28148428923
-18.04 0.12 -22.06 2.57789518755
-17.03 -0.03 -23.16 2.43285482807
-17.02 -0.92 -23.99 2.28148428923
-16.09 0.99 -23.25 2.46421089331
-21.24 -3.15 -23.71 2.97245262608
-20.01 -4.03 -23.5 2.8655882766
-20.12 -5.21 -23.14 2.75923199067
-21.61 -3.35 -25.16 2.97245262608
-21.69 -1.92 -25.65 2.97245262608
-20.54 -1.21 -24.92 2.97245262608
-17.6 -4.16 -23.59 3.18635814682
-16.13 -5.09 -21.91 3.00350354728
-16.51 -3.91 -25.88 3.18635814682
-15.46 -4.96 -26.21 3.18635814682
-14.92 -4.81 -27.62 3.18635814682
-14.93 -3.39 -28.03 3.18635814682
-16.87 -2.0 -19.42 2.97245262608
-17.04 -1.79 -17.9 2.97245262608
-19.31 -4.27 -19.72 2.85110369563
-20.43 -4.97 -19.13 2.97245262608
-20.59 -7.32 -18.64 2.75923199067
-21.77 -4.49 -19.62 2.97245262608
-22.38 -5.38 -20.69 2.97245262608
-23.8 -4.93 -21.03 2.97245262608
-24.09 -5.05 -22.51 2.97245262608
-24.95 -3.94 -22.97 2.97245262608
-19.34 -8.09 -20.98 2.57789518755
-18.22 -8.86 -20.28 2.43285482807
-18.37 -10.04 -19.95 2.28148428923
-18.94 -8.01 -22.47 2.57789518755
-17.11 -8.18 -20.07 2.85110369563
-15.95 -8.8 -19.41 2.97245262608
-14.73 -7.92 -19.61 2.97245262608
-13.43 -8.5 -19.09 2.8655882766
-12.87 -9.64 -19.62 2.79843848817
-12.62 -8.11 -18.07 2.91219147086
-11.77 -9.92 -18.95 2.91219147086
-11.59 -9.0 -18.03 2.85110369563
-17.49 -8.16 -15.99 2.97245262608
-18.36 -9.36 -15.63 2.8655882766
-18.98 -9.94 -16.64 2.41269401738
-19.84 -11.08 -16.44 2.57789518755
-19.13 -13.15 -15.43 2.28148428923
-20.78 -11.33 -17.62 2.57789518755
-22.24 -11.54 -17.25 2.57789518755
-22.77 -12.84 -17.84 2.57789518755
-23.29 -13.77 -16.76 2.57789518755
-22.42 -14.96 -16.62 2.57789518755
-16.77 -13.29 -16.9 2.57789518755
-16.12 -14.35 -14.83 2.28148428923
-15.61 -13.03 -17.83 2.57789518755
-15.62 -13.9 -19.07 2.57789518755
-17.03 -14.03 -19.65 2.57789518755
-17.51 -15.47 -19.63 2.57789518755
-18.98 -15.53 -19.46 2.57789518755
-18.56 -12.26 -11.17 2.41516305987
-18.36 -13.74 -11.49 2.24769809506
-18.51 -14.6 -10.61 2.06703446881
-19.88 -11.51 -11.36 2.41516305987
-21.5 -10.39 -9.88 2.41516305987
-18.02 -14.01 -12.74 2.41269401738
-17.81 -15.39 -13.19 2.57789518755
-17.04 -16.17 -12.12 2.43285482807
-17.62 -16.98 -11.38 2.28148428923
-15.75 -15.92 -12.06 2.57572842164
-14.9 -16.54 -11.11 2.72232757201
-13.48 -16.34 -11.65 2.72232757201
-14.04 -11.6 -5.48 1.86
-13.53 -10.75 -6.39 1.86
-18.64 -17.66 -8.3 2.78912757715
-17.95 -19.01 -8.16 2.66677603688
-18.36 -19.86 -7.35 2.5427976846
-19.55 -17.72 -9.5 2.78912757715
-20.49 -16.65 -9.51 2.61066977765
-16.91 -19.21 -8.96 3.18494045613
-16.17 -20.48 -8.93 3.28331166428
-15.49 -20.51 -7.56 3.19656430018
-15.16 -21.58 -7.04 3.11200838625
-15.16 -20.51 -10.1 3.28331166428
-15.49 -21.61 -11.07 3.19656430018
-15.28 -22.8 -10.88 3.11200838625
-16.05 -21.27 -12.08 3.11200838625
-17.94 -19.6 -2.97 2.24769809506
-18.62 -19.76 -1.94 2.06703446881
-18.84 -17.48 -3.99 2.41516305987
-19.65 -16.66 -3.0 2.24769809506
-20.94 -16.2 -3.63 2.41516305987
-17.75 -21.98 -3.34 2.57789518755
-16.85 -23.02 -4.02 2.43285482807
-17.27 -23.74 -4.93 2.28148428923
-19.18 -22.31 -3.81 2.57789518755
-15.61 -23.07 -3.56 2.7203848681
-14.64 -23.97 -4.12 2.85287250891
-12.45 -23.3 -3.36 2.61895377264
-14.56 -23.81 -5.64 2.85287250891
-14.36 -25.07 -6.43 2.73628278469
-13.46 -26.05 -6.04 2.66237033299
-14.9 -25.5 -7.6 2.78727419845
-13.47 -27.01 -6.95 2.78727419845
-14.35 -26.71 -7.88 2.7203848681
-14.23 -22.68 -2.12 2.22402568616
-13.4 -21.97 -1.12 2.41516305987
-12.3 -22.84 -0.51 2.24769809506
-14.31 -21.45 0.01 2.41516305987
-16.56 -20.5 0.36 2.41516305987
-14.61 -18.99 0.25 2.41516305987
-12.23 -24.07 -0.99 3.18494045613
-11.26 -24.97 -0.48 3.28331166428
-9.82 -25.04 -1.01 3.19656430018
-8.95 -25.66 -0.38 3.11200838625
-11.73 -26.46 -0.67 3.28331166428
-11.21 -27.36 0.43 3.19656430018
-11.58 -28.51 0.61 3.11200838625
-10.33 -26.9 1.1 3.11200838625
-9.61 -24.42 -2.15 2.41269401738
-8.26 -24.41 -2.74 2.57789518755
-9.19 -23.23 -3.01 2.43285482807
-10.42 -23.35 -2.9 2.28148428923
-8.1 -25.68 -3.63 2.57789518755
-6.67 -25.84 -4.09 2.43285482807
-5.7 -25.42 -3.49 2.28148428923
-6.49 -26.58 -5.25 2.46421089331
-8.59 -22.1 -3.36 2.41269401738
-8.12 -20.86 -4.46 2.43285482807
-9.58 -20.08 -2.35 2.57789518755
-10.12 -17.99 -1.13 2.57789518755
-7.1 -21.53 -3.96 2.7203848681
-5.81 -21.6 -4.66 2.85287250891
-5.61 -22.27 -6.03 2.73628278469
-4.72 -21.88 -6.8 2.61895377264
-4.76 -22.31 -3.83 2.85287250891
-4.3 -21.55 -2.6 2.85287250891
-5.29 -21.75 -1.45 2.85287250891
-4.66 -21.38 -0.12 2.85287250891
-5.07 -22.33 0.94 2.85287250891
-6.35 -24.01 -7.57 2.72232757201
-7.43 -23.8 -8.62 2.59344389372
-7.3 -24.25 -9.77 2.46178430194
-8.49 -23.12 -8.22 2.57572842164
-9.61 -22.85 -9.13 2.72232757201
-8.91 -21.79 -9.98 2.59344389372
-9.19 -21.65 -11.18 2.46178430194
-10.89 -23.42 -7.26 2.53400746709
-12.1 -22.38 -9.06 2.72232757201
-7.27 -20.0 -10.04 2.0
-5.88 -19.98 -10.66 1.74
-7.15 -18.79 -9.13 2.0
-9.46 -17.86 -9.52 1.86
-10.65 -17.27 -8.99 1.86
-5.25 -21.14 -10.69 2.22402568616
-3.89 -21.25 -11.24 2.41516305987
-3.75 -20.57 -12.6 2.24769809506
-2.91 -19.68 -12.79 2.06703446881
-3.6 -22.74 -11.49 2.41516305987
-4.59 -20.99 -13.53 2.41269401738
-4.58 -20.43 -14.89 2.57789518755
-4.8 -18.93 -15.12 2.43285482807
-4.2 -18.32 -16.01 2.28148428923
-5.62 -21.16 -15.72 2.57789518755
-6.39 -21.87 -14.76 2.36497245057
-5.0 -22.12 -16.71 2.57789518755
-5.67 -18.37 -14.3 2.22402568616
-5.99 -16.93 -14.41 2.41516305987
-8.59 -17.18 -14.28 2.24769809506
-9.52 -17.61 -13.17 2.41516305987
-9.27 -16.14 -15.14 2.41516305987
-2.86 -16.69 -10.75 3.54436212661
-1.5 -17.07 -10.61 3.43758922265
-0.76 -17.43 -14.69 3.41882014206
-1.11 -16.26 -15.61 3.33906215107
-0.24 -15.47 -15.99 3.26182836231
-0.81 -18.84 -15.34 3.41882014206
0.45 -19.3 -16.11 3.41882014206
0.36 -20.75 -16.71 3.33906215107
0.61 -20.98 -17.86 3.26182836231
0.03 -21.52 -15.81 3.26182836231
-2.38 -16.18 -15.96 2.22402568616
-2.86 -15.12 -16.84 2.41516305987
-4.36 -15.26 -17.1 2.41516305987
-4.95 -14.56 -18.31 2.24769809506
-6.15 -13.75 -17.89 2.41516305987
-3.92 -13.66 -18.95 2.41516305987
1.78 -12.25 -14.32 1.74
2.53 -11.26 -14.3 1.4
0.98 -13.31 -12.41 2.0
3.08 -13.39 -15.97 3.374854362
2.62 -13.26 -17.42 3.29292659605
3.24 -13.81 -18.34 3.21343256117
3.88 -14.69 -15.78 3.374854362
2.96 -15.78 -15.29 3.29292659605
1.78 -15.86 -15.56 3.21343256117
3.48 -16.63 -14.62 3.21343256117
0.98 -12.34 -18.95 3.0287949135
0.82 -10.33 -20.28 2.8243183199
-0.26 -13.2 -19.17 3.0287949135
-0.0 -14.49 -19.93 3.0287949135
0.87 -14.23 -21.16 3.0287949135
1.23 -15.53 -21.87 3.0287949135
1.74 -15.26 -23.23 3.0287949135
-0.43 -8.87 -18.29 2.41516305987
0.51 -6.88 -17.3 2.06703446881
-1.96 -8.76 -18.07 2.41516305987
-4.31 -9.35 -18.57 2.41516305987
-2.64 -9.31 -20.39 2.41516305987
1.64 -8.24 -15.17 2.97245262608
1.37 -6.06 -14.19 2.75923199067
2.9 -7.61 -15.76 2.97245262608
3.53 -8.38 -16.89 2.8655882766
4.42 -9.41 -16.68 2.79843848817
3.41 -8.25 -18.24 2.91219147086
4.82 -9.88 -17.85 2.91219147086
4.21 -9.21 -18.79 2.85110369563
-1.12 -6.63 -13.12 2.97245262608
-3.52 -6.38 -12.16 2.97245262608
-0.21 -5.71 -11.09 3.28197651502
0.5 -5.73 -9.81 3.374854362
-1.79 -5.92 -9.08 3.21343256117
1.03 -4.32 -9.47 3.374854362
1.55 -4.25 -8.06 3.29292659605
2.73 -4.31 -7.76 3.21343256117
0.73 -4.07 -7.21 3.21343256117
-0.35 -8.26 -5.93 3.54436212661
0.77 -8.83 -6.78 3.54436212661
1.08 -7.72 -7.78 3.54436212661
-1.98 -5.68 -5.97 3.32841402621
-2.84 -4.86 -5.09 3.41882014206
-3.95 -4.19 -5.89 3.33906215107
-2.05 -3.76 -4.36 3.41882014206
-2.78 -2.42 -4.13 3.41882014206
-2.78 -1.9 -2.64 3.33906215107
-2.32 -2.56 -1.75 3.26182836231
-3.29 -0.79 -2.62 3.26182836231
-4.05 -4.57 -7.15 2.65003072421
-4.46 -3.7 -9.42 2.78912757715
-3.77 -2.36 -9.45 2.66677603688
-2.59 -2.19 -9.67 2.5427976846
-4.6 -1.26 -9.27 2.69295246139
-6.41 -7.39 -7.01 2.0
-8.43 -7.61 -5.71 1.4
-5.52 -8.59 -6.8 2.0
-7.56 -5.92 -3.73 2.65207782941
-8.49 -4.72 -3.91 2.51571213812
-9.5 -4.59 -3.2 2.37505611705
-6.63 -5.52 -2.55 2.65207782941
-6.39 -6.67 -1.55 2.65207782941
-4.94 -7.11 -1.6 2.65207782941
-4.82 -8.57 -1.45 2.49687256947
-3.67 -9.24 -1.69 2.51571213812
-2.59 -8.61 -2.19 2.54507232427
-3.63 -10.54 -1.44 2.54507232427
-8.93 -2.69 -5.15 2.41516305987
-11.32 -2.82 -5.4 2.06703446881
-6.42 -0.08 -6.59 2.41516305987
-7.02 -0.55 -4.24 2.41516305987
-10.75 -5.85 -8.36 2.41516305987
-11.82 -6.33 -5.44 2.85110369563
-12.71 -7.16 -4.63 2.97245262608
-13.96 -3.21 -3.0 2.66677603688
-11.57 -3.09 -2.25 2.78912757715
-10.95 -3.32 -0.89 2.66677603688
-10.26 -2.51 -0.3 2.5427976846
-11.27 -4.53 -0.28 2.69295246139
-13.88 -2.86 -4.27 2.41269401738
-14.95 -2.07 -4.9 2.57789518755
-14.43 -1.45 -6.19 2.57789518755
-12.92 -1.65 -6.45 2.57789518755
-16.53 0.15 -1.68 1.8
-23.29 -3.75 -4.98 2.75923199067
-21.72 -3.8 -7.21 2.97245262608
-22.54 -5.56 -3.02 2.97245262608
-22.26 -8.43 -4.04 2.97245262608
-25.41 -1.63 -0.47 2.75923199067
-22.29 -2.11 0.31 2.97245262608
-24.75 -0.33 -2.82 2.57789518755
-26.09 -0.96 -3.2 2.43285482807
-27.15 -0.32 -3.08 2.28148428923
-24.95 0.99 -6.28 2.33822562908
-25.39 2.32 -4.59 2.49686919338
-25.63 2.03 -6.74 2.49686919338
-25.92 2.82 -5.74 2.41269401738
-27.25 -2.91 -4.05 2.57789518755
-28.21 -3.61 -3.08 2.43285482807
-29.4 -3.79 -3.37 2.28148428923
-26.88 -4.02 -5.03 2.57789518755
-26.64 -3.56 -6.44 2.43285482807
-27.52 -3.85 -7.47 2.33822562908
-25.62 -2.86 -7.01 2.49686919338
-27.04 -3.34 -8.59 2.49686919338
-25.91 -2.73 -8.33 2.41269401738
-28.47 -4.68 -0.92 2.0
-28.75 -3.81 0.31 1.74
-29.42 -4.25 1.25 1.4
-27.76 -5.97 -0.5 2.0
-28.81 -7.55 -2.15 1.86
-26.35 -8.59 -2.85 1.86
-28.67 -8.61 -3.1 1.86
-27.46 -9.08 -3.45 1.86
-28.24 -2.6 0.28 2.57572842164
-28.44 -1.68 1.4 2.72232757201
-27.31 -2.93 3.12 2.46178430194
-29.27 -1.94 3.64 2.7203848681
-29.25 -2.41 5.03 2.85287250891
-28.98 -3.86 5.42 2.73628278469
-28.62 -4.16 6.57 2.61895377264
-30.58 -2.15 5.73 2.85287250891
-31.1 -0.73 5.6 2.85287250891
-31.39 -0.12 6.97 2.85287250891
-30.53 1.11 7.22 2.85287250891
-29.37 0.78 8.07 2.85287250891
-29.15 -4.75 4.45 3.32841402621
-27.49 -6.65 4.5 3.33906215107
-27.22 -7.86 4.51 3.26182836231
-29.79 -7.06 3.75 3.41882014206
-31.08 -7.66 4.35 3.41882014206
-31.14 -7.68 5.92 3.33906215107
-30.68 -8.59 6.56 3.26182836231
-31.69 -6.65 6.3 3.26182836231
-25.19 -6.0 4.12 2.0
-24.85 -5.48 5.52 1.74
-24.22 -4.42 5.66 1.4
-24.67 -5.3 2.88 2.0
-22.19 -4.95 2.82 1.86
-25.02 -5.81 7.92 2.97245262608
-25.77 -6.82 8.82 2.97245262608
-25.08 -8.05 8.62 2.81719981417
-27.22 -6.96 8.45 2.97245262608
-22.3 -4.06 10.58 2.78912757715
-23.36 -4.36 9.53 2.78912757715
-20.74 -9.16 10.16 2.78912757715
-20.89 -9.83 8.79 2.66677603688
-20.21 -10.82 8.49 2.5427976846
-21.56 -9.67 11.3 2.78912757715
-22.9 -8.98 11.19 2.78912757715
-22.57 -7.62 10.57 2.78912757715
-22.02 -9.82 6.65 2.72232757201
-23.82 -10.0 4.79 2.72232757201
-24.44 -10.1 7.25 2.72232757201
-16.36 -10.26 6.81 2.24769809506
-15.19 -10.65 6.86 2.06703446881
-17.06 -9.07 8.83 2.41516305987
-17.35 -10.97 6.3 2.22402568616
-17.15 -12.26 5.77 2.41516305987
-18.42 -13.12 5.78 2.41516305987
-13.53 -9.1 3.03 2.78912757715
-12.61 -10.32 3.13 2.66677603688
-11.44 -10.28 2.74 2.5427976846
-13.4 -8.09 4.15 2.78912757715
-13.26 -6.09 2.24 2.69295246139
-12.41 -12.64 3.82 2.97245262608
-12.33 -13.5 2.56 2.8655882766
-11.28 -14.08 2.24 2.75923199067
-12.99 -13.52 4.92 2.97245262608
-12.72 -13.05 6.33 2.97245262608
-13.02 -14.14 7.34 2.97245262608
-12.76 -13.68 8.77 2.97245262608
-12.66 -14.83 9.69 2.97245262608
-13.5 -14.37 0.63 2.41516305987
-12.18 -11.43 -1.35 2.41516305987
-9.91 -11.19 -2.12 2.06703446881
-12.68 -10.02 -1.12 2.41516305987
-12.0 -8.92 -1.97 2.41516305987
-10.27 -11.3 0.1 2.22402568616
-8.83 -11.18 0.45 2.41516305987
-8.3 -12.57 0.09 2.24769809506
-7.09 -12.76 -0.1 2.06703446881
-8.59 -10.99 1.94 2.41516305987
-9.21 -13.52 0.02 2.57572842164
-8.84 -14.9 -0.31 2.72232757201
-7.62 -15.57 -2.27 2.46178430194
-10.87 -14.17 -4.63 2.97245262608
-10.75 -13.68 -6.1 2.97245262608
-7.98 -12.93 -3.74 2.57572842164
-6.84 -12.1 -4.1 2.72232757201
-7.02 -10.77 -3.33 2.72232757201
-4.14 -14.1 -2.34 2.57789518755
-3.95 -15.23 -3.36 2.43285482807
-2.83 -15.7 -3.59 2.28148428923
-4.24 -14.54 -0.87 2.57789518755
-4.23 -13.35 0.06 2.43285482807
-3.57 -12.34 -0.1 2.28148428923
-5.1 -13.44 1.14 2.46421089331
-5.05 -15.64 -3.96 2.41269401738
-5.02 -16.77 -4.95 2.57789518755
-3.7 -17.16 -6.93 2.28148428923
-6.47 -17.18 -5.14 2.57789518755
-7.54 -12.87 -7.61 3.54436212661
-0.35 -14.45 -6.66 2.59344389372
0.85 -14.15 -6.74 2.46178430194
-1.37 -12.41 -5.74 2.72232757201
-0.79 -15.66 -6.37 2.65003072421
0.21 -16.82 -6.1 2.78912757715
1.35 -17.26 -7.02 2.66677603688
1.93 -18.35 -6.86 2.5427976846
-0.63 -18.05 -5.88 2.78912757715
0.2 -19.24 -5.47 2.66677603688
0.56 -19.46 -4.15 2.58878484312
0.76 -20.24 -6.19 2.72038202399
1.3 -20.55 -4.1 2.72038202399
1.4 -21.04 -5.32 2.65003072421
2.76 -16.71 -8.93 3.0287949135
4.44 -15.37 -10.02 2.8243183199
2.2 -16.96 -10.32 3.0287949135
2.88 -18.09 -11.07 3.0287949135
3.89 -18.8 -10.18 3.0287949135
3.78 -20.31 -10.31 3.0287949135
5.05 -20.97 -9.92 3.0287949135
4.74 -13.64 -7.88 2.72232757201
5.79 -14.27 -6.97 2.59344389372
6.77 -13.62 -6.57 2.46178430194
3.98 -12.42 -7.35 2.72232757201
3.3 -11.6 -8.46 2.59344389372
4.12 -10.97 -9.41 2.65002772709
1.94 -11.43 -8.49 2.65002772709
3.49 -10.19 -10.46 2.65002772709
1.55 -9.27 -11.44 2.53400746709
5.58 -15.54 -6.65 2.65003072421
6.51 -16.26 -5.78 2.78912757715
7.25 -17.19 -6.74 2.66677603688
6.63 -17.9 -7.55 2.5427976846
5.71 -16.99 -4.7 2.78912757715
4.17 -14.98 -4.66 2.58878484312
3.57 -16.56 -3.26 2.72038202399
3.08 -14.57 -4.03 2.72038202399
2.7 -15.52 -3.2 2.65003072421
8.57 -17.17 -6.65 2.5427976846
-9.41 9.58 17.91 1.86
-10.64 11.37 13.6 1.86
-11.51 13.55 15.71 2.0
-10.71 12.4 18.48 2.0
-10.43 13.91 18.35 2.0
-10.13 14.5 19.73 1.74
-10.57 13.9 20.73 1.4
-9.45 15.54 19.79 1.4
-10.28 10.45 12.64 1.74
-10.48 10.6 11.21 1.74
-11.11 11.78 10.5 2.0
-7.21 5.2 18.87 2.0
-8.32 7.75 20.24 2.0
-9.38 6.9 20.86 2.0
-9.44 7.23 22.35 1.74
-8.55 6.92 23.07 1.4
-10.4 7.82 22.81 1.4
-11.83 -14.56 -15.85 2.0
-10.83 -13.53 -18.59 2.0
-10.26 -14.91 -18.52 2.0
-10.78 -15.69 -19.74 1.74
-10.24 -16.74 -20.06 1.4
-11.68 -15.29 -20.37 1.4
-10.08 -10.38 -9.24 1.86
-11.04 -10.88 -8.47 1.86
-6.15 -4.99 -13.69 1.86
-6.5 -4.13 -14.64 1.86
-6.58 -6.75 -18.9 2.0
-7.91 -9.17 -20.29 2.0
-7.58 -10.65 -20.55 2.0
-6.51 -10.76 -21.65 1.74
-6.49 -9.88 -22.52 1.4
-5.74 -11.73 -21.62 1.4
