1hrc shell model                 Title
20.                             Temperature, centigrade
0.010                           Solvent viscosity
1.2358E+4                       Molecular weight
0.748                           Specific volume of macromolecule
1.0                             Solution density
1.E-8                           Unit length in cm
492
52.504 12.865 -5.57 2.7
53.439 13.215 -4.519 3.0
54.544 14.073 -5.077 2.74
55.7 13.909 -4.646 2.4
54.184 14.956 -6.005 2.7
55.283 15.8 -6.535 3.0
55.091 16.242 -7.962 3.0
56.305 16.827 -8.648 2.74
56.378 16.789 -9.897 2.4
57.208 17.346 -7.955 2.4
56.563 16.793 -4.772 2.7
57.005 20.135 -3.712 2.4
57.949 17.29 -2.764 3.0
58.337 18.309 -1.677 3.0
57.515 16.017 -2.048 3.0
57.756 19.198 -5.614 2.7
58.056 20.536 -6.199 3.0
56.852 21.112 -6.905 2.74
56.72 22.346 -7.08 2.4
59.225 20.569 -7.15 3.0
59.529 19.369 -8.011 3.0
60.987 19.055 -8.167 2.74
61.793 19.118 -7.251 2.4
61.247 18.736 -9.341 2.4
54.71 20.703 -7.977 3.0
53.183 22.3 -6.952 2.4
53.942 19.641 -8.725 3.0
54.219 19.66 -10.225 3.0
53.694 18.411 -10.928 3.0
54.316 18.336 -12.314 3.0
53.642 17.291 -13.131 3.0
57.061 24.059 -3.613 3.0
57.593 25.254 -2.806 3.0
59.097 25.342 -2.727 3.0
59.557 26.782 -2.554 3.0
60.915 26.953 -3.168 3.0
54.809 24.889 -5.604 2.7
54.256 25.965 -6.425 3.0
54.261 25.628 -7.91 3.0
54.521 26.837 -8.813 3.0
54.108 26.638 -10.251 3.0
55.043 25.788 -11.096 3.0
55.298 26.473 -12.398 3.0
50.588 25.41 -5.398 3.0
49.62 23.485 -6.782 3.0
49.474 21.96 -6.904 3.0
53.439 27.37 0.771 2.86
51.609 25.949 1.418 2.86
53.433 27.971 2.023 2.86
51.572 26.546 2.676 2.86
51.877 31.685 -2.976 2.4
54.753 30.971 -4.825 3.0
55.817 29.396 -3.242 3.0
50.375 30.514 -5.151 3.0
49.054 30.576 -4.444 2.74
48.317 31.541 -4.708 2.4
50.264 29.767 -6.508 3.0
51.513 30.093 -7.335 3.0
51.464 29.667 -8.768 2.74
50.441 29.308 -9.367 2.4
52.679 29.705 -9.35 2.8
47.451 29.679 -2.94 3.0
47.427 29.774 -1.436 2.74
46.351 30.229 -0.924 2.4
46.611 28.475 -3.331 3.0
46.214 28.484 -4.803 3.0
45.944 27.021 -5.175 3.0
45.0 27.025 -6.398 3.0
44.968 25.6 -6.918 3.0
48.477 29.434 0.69 3.0
48.854 28.041 1.251 3.0
48.096 26.751 0.185 2.8
51.597 31.589 1.197 3.0
51.109 32.935 1.647 2.74
51.774 33.576 2.477 2.4
52.704 31.709 0.152 3.0
49.982 33.414 1.208 2.7
49.425 34.714 1.581 3.0
48.925 35.846 3.656 2.4
48.28 35.018 0.603 3.0
47.628 36.367 0.667 3.0
46.295 36.592 0.019 2.74
45.882 37.708 -0.335 2.4
45.485 35.557 -0.191 2.8
46.649 33.37 4.961 3.0
45.548 34.225 3.865 2.8
52.498 30.954 4.864 2.4
47.604 29.002 5.491 2.86
47.007 28.622 7.538 2.86
46.546 28.687 6.318 2.7
54.154 30.006 7.101 3.0
54.939 32.161 7.647 2.6
55.352 27.906 6.899 2.7
56.665 25.642 5.025 3.0
58.963 26.943 8.78 3.0
60.135 27.657 8.133 3.0
60.238 29.149 7.98 3.0
59.086 29.955 7.466 2.74
58.309 29.649 6.567 2.4
58.995 31.038 8.121 2.4
59.876 26.369 10.891 2.7
60.18 27.748 12.938 2.74
60.915 28.648 12.513 2.4
61.244 25.475 12.693 3.0
61.092 24.717 14.027 3.0
62.476 24.174 14.431 3.0
62.423 23.512 15.817 3.0
61.95 24.534 16.817 3.0
59.345 27.972 13.954 2.7
59.278 29.275 14.588 3.0
58.873 30.363 13.616 2.74
59.08 31.542 13.961 2.4
57.902 31.113 11.476 3.0
55.997 31.084 12.952 2.4
56.309 32.945 11.687 2.7
55.159 33.689 12.174 3.0
55.318 35.176 11.809 3.0
55.454 35.455 10.323 3.0
55.507 36.918 9.961 3.0
55.992 36.974 8.507 3.0
55.259 38.023 7.764 3.0
52.819 33.69 12.456 2.7
51.365 35.868 11.795 2.4
50.553 33.404 13.541 3.0
50.908 32.206 14.392 2.74
50.693 31.989 15.714 2.86
51.676 30.215 14.928 2.86
51.17 30.756 16.019 2.7
49.965 35.586 9.408 3.0
48.476 35.677 9.644 2.74
48.099 35.567 10.856 2.4
50.486 35.252 8.039 3.0
51.969 35.545 7.737 3.0
52.351 34.955 6.393 3.0
52.136 36.04 5.328 3.0
52.567 35.426 4.063 3.0
47.586 35.837 8.668 2.7
46.126 35.836 8.872 3.0
45.04 34.264 10.358 2.4
45.268 36.035 7.589 3.0
45.653 37.285 6.955 2.6
43.736 35.977 7.672 3.0
46.336 32.022 9.303 3.0
48.036 29.036 12.486 3.0
46.8 28.585 11.736 3.0
46.272 29.865 11.081 3.0
51.165 26.947 11.923 2.4
53.448 29.177 11.739 3.0
54.644 28.222 11.715 2.74
54.56 27.157 12.38 2.4
50.538 25.413 6.324 3.0
49.269 25.322 8.454 3.0
54.652 22.7 12.289 2.74
53.938 23.144 13.165 2.4
56.592 24.249 11.863 3.0
57.997 22.343 12.816 2.86
59.413 22.115 11.156 2.86
59.06 21.652 12.336 2.7
54.351 20.346 12.881 3.0
52.389 19.29 13.687 2.4
48.207 21.387 10.578 3.0
48.955 21.22 8.264 3.0
51.071 15.391 11.99 2.74
52.16 15.441 12.588 2.4
51.989 15.674 9.627 3.0
51.029 14.772 7.502 2.86
50.042 14.728 12.445 2.7
50.002 13.954 13.692 3.0
49.409 14.684 14.881 2.74
49.141 14.192 16.007 2.4
49.163 15.946 14.683 2.7
48.605 16.888 15.635 3.0
49.431 18.168 15.443 3.0
49.233 19.122 16.63 3.0
50.1 20.302 16.554 3.0
49.989 21.139 15.387 2.7
50.704 22.763 13.874 2.8
52.035 22.234 15.636 2.8
46.408 17.399 16.399 2.7
45.81 19.904 15.782 2.4
44.243 17.554 17.682 3.0
44.115 16.196 18.335 3.0
43.186 15.243 17.621 3.0
43.306 13.832 18.167 3.0
41.954 13.188 18.144 3.0
43.115 20.633 14.973 3.0
43.058 21.476 17.214 2.4
40.795 19.956 15.412 2.6
43.524 22.915 15.569 2.7
44.398 24.617 18.575 2.4
45.854 23.588 17.159 2.7
46.998 23.395 18.04 3.0
48.29 24.132 17.784 2.74
49.387 23.787 18.31 2.4
47.243 21.858 18.173 3.0
46.126 21.075 18.859 3.0
45.749 21.425 20.272 2.74
44.617 21.829 20.583 2.4
46.677 21.295 21.211 2.8
49.491 25.992 16.808 3.0
49.524 26.866 18.068 2.74
48.553 27.612 18.338 2.4
49.385 26.945 15.631 3.0
50.63 27.67 20.038 3.0
50.747 29.121 19.627 2.74
51.611 29.405 18.751 2.4
51.903 27.238 20.759 3.0
52.754 26.575 19.72 3.0
51.787 25.989 18.671 3.0
50.02 30.011 20.23 2.7
50.147 31.418 19.882 3.0
49.199 31.957 18.864 2.74
49.233 33.205 18.632 2.4
47.384 31.574 17.258 3.0
46.019 31.398 17.922 2.74
45.805 30.336 18.59 2.4
46.765 32.5 14.091 2.86
45.849 32.931 13.189 2.86
44.387 31.096 13.753 2.86
44.616 32.243 12.985 2.86
45.124 32.334 17.743 2.7
43.753 32.248 18.28 3.0
42.571 32.43 16.151 2.4
43.18 33.567 18.896 3.0
44.335 34.203 19.524 2.6
42.054 33.42 19.923 3.0
41.576 29.86 16.403 3.0
40.102 30.019 16.776 2.74
39.734 30.329 17.914 2.4
43.258 27.348 14.684 2.86
44.221 27.698 16.872 2.86
44.464 26.839 14.198 2.86
45.415 27.164 16.409 2.86
46.707 26.17 14.757 2.6
39.296 29.763 15.768 2.7
37.83 29.767 15.991 3.0
36.985 29.683 14.679 3.0
37.304 28.442 13.989 2.6
37.173 30.879 13.736 3.0
36.475 28.481 17.634 2.7
34.915 27.406 19.297 3.0
35.006 28.352 20.468 2.74
35.997 28.371 21.217 2.4
33.987 29.079 20.584 2.4
35.384 26.369 16.358 2.7
35.097 25.275 15.402 3.0
36.477 23.321 14.924 2.4
34.404 25.881 14.182 3.0
39.713 25.815 13.951 3.0
41.177 25.678 12.091 2.4
41.355 23.976 13.488 2.8
39.209 22.692 18.38 2.74
39.993 21.826 18.775 2.4
40.775 25.049 20.134 3.0
40.325 26.022 21.236 3.0
41.439 26.975 21.6 3.0
40.868 28.354 21.746 3.0
36.985 21.545 18.626 3.0
36.761 20.498 17.549 2.74
36.143 19.462 17.926 2.4
35.619 22.17 18.969 3.0
35.535 22.964 20.247 2.74
36.399 22.971 21.139 2.4
34.409 23.674 20.38 2.8
36.957 19.685 15.234 3.0
36.568 17.298 15.659 2.4
36.257 18.99 12.014 3.0
35.853 17.735 11.32 3.0
34.546 17.861 10.623 3.0
38.864 17.06 17.072 3.0
39.388 15.856 16.365 2.74
39.236 14.82 17.029 2.4
40.484 14.954 14.349 3.0
39.809 14.823 12.968 3.0
38.279 14.478 13.117 3.0
42.816 14.371 13.857 2.7
44.988 12.998 14.075 3.0
44.924 12.895 15.551 2.6
46.468 12.828 13.658 3.0
45.791 19.375 11.514 2.86
44.905 20.395 11.434 2.7
42.917 20.775 10.005 2.86
47.159 13.206 8.178 3.0
46.951 11.845 8.779 3.0
45.569 11.242 8.609 3.0
45.443 10.006 9.467 3.0
44.601 10.334 10.69 3.0
43.967 9.078 11.183 3.0
47.365 12.612 5.755 2.7
47.705 11.901 3.4 3.0
49.225 11.984 3.531 3.0
50.139 10.907 3.075 2.74
50.035 10.238 2.047 2.4
51.093 10.768 3.902 2.4
44.849 11.861 4.769 2.7
42.528 12.728 5.111 2.74
41.481 12.964 4.438 2.4
42.9 10.274 4.857 3.0
42.832 9.203 3.789 3.0
42.745 9.475 2.316 2.74
43.711 9.379 1.562 2.4
41.605 9.832 1.928 2.4
41.927 14.37 6.735 3.0
41.226 13.273 8.967 3.0
45.811 19.221 6.02 3.0
42.708 14.121 0.896 3.0
44.008 13.691 0.323 3.0
44.36 14.334 -1.343 2.8
43.007 13.684 -2.35 3.0
38.913 16.01 2.413 3.0
37.944 18.224 2.118 2.4
38.235 15.096 3.395 3.0
36.944 15.227 4.051 3.0
36.194 14.165 4.763 2.74
36.597 13.131 5.307 2.4
34.957 14.465 4.772 2.4
42.343 22.737 5.903 2.86
41.807 24.692 7.071 2.6
44.111 22.487 2.088 3.0
37.122 21.974 -1.61 2.4
37.017 18.813 -2.594 3.0
36.252 17.513 -2.52 2.74
35.667 17.164 -1.498 2.4
36.321 16.878 -3.587 2.4
35.542 22.053 3.149 2.4
34.8 21.823 0.36 3.0
33.685 22.816 0.618 2.74
33.804 23.777 1.404 2.4
32.562 22.594 -0.041 2.8
38.127 24.174 1.718 3.0
33.211 24.309 5.405 2.74
32.397 24.343 6.333 2.4
33.341 26.548 4.59 3.0
33.914 27.748 3.953 3.0
35.03 28.538 4.635 3.0
35.378 29.682 3.705 3.0
36.396 29.328 2.716 3.0
33.269 23.332 4.527 2.7
32.375 22.171 4.666 3.0
32.094 20.772 6.585 2.4
32.291 21.355 3.413 3.0
31.427 20.149 3.247 3.0
29.981 20.282 3.587 3.0
28.969 19.678 2.654 3.0
27.574 19.973 3.154 3.0
34.815 20.321 6.918 3.0
36.226 19.859 6.521 3.0
36.227 17.349 6.887 2.86
36.749 16.191 7.41 2.86
38.429 15.133 8.726 2.6
36.754 24.308 11.285 3.0
31.882 24.967 9.686 3.0
32.101 26.015 10.751 2.74
32.234 25.716 11.944 2.4
30.686 24.043 9.95 3.0
31.18 22.651 9.603 3.0
32.63 22.673 9.996 3.0
32.207 27.228 10.242 2.7
32.494 28.382 11.088 3.0
33.979 28.682 11.039 2.74
34.399 29.58 11.787 2.4
34.767 28.003 10.211 2.7
35.548 30.365 8.973 2.4
38.417 27.846 9.333 2.6
37.674 31.788 9.57 3.0
38.627 31.814 8.381 2.74
38.973 32.921 7.918 2.4
38.11 32.636 10.717 3.0
39.434 32.286 11.385 3.0
39.791 33.4 12.381 3.0
41.107 33.125 13.102 3.0
40.975 33.817 14.413 3.0
39.888 30.393 6.747 3.0
40.586 29.054 6.824 3.0
41.368 28.771 5.499 3.0
42.461 27.355 5.596 2.8
42.213 26.568 3.988 3.0
39.132 31.635 4.785 2.7
39.076 31.555 2.406 2.74
40.027 32.297 2.109 2.4
37.541 33.265 3.794 3.0
36.77 33.375 5.169 3.0
36.616 33.794 2.646 3.0
35.513 32.465 5.405 3.0
38.806 30.377 1.836 2.7
39.548 29.816 0.714 3.0
38.559 28.794 0.122 2.74
37.97 28.038 0.894 2.4
40.89 29.252 1.144 3.0
41.657 28.476 0.116 2.74
41.507 27.07 0.122 2.86
42.437 29.125 -0.841 2.86
42.148 26.314 -0.829 2.86
43.104 28.352 -1.78 2.86
42.972 26.954 -1.751 2.86
38.44 28.843 -1.169 2.7
37.488 27.974 -1.884 3.0
37.863 26.498 -1.894 2.74
36.925 25.697 -1.924 2.4
37.309 28.525 -3.296 3.0
39.505 24.709 -1.862 3.0
40.258 24.389 -3.164 2.74
40.379 25.269 -4.022 2.4
41.456 22.695 -4.469 3.0
43.72 21.586 -5.218 3.0
39.953 21.875 -6.205 2.7
39.047 20.932 -6.869 3.0
39.629 19.566 -7.222 2.74
39.076 18.542 -6.764 2.4
38.42 21.582 -8.088 3.0
39.098 21.684 -9.439 3.0
38.459 22.751 -10.334 3.0
39.049 24.141 -10.107 3.0
39.627 24.669 -11.376 3.0
41.45 18.439 -8.529 3.0
42.545 18.806 -9.538 3.0
42.242 19.922 -10.533 3.0
41.578 19.426 -11.814 3.0
41.468 20.566 -12.821 3.0
40.352 21.496 -12.475 3.0
42.034 16.315 -7.575 2.7
42.166 13.997 -6.82 3.0
41.816 11.631 -6.1 3.0
42.544 10.384 -5.608 3.0
41.51 9.366 -5.206 3.0
44.753 15.401 -7.844 2.7
46.868 16.67 -7.381 2.74
46.684 15.08 -9.42 3.0
46.128 16.106 -10.25 2.6
46.19 13.67 -9.809 3.0
46.667 19.051 -6.936 3.0
45.851 20.556 -8.93 3.0
45.306 21.945 -9.201 2.74
45.785 22.993 -8.792 2.4
44.257 21.945 -9.887 2.4
40.148 15.999 -2.183 2.8
39.748 16.346 -4.405 2.8
48.016 15.219 -3.495 3.0
50.249 15.539 -2.653 2.4
47.966 13.977 -4.382 3.0
46.693 13.131 -4.366 3.0
46.557 11.898 -5.191 2.74
45.862 10.908 -4.937 2.4
47.226 11.927 -6.246 2.4
50.925 15.866 -7.205 2.4
51.228 17.639 -8.34 2.4
49.925 23.082 -0.928 3.0
47.535 22.576 -1.1 3.0
49.068 16.214 1.108 3.0
49.384 15.324 2.35 3.0
46.436 16.086 1.385 3.0
52.046 16.284 -0.319 2.7
53.44 15.767 -0.302 3.0
55.299 16.692 0.811 2.4
53.697 14.978 -1.569 3.0
56.865 21.998 -0.532 2.86
57.415 23.135 0.002 2.86
57.246 25.198 1.113 2.6
49.757 20.979 3.07 3.0
51.475 22.43 4.166 3.0
56.157 16.964 5.028 2.74
56.761 16.823 6.1 2.4
54.391 15.386 4.221 3.0
54.376 14.212 5.178 3.0
53.79 12.99 4.47 3.0
53.398 11.94 5.5 3.0
53.642 10.593 4.932 3.0
58.157 17.614 3.731 3.0
58.44 17.793 2.226 3.0
59.835 17.493 1.765 3.0
60.81 18.628 1.726 3.0
60.829 19.346 0.383 3.0
62.108 20.106 0.25 3.0
58.177 21.282 4.682 3.0
58.331 22.257 6.859 2.4
57.586 22.316 3.711 3.0
54.27 19.549 7.813 2.6
58.273 18.512 9.619 3.0
60.473 18.296 10.524 2.4
57.956 17.045 9.513 3.0
58.622 16.212 8.455 2.74
58.736 14.975 8.596 2.4
59.122 16.791 7.357 2.8
61.554 20.093 8.37 3.0
62.228 19.267 7.259 2.74
61.893 18.068 7.079 2.4
62.556 20.209 9.521 3.0
62.563 21.503 10.321 3.0
62.71 21.377 11.811 2.74
62.064 20.609 12.52 2.4
63.579 22.161 12.277 2.4
63.083 19.846 6.559 2.4
