1hrc shell model                 Title
20.                             Temperature, centigrade
0.010                           Solvent viscosity
1.2358E+4                       Molecular weight
0.748                           Specific volume of macromolecule
1.0                             Solution density
1.E-8                           Unit length in cm
432
51.512 12.044 -5.22 1.74
51.429 11.715 -4.02 1.4
50.594 11.606 -6.314 2.0
52.504 12.865 -5.57 1.7
53.439 13.215 -4.519 2.0
54.544 14.073 -5.077 1.74
55.7 13.909 -4.646 1.4
54.184 14.956 -6.005 1.7
55.283 15.8 -6.535 2.0
55.091 16.242 -7.962 2.0
56.305 16.827 -8.648 1.74
56.378 16.789 -9.897 1.4
57.208 17.346 -7.955 1.4
57.949 17.29 -2.764 2.0
58.337 18.309 -1.677 2.0
57.515 16.017 -2.048 2.0
57.756 19.198 -5.614 1.7
56.72 22.346 -7.08 1.4
59.225 20.569 -7.15 2.0
59.529 19.369 -8.011 2.0
60.987 19.055 -8.167 1.74
61.793 19.118 -7.251 1.4
61.247 18.736 -9.341 1.4
54.219 19.66 -10.225 2.0
53.694 18.411 -10.928 2.0
54.316 18.336 -12.314 2.0
53.642 17.291 -13.131 2.0
57.061 24.059 -3.613 2.0
57.593 25.254 -2.806 2.0
59.097 25.342 -2.727 2.0
59.557 26.782 -2.554 2.0
60.915 26.953 -3.168 2.0
54.809 24.889 -5.604 1.7
54.256 25.965 -6.425 2.0
54.261 25.628 -7.91 2.0
54.521 26.837 -8.813 2.0
54.108 26.638 -10.251 2.0
55.043 25.788 -11.096 2.0
55.298 26.473 -12.398 2.0
49.62 23.485 -6.782 2.0
49.474 21.96 -6.904 2.0
51.877 31.685 -2.976 1.4
54.753 30.971 -4.825 2.0
55.817 29.396 -3.242 2.0
50.375 30.514 -5.151 2.0
48.317 31.541 -4.708 1.4
50.264 29.767 -6.508 2.0
51.513 30.093 -7.335 2.0
51.464 29.667 -8.768 1.74
50.441 29.308 -9.367 1.4
52.679 29.705 -9.35 1.8
46.214 28.484 -4.803 2.0
45.0 27.025 -6.398 2.0
44.968 25.6 -6.918 2.0
52.704 31.709 0.152 2.0
49.425 34.714 1.581 2.0
48.925 35.846 3.656 1.4
48.28 35.018 0.603 2.0
47.628 36.367 0.667 2.0
46.295 36.592 0.019 1.74
45.882 37.708 -0.335 1.4
45.485 35.557 -0.191 1.8
45.548 34.225 3.865 1.8
60.135 27.657 8.133 2.0
60.238 29.149 7.98 2.0
59.086 29.955 7.466 1.74
58.309 29.649 6.567 1.4
58.995 31.038 8.121 1.4
59.876 26.369 10.891 1.7
60.18 27.748 12.938 1.74
60.915 28.648 12.513 1.4
61.244 25.475 12.693 2.0
61.092 24.717 14.027 2.0
62.476 24.174 14.431 2.0
62.423 23.512 15.817 2.0
61.95 24.534 16.817 2.0
59.278 29.275 14.588 2.0
58.873 30.363 13.616 1.74
59.08 31.542 13.961 1.4
57.902 31.113 11.476 2.0
55.997 31.084 12.952 1.4
55.159 33.689 12.174 2.0
55.318 35.176 11.809 2.0
55.454 35.455 10.323 2.0
55.507 36.918 9.961 2.0
55.992 36.974 8.507 2.0
55.259 38.023 7.764 2.0
50.693 31.989 15.714 1.86
51.676 30.215 14.928 1.86
51.17 30.756 16.019 1.7
49.965 35.586 9.408 2.0
52.136 36.04 5.328 2.0
52.567 35.426 4.063 2.0
46.126 35.836 8.872 2.0
45.653 37.285 6.955 1.6
43.736 35.977 7.672 2.0
53.448 29.177 11.739 2.0
59.06 21.652 12.336 1.7
52.389 19.29 13.687 1.4
52.16 15.441 12.588 1.4
50.002 13.954 13.692 2.0
49.409 14.684 14.881 1.74
49.141 14.192 16.007 1.4
49.163 15.946 14.683 1.7
48.605 16.888 15.635 2.0
49.431 18.168 15.443 2.0
49.233 19.122 16.63 2.0
50.1 20.302 16.554 2.0
52.035 22.234 15.636 1.8
44.243 17.554 17.682 2.0
44.115 16.196 18.335 2.0
43.186 15.243 17.621 2.0
43.306 13.832 18.167 2.0
41.954 13.188 18.144 2.0
44.398 24.617 18.575 1.4
46.998 23.395 18.04 2.0
48.29 24.132 17.784 1.74
49.387 23.787 18.31 1.4
47.243 21.858 18.173 2.0
45.749 21.425 20.272 1.74
44.617 21.829 20.583 1.4
46.677 21.295 21.211 1.8
49.524 26.866 18.068 1.74
48.553 27.612 18.338 1.4
50.63 27.67 20.038 2.0
50.747 29.121 19.627 1.74
51.611 29.405 18.751 1.4
51.903 27.238 20.759 2.0
52.754 26.575 19.72 2.0
51.787 25.989 18.671 2.0
50.02 30.011 20.23 1.7
50.147 31.418 19.882 2.0
49.199 31.957 18.864 1.74
49.233 33.205 18.632 1.4
46.019 31.398 17.922 1.74
45.805 30.336 18.59 1.4
43.753 32.248 18.28 2.0
43.18 33.567 18.896 2.0
44.335 34.203 19.524 1.6
42.054 33.42 19.923 2.0
44.221 27.698 16.872 1.86
45.415 27.164 16.409 1.86
37.173 30.879 13.736 2.0
35.997 28.371 21.217 1.4
33.987 29.079 20.584 1.4
35.097 25.275 15.402 2.0
36.477 23.321 14.924 1.4
34.404 25.881 14.182 2.0
39.209 22.692 18.38 1.74
39.993 21.826 18.775 1.4
40.775 25.049 20.134 2.0
40.325 26.022 21.236 2.0
41.439 26.975 21.6 2.0
40.868 28.354 21.746 2.0
36.985 21.545 18.626 2.0
36.761 20.498 17.549 1.74
36.143 19.462 17.926 1.4
35.619 22.17 18.969 2.0
35.535 22.964 20.247 1.74
36.399 22.971 21.139 1.4
34.409 23.674 20.38 1.8
36.957 19.685 15.234 2.0
36.568 17.298 15.659 1.4
36.257 18.99 12.014 2.0
35.853 17.735 11.32 2.0
34.546 17.861 10.623 2.0
38.864 17.06 17.072 2.0
39.388 15.856 16.365 1.74
39.236 14.82 17.029 1.4
38.279 14.478 13.117 2.0
45.443 10.006 9.467 2.0
44.601 10.334 10.69 2.0
43.967 9.078 11.183 2.0
47.705 11.901 3.4 2.0
50.139 10.907 3.075 1.74
50.035 10.238 2.047 1.4
51.093 10.768 3.902 1.4
41.481 12.964 4.438 1.4
42.9 10.274 4.857 2.0
42.832 9.203 3.789 2.0
42.745 9.475 2.316 1.74
43.711 9.379 1.562 1.4
41.605 9.832 1.928 1.4
41.226 13.273 8.967 2.0
44.008 13.691 0.323 2.0
44.36 14.334 -1.343 1.8
43.007 13.684 -2.35 2.0
38.913 16.01 2.413 2.0
38.235 15.096 3.395 2.0
36.944 15.227 4.051 2.0
36.194 14.165 4.763 1.74
36.597 13.131 5.307 1.4
34.957 14.465 4.772 1.4
37.017 18.813 -2.594 2.0
36.252 17.513 -2.52 1.74
35.667 17.164 -1.498 1.4
36.321 16.878 -3.587 1.4
34.8 21.823 0.36 2.0
33.804 23.777 1.404 1.4
32.562 22.594 -0.041 1.8
33.341 26.548 4.59 2.0
33.914 27.748 3.953 2.0
35.378 29.682 3.705 2.0
36.396 29.328 2.716 2.0
33.269 23.332 4.527 1.7
32.375 22.171 4.666 2.0
32.094 20.772 6.585 1.4
32.291 21.355 3.413 2.0
31.427 20.149 3.247 2.0
29.981 20.282 3.587 2.0
28.969 19.678 2.654 2.0
27.574 19.973 3.154 2.0
36.227 17.349 6.887 1.86
36.749 16.191 7.41 1.86
38.429 15.133 8.726 1.6
36.754 24.308 11.285 2.0
32.101 26.015 10.751 1.74
32.234 25.716 11.944 1.4
30.686 24.043 9.95 2.0
31.18 22.651 9.603 2.0
32.63 22.673 9.996 2.0
32.207 27.228 10.242 1.7
32.494 28.382 11.088 2.0
33.979 28.682 11.039 1.74
34.399 29.58 11.787 1.4
35.548 30.365 8.973 1.4
37.674 31.788 9.57 2.0
38.973 32.921 7.918 1.4
38.11 32.636 10.717 2.0
39.791 33.4 12.381 2.0
40.975 33.817 14.413 2.0
39.076 31.555 2.406 1.74
40.027 32.297 2.109 1.4
37.541 33.265 3.794 2.0
36.77 33.375 5.169 2.0
36.616 33.794 2.646 2.0
35.513 32.465 5.405 2.0
38.806 30.377 1.836 1.7
39.548 29.816 0.714 2.0
38.559 28.794 0.122 1.74
42.437 29.125 -0.841 1.86
43.104 28.352 -1.78 1.86
42.972 26.954 -1.751 1.86
38.44 28.843 -1.169 1.7
37.488 27.974 -1.884 2.0
37.863 26.498 -1.894 1.74
36.925 25.697 -1.924 1.4
37.309 28.525 -3.296 2.0
40.258 24.389 -3.164 1.74
40.379 25.269 -4.022 1.4
41.456 22.695 -4.469 2.0
39.953 21.875 -6.205 1.7
39.047 20.932 -6.869 2.0
39.076 18.542 -6.764 1.4
38.42 21.582 -8.088 2.0
38.459 22.751 -10.334 2.0
39.049 24.141 -10.107 2.0
39.627 24.669 -11.376 2.0
42.242 19.922 -10.533 2.0
41.578 19.426 -11.814 2.0
41.468 20.566 -12.821 2.0
40.352 21.496 -12.475 2.0
42.034 16.315 -7.575 1.7
42.166 13.997 -6.82 2.0
41.816 11.631 -6.1 2.0
42.544 10.384 -5.608 2.0
41.51 9.366 -5.206 2.0
46.684 15.08 -9.42 2.0
46.128 16.106 -10.25 1.6
46.19 13.67 -9.809 2.0
45.851 20.556 -8.93 2.0
45.306 21.945 -9.201 1.74
45.785 22.993 -8.792 1.4
44.257 21.945 -9.887 1.4
40.148 15.999 -2.183 1.8
39.748 16.346 -4.405 1.8
48.016 15.219 -3.495 2.0
47.966 13.977 -4.382 2.0
46.693 13.131 -4.366 2.0
46.557 11.898 -5.191 1.74
45.862 10.908 -4.937 1.4
47.226 11.927 -6.246 1.4
50.925 15.866 -7.205 1.4
51.228 17.639 -8.34 1.4
49.068 16.214 1.108 2.0
49.384 15.324 2.35 2.0
46.436 16.086 1.385 2.0
57.415 23.135 0.002 1.86
57.246 25.198 1.113 1.6
53.79 12.99 4.47 2.0
53.398 11.94 5.5 2.0
53.642 10.593 4.932 2.0
58.157 17.614 3.731 2.0
59.835 17.493 1.765 2.0
60.81 18.628 1.726 2.0
60.829 19.346 0.383 2.0
62.108 20.106 0.25 2.0
57.586 22.316 3.711 2.0
60.473 18.296 10.524 1.4
57.956 17.045 9.513 2.0
58.622 16.212 8.455 1.74
58.736 14.975 8.596 1.4
59.122 16.791 7.357 1.8
61.554 20.093 8.37 2.0
62.228 19.267 7.259 1.74
61.893 18.068 7.079 1.4
62.556 20.209 9.521 2.0
62.563 21.503 10.321 2.0
62.71 21.377 11.811 1.74
62.064 20.609 12.52 1.4
63.579 22.161 12.277 1.4
63.083 19.846 6.559 1.4
43.018 34.168 3.003 1.86
42.64 32.208 9.219 2.0
33.252 17.145 4.385 1.6
35.639 27.093 1.66 1.6
57.01 26.247 14.597 1.6
49.353 35.196 16.225 1.6
41.83 22.769 -9.033 1.6
35.961 18.039 20.46 1.6
52.318 38.124 10.853 1.6
34.655 25.023 23.295 1.6
35.476 19.079 2.504 1.6
34.474 26.547 -1.374 1.6
33.695 28.78 16.003 1.6
43.243 34.144 -0.518 1.6
42.957 29.275 19.903 1.6
53.826 35.492 14.989 1.6
49.69 10.767 6.767 1.6
47.447 17.328 19.405 1.6
52.297 34.768 -1.905 1.6
40.328 19.386 18.033 1.6
53.908 19.979 16.868 1.6
40.936 33.783 6.186 1.6
44.471 31.845 -2.467 1.6
50.438 26.697 -8.991 1.6
52.299 22.634 -9.563 1.6
38.4 33.734 16.248 1.6
38.378 16.919 20.598 1.6
36.75 21.429 -14.927 1.6
30.29 28.695 8.242 1.6
41.826 11.936 13.015 1.6
48.218 37.338 6.494 1.6
32.744 20.647 -2.025 1.6
49.489 33.173 -1.493 1.6
57.932 33.69 9.708 1.6
30.852 18.831 7.964 1.6
36.563 22.196 -4.428 1.6
45.931 9.251 5.822 1.6
60.925 23.648 5.109 1.6
60.022 16.197 12.321 1.6
58.258 14.024 -6.075 1.6
55.288 16.397 12.625 1.6
46.852 34.555 16.783 1.6
59.526 21.112 16.577 1.6
55.04 23.53 16.596 1.6
57.288 23.262 -9.567 1.6
52.764 39.231 7.581 1.6
57.208 28.979 4.246 1.6
63.349 19.886 -3.318 1.6
49.374 36.781 13.426 1.6
38.389 12.956 7.18 1.6
37.487 24.321 23.741 1.6
54.189 17.132 -16.061 1.6
33.175 32.244 13.306 1.6
55.215 12.432 -2.133 1.6
29.48 24.448 6.028 1.6
46.743 33.154 -1.801 1.6
49.336 19.218 -9.172 1.6
61.032 21.667 -2.31 1.6
34.643 22.553 24.439 1.6
39.87 11.244 16.284 1.6
57.239 34.912 6.662 1.6
60.762 26.216 4.197 1.6
50.124 39.558 7.746 1.6
42.71 10.424 15.232 1.6
62.731 27.656 0.364 1.6
39.403 11.163 5.302 1.6
57.122 18.455 14.734 1.6
55.14 35.935 4.872 1.6
51.299 34.848 18.092 1.6
42.561 10.227 -0.676 1.6
58.577 34.065 13.407 1.6
33.962 30.44 23.04 1.6
42.621 35.123 11.384 1.6
53.581 40.543 5.337 1.6
53.953 12.345 0.339 1.6
56.832 21.514 15.941 1.6
37.181 18.935 -10.231 1.6
35.168 31.345 17.975 1.6
57.672 28.027 1.242 1.6
53.427 35.669 1.145 1.6
55.419 15.798 8.928 1.6
54.342 13.191 8.948 1.6
37.262 31.615 20.214 1.6
33.27 29.937 7.092 1.6
32.081 31.072 18.253 1.6
48.256 39.293 -2.812 1.6
52.324 11.457 10.691 1.6
39.224 16.211 -11.16 1.6
31.551 26.202 15.865 1.6
63.652 25.443 5.049 1.6
56.517 14.096 1.476 1.6
51.036 12.776 -0.365 1.6
56.615 34.869 15.073 1.6
46.304 12.082 18.387 1.6
41.751 15.101 -11.056 1.6
47.389 14.534 18.885 1.6
46.466 39.575 9.702 1.6
35.402 24.383 -14.224 1.6
43.734 35.826 14.77 1.6
61.932 24.497 9.382 1.6
52.524 19.364 -16.663 1.6
32.115 24.379 19.302 1.6
55.102 31.775 3.416 1.6
55.208 33.883 -1.42 1.6
51.008 37.211 15.717 1.6
28.304 22.718 3.612 1.6
33.148 23.613 -15.534 1.6
58.147 13.471 4.735 1.6
38.44 13.625 -0.221 1.6
64.803 21.87 1.647 1.6
49.403 29.305 23.31 1.6
35.209 18.438 -12.636 1.6
47.502 10.372 15.641 1.6
48.414 8.093 9.178 1.6
45.088 10.327 -8.267 1.6
48.567 9.798 11.309 1.6
31.965 27.12 20.845 1.6
53.772 26.327 15.137 1.6
47.543 18.408 -11.795 1.6
46.707 36.294 13.876 1.6
