1stnNoHeHR_shell
20.
0.010
16813.4
0.739
1.0
1.E-8
813
-11.59 39.443 32.973 2.22402568616
-10.558 40.282 33.624 2.41516305987
-9.38 39.409 34.09 2.41516305987
-10.042 41.308 32.672 2.24769809506
-10.793 42.145 32.173 2.06703446881
-8.727 41.265 32.399 2.41269401738
-8.156 42.217 31.497 2.57789518755
-6.659 42.304 31.575 2.57789518755
-6.181 43.371 30.77 2.36497245057
-6.065 40.969 31.094 2.57789518755
-8.505 41.777 30.118 2.43285482807
-9.037 40.687 29.915 2.28148428923
-8.225 42.636 29.125 2.57572842164
-8.539 42.258 27.786 2.72232757201
-8.359 43.386 26.757 2.72232757201
-9.295 44.424 27.016 2.53400746709
-7.62 41.136 27.444 2.59344389372
-6.654 40.872 28.158 2.46178430194
-7.919 40.424 26.346 2.41269401738
-7.116 39.292 26.002 2.57789518755
-7.655 38.503 24.845 2.57789518755
-6.898 37.315 24.666 2.36497245057
-7.588 39.375 23.579 2.57789518755
-5.765 39.773 25.612 2.43285482807
-5.619 40.823 24.989 2.28148428923
-4.731 39.009 26.008 2.32219197539
-3.396 39.358 25.639 2.49917816808
-2.312 38.715 26.519 2.49917816808
-0.897 38.969 25.994 2.49917816808
0.207 38.676 27.01 2.49917816808
0.837 39.941 27.593 2.49917816808
1.644 40.624 26.555 2.49917816808
-3.621 37.774 23.89 2.17953443166
-2.503 39.681 23.428 2.32219197539
-2.225 39.279 22.086 2.49917816808
-2.075 40.443 21.094 2.49917816808
-1.782 39.962 19.672 2.49917816808
-1.98 41.032 18.598 2.49917816808
-3.444 41.266 18.225 2.49917816808
-3.536 42.291 17.164 2.49917816808
-0.937 38.53 22.102 2.34393302806
-0.148 38.631 23.04 2.17953443166
-0.71 37.725 21.052 2.11633202144
0.508 36.979 20.964 2.32485688748
0.332 35.609 20.282 2.32485688748
-0.621 34.665 21.039 2.14243103283
-0.766 33.312 20.324 2.32485688748
-0.202 34.519 22.512 2.32485688748
1.428 37.783 20.106 2.14243103283
0.985 38.507 19.215 1.94074133197
2.741 37.706 20.392 2.7203848681
3.73 38.427 19.566 2.85287250891
6.341 39.557 21.618 2.66237033299
4.984 39.389 21.483 2.73628278469
4.24 39.718 20.226 2.85287250891
5.626 38.68 23.47 2.7203848681
4.541 38.835 22.642 2.78727419845
6.698 39.134 22.833 2.78727419845
5.166 36.447 19.746 2.61895377264
5.4 37.799 17.954 2.85110369563
6.244 37.169 15.824 2.97245262608
4.963 36.459 15.349 2.97245262608
4.735 36.693 13.868 2.97245262608
3.448 36.094 13.348 2.97245262608
2.279 36.73 14.013 2.97245262608
7.835 37.555 17.681 2.8655882766
8.048 38.806 17.692 2.75923199067
10.185 37.1 18.235 3.54436212661
10.484 36.678 19.672 3.54436212661
9.495 37.341 20.675 3.54436212661
9.507 36.64 22.013 3.47033660994
10.628 36.778 22.551 3.39902103994
8.564 36.001 22.464 3.39902103994
11.118 36.361 17.288 3.47033660994
12.225 36.977 16.921 2.7203848681
13.188 36.386 15.985 2.85287250891
12.649 38.33 17.362 2.85287250891
14.12 37.548 15.593 2.85287250891
13.883 38.671 16.543 2.85287250891
13.943 35.237 16.61 2.73628278469
14.137 35.201 17.835 2.61895377264
14.384 34.322 15.771 2.41269401738
15.204 33.178 16.209 2.57789518755
16.063 32.8 15.004 2.43285482807
15.785 33.293 13.873 2.28148428923
17.064 32.001 15.236 2.57572842164
17.951 31.568 14.143 2.72232757201
19.402 32.131 14.393 2.72232757201
19.262 33.577 14.401 2.53400746709
20.397 31.638 13.322 2.72232757201
18.101 29.454 15.23 2.46178430194
17.88 29.467 12.969 2.11633202144
17.914 27.996 12.894 2.32485688748
17.523 27.548 11.471 2.32485688748
17.621 26.018 11.29 2.14243103283
17.548 25.699 9.811 2.32485688748
19.259 27.42 13.311 2.14243103283
20.32 27.926 12.883 1.94074133197
20.47 25.63 14.43 2.41516305987
21.019 26.779 16.683 2.41516305987
21.829 24.39 16.207 2.41516305987
20.998 26.586 18.233 2.41516305987
20.346 24.321 13.622 2.24769809506
21.205 24.079 12.762 2.06703446881
19.08 22.279 13.169 3.18635814682
20.003 21.316 13.94 3.18635814682
20.153 19.913 13.449 3.18635814682
20.737 19.106 14.629 3.18635814682
21.367 17.812 14.184 3.18635814682
20.326 16.789 13.837 3.18635814682
17.159 21.148 12.198 2.41269401738
15.17 20.496 10.848 2.57789518755
16.088 19.055 12.675 2.43285482807
16.989 18.392 12.12 2.28148428923
15.538 17.27 14.251 2.41516305987
16.697 18.285 16.252 2.41516305987
15.529 16.012 16.516 2.41516305987
16.723 18.605 17.769 2.41516305987
14.517 16.264 13.761 2.24769809506
14.931 15.115 13.528 2.06703446881
13.259 16.695 13.655 2.91219395265
12.194 15.772 13.218 3.0287949135
11.754 14.88 14.405 3.0287949135
11.377 13.249 12.76 2.8243183199
10.864 12.648 14.782 2.8243183199
11.052 16.595 12.651 2.92608152912
11.109 17.843 12.651 2.8243183199
6.757 17.245 15.785 3.0287949135
7.471 16.16 16.542 2.92608152912
8.733 16.009 16.47 2.8243183199
6.813 15.409 17.286 2.8243183199
11.521 18.231 17.476 3.18635814682
10.381 17.673 18.192 3.0526522229
12.568 18.64 18.468 3.18635814682
18.743 22.735 18.833 3.54436212661
19.348 21.357 19.227 3.54436212661
20.649 21.503 19.985 3.54436212661
21.32 20.204 20.239 3.54436212661
20.295 30.643 18.109 2.41516305987
21.178 31.388 19.071 2.41516305987
22.103 30.153 20.064 2.28430885786
23.069 29.341 18.802 2.41516305987
18.014 31.041 19.158 2.24769809506
17.519 31.754 18.258 2.06703446881
16.565 32.013 20.911 2.78912757715
15.326 31.183 21.373 2.78912757715
13.532 33.004 21.178 2.72038202399
13.934 31.974 23.284 2.72038202399
12.558 33.826 21.769 2.72038202399
12.969 32.783 23.887 2.72038202399
11.342 34.463 23.78 2.61066977765
17.432 32.333 23.11 2.5427976846
17.162 34.134 21.781 2.7203848681
17.715 35.141 22.725 2.85287250891
16.812 35.321 23.927 2.85287250891
15.679 36.32 23.646 2.85287250891
14.653 36.113 24.739 2.85287250891
13.613 37.207 24.826 2.85287250891
12.731 36.929 26.03 2.85287250891
19.116 34.715 23.147 2.73628278469
19.409 34.527 24.342 2.61895377264
19.977 34.492 22.171 2.41269401738
21.355 34.094 22.413 2.57789518755
21.623 32.724 22.965 2.43285482807
22.844 32.437 23.227 2.28148428923
20.859 30.487 23.58 2.72232757201
20.565 30.313 25.048 2.72232757201
19.176 30.869 25.402 2.72232757201
18.788 30.349 26.779 2.59344389372
18.41 31.121 27.663 2.46178430194
18.925 29.018 26.915 2.62109821036
22.14 28.052 23.125 3.08311555793
21.412 26.211 21.695 3.08311555793
22.577 26.822 22.388 3.08311555793
19.135 26.514 22.59 2.98417189675
19.363 26.266 23.782 2.88653560143
18.06 26.219 21.905 2.22402568616
16.903 25.561 22.587 2.41516305987
15.882 27.381 24.157 2.41516305987
14.081 27.703 24.525 2.28430885786
13.748 26.043 25.204 2.41516305987
16.228 24.633 21.558 2.24769809506
15.59 23.615 22.037 2.65003072421
14.986 21.25 21.699 2.78912757715
16.41 20.977 21.655 2.61066977765
14.203 20.2 20.936 2.78912757715
12.895 23.336 22.41 2.5427976846
10.688 28.132 21.225 1.86
12.027 28.544 21.24 1.86
6.519 19.643 20.769 2.97245262608
6.826 18.48 19.918 2.97245262608
5.794 17.45 19.907 2.85110369563
4.711 17.51 19.131 2.8655882766
4.39 18.552 18.336 2.88830125379
3.901 16.42 19.12 2.88830125379
4.29 22.37 18.156 2.14243103283
3.812 21.202 18.213 1.94074133197
2.391 23.369 19.293 2.32485688748
1.322 24.197 22.039 2.32485688748
0.355 22.135 19.037 2.11633202144
-0.88 21.628 18.483 2.32485688748
-2.891 22.932 20.403 2.32485688748
0.315 20.104 17.014 2.85110369563
2.016 17.902 17.041 2.75923199067
1.306 15.466 15.877 3.374854362
0.464 14.379 16.5 3.374854362
0.217 14.594 17.98 3.29292659605
1.046 15.206 18.662 3.21343256117
-0.859 14.146 18.448 3.21343256117
1.713 15.027 14.466 3.29292659605
0.764 14.866 13.667 3.21343256117
2.962 14.856 14.22 2.65003072421
3.421 14.353 12.915 2.78912757715
5.757 14.983 13.331 2.61066977765
3.881 12.913 13.124 2.66677603688
4.222 12.538 14.264 2.5427976846
3.919 12.161 12.052 2.97082338406
4.464 10.783 12.083 3.08311555793
3.509 12.574 10.697 3.08311555793
4.252 10.291 10.655 3.08311555793
3.19 11.204 10.111 3.08311555793
8.147 10.418 15.134 3.87583860819
7.19 11.35 15.907 3.87583860819
7.192 11.158 17.39 3.81424376621
8.327 11.269 17.904 3.75551382604
6.187 10.906 18.024 3.75551382604
12.254 9.778 11.487 2.97245262608
12.911 10.9 12.178 2.81719981417
11.643 10.239 10.162 2.97245262608
12.83 7.645 13.695 2.75923199067
12.479 8.978 16.134 2.97245262608
13.66 9.783 16.539 2.97245262608
13.78 11.242 16.202 2.97245262608
15.221 11.674 15.937 2.97245262608
15.67 11.235 14.554 2.97245262608
16.52 12.274 13.91 2.97245262608
11.401 8.772 17.202 2.8655882766
11.353 9.303 18.327 2.75923199067
5.404 6.437 19.105 3.23418633453
6.037 7.201 18.16 3.28197456097
6.067 5.323 19.274 3.28197456097
9.978 6.58 18.632 3.24546073115
10.754 5.661 18.304 3.16353339883
10.179 6.163 21.04 2.97245262608
8.753 8.007 20.297 2.97245262608
9.646 6.919 22.262 2.97245262608
9.189 8.263 21.737 2.97245262608
9.956 4.671 21.079 2.8655882766
10.826 3.954 21.629 2.75923199067
8.569 2.724 20.538 2.57789518755
7.147 2.46 21.009 2.57789518755
6.936 2.679 22.52 2.57789518755
5.518 2.188 22.869 2.57789518755
5.4 1.617 24.269 2.57789518755
4.068 0.97 24.477 2.57789518755
8.714 2.094 19.159 2.43285482807
9.263 0.991 18.976 2.28148428923
8.171 2.447 16.79 2.57789518755
6.865 2.951 16.153 2.57789518755
5.626 2.589 16.987 2.57789518755
4.41 3.422 16.611 2.57789518755
3.474 2.704 15.651 2.57789518755
2.642 3.681 14.876 2.57789518755
9.356 2.848 15.954 2.43285482807
9.585 2.139 14.921 2.28148428923
10.095 3.9 16.291 2.85110369563
11.25 4.304 15.419 2.97245262608
10.76 4.655 13.025 2.11633202144
10.314 5.383 11.832 2.32485688748
11.303 5.21 10.646 2.32485688748
10.879 5.902 9.348 2.32485688748
12.708 5.683 10.992 2.32485688748
8.911 4.953 11.367 2.14243103283
8.767 3.855 10.837 1.94074133197
6.566 5.551 11.059 3.41882014206
5.648 6.394 11.941 3.41882014206
5.967 6.326 13.443 3.41882014206
5.059 7.226 14.243 3.33906215107
5.316 8.4 14.431 3.26182836231
4.002 6.689 14.669 3.26182836231
6.36 5.975 9.621 3.33906215107
7.184 6.7 9.052 3.26182836231
5.263 5.526 9.043 2.85110369563
4.878 5.859 7.653 2.97245262608
3.643 5.015 7.294 2.97245262608
3.132 5.353 5.892 2.97245262608
2.277 4.205 5.368 2.97245262608
2.492 4.016 3.874 2.97245262608
2.215 5.278 3.141 2.97245262608
3.747 7.909 8.328 2.75923199067
5.185 8.049 6.618 2.65003072421
5.056 9.482 6.392 2.78912757715
3.63 10.065 6.498 2.78912757715
3.02 10.079 4.024 2.72038202399
1.778 8.67 5.503 2.72038202399
2.244 9.657 2.946 2.72038202399
0.984 8.234 4.444 2.72038202399
0.435 8.271 2.137 2.61066977765
10.51 10.782 6.628 2.97245262608
9.18 8.778 7.044 2.97245262608
10.963 9.64 5.747 2.97245262608
10.652 8.438 6.65 2.97245262608
10.008 11.978 5.842 2.8655882766
10.747 12.976 5.729 2.75923199067
8.814 11.881 5.326 3.32841402621
8.209 12.957 4.548 3.41882014206
6.908 12.494 3.893 3.41882014206
7.04 11.493 2.731 3.41882014206
7.364 10.079 3.105 3.33906215107
7.418 9.606 4.224 3.26182836231
7.634 9.394 2.091 3.26182836231
8.182 15.351 4.933 3.26182836231
10.646 15.378 8.545 2.78912757715
11.497 14.176 8.924 2.78912757715
12.703 14.582 9.508 2.61066977765
11.293 16.249 7.467 2.66677603688
11.873 17.327 7.744 2.5427976846
11.231 15.804 6.236 2.22402568616
11.844 16.578 5.126 2.41516305987
11.85 15.698 3.893 2.41516305987
11.088 17.874 4.917 2.24769809506
11.722 18.914 4.591 2.06703446881
9.784 17.865 5.049 1.7
8.94 19.082 4.881 2.0
7.438 18.69 5.039 2.0
6.5 19.819 4.67 1.74
6.169 20.782 5.606 1.86
6.005 19.885 3.377 1.86
5.293 21.821 5.275 1.86
5.158 20.92 2.991 1.86
4.808 21.872 3.962 1.86
9.696 21.331 5.443 1.4
9.703 20.244 9.592 3.54436212661
10.223 21.147 10.712 3.54436212661
12.132 20.54 7.627 2.41269401738
14.359 19.621 7.073 2.57789518755
15.851 19.762 6.774 2.57789518755
16.417 18.329 6.698 2.57789518755
17.868 18.293 7.133 2.57789518755
18.714 18.986 6.13 2.57789518755
13.045 21.528 5.115 2.41269401738
13.089 22.392 3.929 2.57789518755
12.261 21.804 2.77 2.57789518755
12.69 22.381 1.42 2.57789518755
12.07 21.786 0.175 2.57789518755
12.171 22.651 -1.07 2.57789518755
13.299 22.292 -1.972 2.57789518755
12.554 23.787 4.25 2.43285482807
13.108 24.845 3.883 2.28148428923
11.422 23.729 4.942 2.11633202144
10.735 25.028 5.24 2.32485688748
9.319 24.716 5.737 2.32485688748
8.517 25.965 5.975 2.32485688748
6.74 25.452 6.156 2.18262886222
6.045 27.119 6.184 2.32485688748
11.622 27.157 5.837 1.94074133197
13.712 24.336 9.501 2.97245262608
14.97 27.668 7.612 2.75923199067
16.342 25.85 6.075 3.41882014206
16.98 24.546 5.632 3.41882014206
17.567 23.659 6.732 3.41882014206
18.214 22.368 6.327 3.33906215107
18.169 21.902 5.189 3.26182836231
18.766 21.78 7.286 3.26182836231
16.374 26.904 5.008 3.33906215107
17.394 27.61 4.848 3.26182836231
15.177 27.934 3.183 2.57789518755
14.353 27.222 2.08 2.57789518755
15.196 26.171 1.39 2.43285482807
14.583 25.172 0.967 2.28148428923
16.501 26.35 1.247 2.46421089331
14.66 29.305 3.514 2.43285482807
14.526 30.12 2.565 2.28148428923
14.344 29.541 4.768 2.22402568616
13.731 30.816 5.147 2.41516305987
13.04 30.561 6.504 2.41516305987
14.733 31.952 5.291 2.24769809506
15.866 31.669 5.694 2.06703446881
14.234 33.173 5.093 2.32219197539
15.09 34.34 5.328 2.49917816808
14.56 35.618 4.656 2.49917816808
13.98 35.379 3.274 2.49917816808
14.292 36.61 2.418 2.49917816808
13.304 37.748 2.625 2.49917816808
13.4 38.616 1.4 2.49917816808
14.991 34.697 6.824 2.34393302806
15.956 35.194 7.406 2.17953443166
13.768 34.564 7.329 2.32219197539
13.496 34.933 8.708 2.49917816808
12.54 36.195 8.66 2.49917816808
13.302 37.424 8.129 2.49917816808
12.356 38.618 7.978 2.49917816808
13.0 39.851 7.338 2.49917816808
11.956 40.919 7.12 2.49917816808
12.674 33.895 9.433 2.34393302806
11.614 33.551 8.88 2.17953443166
13.1 33.495 10.598 2.22402568616
12.293 32.551 11.424 2.41516305987
13.102 31.309 11.89 2.41516305987
13.422 30.37 10.685 2.41516305987
14.488 29.277 11.096 2.41516305987
12.617 34.142 13.209 2.06703446881
10.551 33.139 13.013 3.8060920686
9.668 35.961 12.953 3.87583860819
8.666 36.935 12.401 3.81424376621
7.812 36.407 11.668 3.75551382604
8.742 38.096 12.722 3.75551382604
10.278 32.493 19.129 2.72232757201
7.53 32.825 17.97 2.59344389372
7.728 34.042 18.228 2.46178430194
5.288 32.831 18.877 3.87583860819
2.858 33.563 18.346 3.87583860819
1.881 33.79 17.239 3.81424376621
1.386 32.795 16.693 3.75551382604
1.635 34.919 16.854 3.75551382604
4.967 32.241 21.233 1.7
5.178 31.736 23.614 2.0
7.588 32.372 23.436 1.86
8.404 29.747 23.947 1.86
8.941 32.08 23.478 1.86
9.349 30.775 23.728 1.86
2.967 31.643 22.486 1.74
2.477 32.723 22.069 1.4
1.577 31.962 25.239 6.05414288686
-0.859 32.013 26.548 2.97245262608
-2.364 32.306 26.643 2.97245262608
-2.83 33.344 25.606 2.97245262608
-4.344 33.145 25.417 2.97245262608
-4.939 34.078 24.365 2.97245262608
-6.265 33.504 23.921 2.97245262608
-0.548 31.157 27.74 2.8655882766
-0.628 31.75 28.852 2.75923199067
-0.068 29.018 28.805 2.72232757201
1.414 28.757 28.994 2.59344389372
2.236 29.666 28.711 2.46178430194
1.745 27.542 29.454 2.41269401738
3.146 27.198 29.683 2.57789518755
3.378 25.891 30.395 2.57789518755
2.599 24.763 29.759 2.57789518755
1.378 24.581 30.69 2.43285482807
0.344 25.214 30.428 2.28148428923
1.633 23.774 31.714 2.46421089331
5.173 27.696 28.503 2.49687256947
6.05 27.83 27.329 2.65207782941
6.735 29.188 27.304 2.65207782941
5.652 30.287 27.31 2.65207782941
6.226 31.653 27.276 2.65207782941
5.183 32.593 27.628 2.49687256947
5.129 33.891 27.32 2.51571213812
6.033 34.516 26.587 2.54507232427
4.039 34.494 27.826 2.54507232427
7.69 26.702 26.096 2.37505611705
7.148 25.787 28.096 2.57572842164
9.465 24.818 28.627 2.72232757201
9.176 24.734 30.06 2.53400746709
10.148 26.163 28.392 2.72232757201
7.354 23.347 28.336 2.59344389372
6.455 23.444 29.211 2.46178430194
7.026 20.907 28.157 3.54436212661
6.786 19.992 26.971 3.54436212661
8.057 19.459 26.324 3.47033660994
7.877 18.9 25.221 3.39902103994
7.909 20.236 29.232 3.47033660994
8.951 20.807 29.629 3.39902103994
7.532 19.007 29.591 2.7203848681
8.269 18.282 30.631 2.85287250891
7.494 17.082 31.176 2.85287250891
7.414 15.913 30.183 2.85287250891
6.787 14.736 30.926 2.85287250891
5.769 14.005 30.089 2.85287250891
6.375 13.045 29.14 2.85287250891
9.678 17.892 30.215 2.73628278469
10.442 17.485 31.091 2.61895377264
11.352 17.636 28.469 2.57789518755
11.3 16.742 27.217 2.57789518755
10.594 15.417 27.412 2.43285482807
11.287 14.328 27.966 2.49686919338
9.252 15.248 27.075 2.49686919338
10.656 13.114 28.164 2.49686919338
8.603 14.033 27.28 2.49686919338
9.309 12.972 27.855 2.43285482807
8.723 11.759 28.097 2.36497245057
12.206 18.867 28.271 2.43285482807
13.361 18.752 27.753 2.28148428923
11.632 20.03 28.609 2.41269401738
12.423 21.282 28.484 2.57789518755
12.366 21.849 27.074 2.43285482807
13.138 22.787 26.771 2.28148428923
11.366 21.9 24.87 2.85287250891
11.613 19.543 23.944 2.85287250891
11.102 18.577 22.913 2.85287250891
9.883 17.939 23.476 2.7203848681
9.194 17.075 22.719 2.73628278469
9.607 16.661 21.51 2.76116415538
8.032 16.642 23.167 2.76116415538
9.826 25.326 24.047 3.54436212661
4.191 23.146 25.798 2.97245262608
5.276 22.288 23.75 2.97245262608
6.367 32.377 11.555 2.97245262608
3.859 32.618 11.477 2.91219147086
2.603 32.694 12.096 2.91219147086
1.281 32.628 14.111 2.81719981417
8.214 31.065 10.473 2.8655882766
9.283 31.4 11.021 2.75923199067
9.45 29.403 7.684 2.72232757201
8.603 31.808 7.176 2.59344389372
7.597 31.575 6.494 2.46178430194
9.273 32.969 7.159 3.18494045613
8.901 34.069 6.247 3.28331166428
9.346 33.803 4.79 3.28331166428
10.883 33.712 4.685 3.19656430018
11.58 34.526 5.373 3.11200838625
11.329 32.844 3.949 3.11200838625
7.393 34.361 6.355 3.19656430018
6.724 34.479 5.313 3.11200838625
6.944 34.471 7.563 2.41269401738
5.528 34.743 7.817 2.57789518755
4.591 33.595 7.653 2.43285482807
3.374 33.838 7.979 2.28148428923
4.083 31.251 7.096 3.18635814682
4.416 30.355 5.891 3.18635814682
4.293 31.145 4.596 3.18635814682
4.921 30.418 3.413 3.18635814682
5.79 31.367 2.581 3.18635814682
6.253 30.715 1.324 3.18635814682
3.109 29.984 8.949 2.41269401738
1.889 29.21 10.971 2.57789518755
-0.306 29.794 13.114 2.57789518755
2.825 27.071 8.911 2.28148428923
-1.023 26.414 9.586 3.87583860819
-2.368 26.464 8.817 3.87583860819
-2.182 26.488 7.325 3.81424376621
-1.168 26.912 6.792 3.75551382604
-3.135 25.918 6.727 3.75551382604
1.14 24.732 7.955 2.41269401738
1.59 24.127 6.682 2.57789518755
2.92 24.738 6.259 2.57789518755
1.079 21.944 5.825 2.28148428923
-2.466 23.143 4.955 2.72232757201
-3.18 23.419 3.577 2.72232757201
-4.688 23.295 3.802 2.72232757201
-5.388 23.651 2.523 2.57572842164
-5.614 22.732 1.6 2.59344389372
-5.275 21.444 1.745 2.62109821036
-6.225 23.044 0.449 2.62109821036
-2.304 20.671 4.422 2.59344389372
-3.18 20.338 3.543 2.46178430194
-0.604 19.116 3.56 2.57789518755
0.942 19.184 3.362 2.57789518755
1.455 20.369 2.687 2.57789518755
1.199 20.359 1.191 2.43285482807
1.275 19.353 0.521 2.28148428923
0.853 21.575 0.801 2.46421089331
-0.331 16.759 3.208 2.28148428923
4.079 16.799 4.506 2.97245262608
3.422 14.401 4.846 2.97245262608
0.168 16.097 10.642 3.54436212661
-1.656 15.711 12.186 2.85110369563
-3.53 14.522 13.371 2.97245262608
-3.302 13.247 12.612 2.97245262608
-3.93 12.03 13.317 2.97245262608
-4.828 11.262 12.355 2.97245262608
-4.617 9.786 12.38 2.97245262608
-3.031 16.836 13.834 2.8655882766
-1.939 17.008 14.418 2.75923199067
-5.526 19.267 15.123 2.57789518755
-5.725 20.222 16.309 2.57789518755
-4.183 17.549 16.471 2.43285482807
-4.861 16.496 16.482 2.28148428923
-3.128 17.122 18.622 2.57789518755
-1.839 17.722 19.267 2.57789518755
-4.241 17.321 19.637 2.43285482807
-5.112 18.191 19.479 2.28148428923
-4.118 16.545 20.705 2.41269401738
-5.05 16.675 21.85 2.57789518755
-4.747 15.504 22.816 2.57789518755
-5.808 15.535 23.899 2.43285482807
-7.051 14.973 23.634 2.49686919338
-5.62 16.194 25.106 2.49686919338
-8.086 15.025 24.571 2.49686919338
-6.63 16.26 26.061 2.49686919338
-7.864 15.671 25.779 2.43285482807
-8.918 15.69 26.658 2.36497245057
-4.695 18.047 22.42 2.43285482807
-3.493 18.316 22.657 2.28148428923
-5.651 18.924 22.578 2.11633202144
-5.42 20.294 23.038 2.32485688748
-6.384 21.214 22.254 2.32485688748
-6.183 22.684 22.612 2.32485688748
-6.255 20.974 20.766 2.32485688748
-5.518 20.485 24.551 2.14243103283
-6.41 19.932 25.215 1.94074133197
-4.611 21.323 25.055 2.41269401738
-4.565 21.646 26.498 2.57789518755
-3.232 21.134 27.078 2.57789518755
-3.089 19.628 27.041 2.43285482807
-3.584 18.846 28.09 2.49686919338
-2.48 18.974 25.965 2.49686919338
-3.479 17.455 28.071 2.49686919338
-2.355 17.587 25.928 2.49686919338
-2.852 16.825 26.993 2.43285482807
-2.767 15.453 27.008 2.36497245057
-3.742 23.882 26.385 2.28148428923
-5.891 23.577 27.038 2.85110369563
-7.585 25.277 27.643 2.97245262608
-8.642 25.029 26.581 2.97245262608
-9.94 25.772 26.895 2.97245262608
-11.047 25.576 25.881 2.97245262608
-12.191 24.8 26.438 2.97245262608
-5.167 25.491 28.34 2.8655882766
-4.81 24.639 29.197 2.75923199067
-4.709 26.719 28.361 2.85110369563
-5.03 27.774 27.423 2.97245262608
-3.805 27.183 29.425 2.97245262608
-4.85 29.051 28.284 2.97245262608
-3.673 28.683 29.168 2.97245262608
-4.131 28.92 25.552 2.75923199067
-3.358 26.785 25.962 2.22402568616
-1.189 25.941 24.955 2.41516305987
-0.078 26.607 25.733 2.24769809506
0.901 25.819 26.189 2.28430885786
-3.024 25.16 23.046 2.06703446881
-6.371 26.074 22.867 2.41516305987
-7.297 27.129 23.453 2.24769809506
-8.526 26.969 23.329 2.06703446881
-6.823 28.224 24.008 2.28430885786
-6.611 27.711 20.5 2.06703446881
-5.137 30.044 20.4 3.18635814682
-4.291 32.427 19.758 3.18635814682
-6.427 30.324 18.462 3.00350354728
-4.863 28.769 16.792 3.32971220156
-3.489 31.301 15.902 3.19350007837
-2.841 30.126 16.145 3.24546073115
-1.513 31.851 16.425 3.23418633453
-2.7 32.323 16.095 3.28197456097
-6.223 26.902 17.524 3.62225757892
-7.71 25.182 18.608 3.69904372689
-8.454 23.847 18.479 3.69904372689
-9.161 23.333 19.69 3.63125461652
-9.268 24.141 20.635 3.56629383662
-9.605 22.201 19.759 3.56629383662
-8.771 26.616 16.166 2.41269401738
-10.911 27.661 15.378 2.57789518755
-11.817 27.309 16.556 2.57789518755
-12.538 25.983 16.365 2.43285482807
-12.568 25.153 17.283 2.28148428923
-13.07 25.785 15.145 2.46421089331
-9.233 26.707 13.735 2.43285482807
-8.261 27.546 13.607 2.7203848681
-7.538 27.745 12.354 2.85287250891
-6.144 29.551 10.126 2.66237033299
-5.65 29.12 11.323 2.73628278469
-6.46 28.819 12.547 2.85287250891
-4.002 29.474 9.898 2.7203848681
-4.288 29.067 11.177 2.78727419845
-5.139 29.742 9.29 2.78727419845
-7.052 26.017 10.701 2.61895377264
-8.823 22.368 12.665 2.65207782941
-9.873 22.425 13.796 2.65207782941
-9.458 21.48 14.918 2.65207782941
-10.489 21.377 15.999 2.65207782941
-9.918 20.866 17.248 2.49687256947
-9.406 19.648 17.431 2.51571213812
-9.348 18.702 16.495 2.54507232427
-8.913 19.348 18.639 2.54507232427
-9.405 22.576 11.268 2.51571213812
-9.705 21.538 10.594 2.37505611705
-9.562 23.811 10.847 2.7203848681
-10.128 24.066 9.483 2.85287250891
-10.404 25.563 9.301 2.85287250891
-11.524 25.968 10.306 2.85287250891
-11.779 27.464 10.379 2.85287250891
-13.017 27.786 11.217 2.85287250891
-13.42 29.208 11.02 2.85287250891
-9.204 23.534 8.406 2.73628278469
-9.652 22.935 7.405 2.61895377264
-7.888 23.753 8.652 3.08160126066
-6.907 23.23 7.692 3.18635814682
-5.44 25.114 7.66 3.0526522229
-7.107 19.055 10.245 4.15863791428
-7.127 17.05 11.779 4.10530006652
-8.295 17.124 12.237 4.05475951182
-6.245 16.62 12.467 4.05475951182
-9.407 19.687 8.186 2.22402568616
-10.657 19.241 7.535 2.41516305987
-11.848 20.08 7.98 2.41516305987
-10.491 19.303 6.013 2.24769809506
-10.939 18.409 5.306 2.06703446881
-9.874 20.386 5.595 2.41269401738
-9.567 20.607 4.156 2.57789518755
-9.075 22.021 3.889 2.57789518755
-9.112 22.341 2.406 2.57789518755
-10.452 22.292 1.719 2.43285482807
-10.62 21.785 0.593 2.28148428923
-11.455 22.857 2.37 2.46421089331
-8.989 15.212 4.937 2.57789518755
-9.913 15.058 6.11 2.57789518755
-10.491 14.493 8.418 2.57789518755
-10.028 14.207 9.819 2.57789518755
-9.828 15.47 10.566 2.57789518755
-9.828 15.111 3.65 2.43285482807
-9.797 14.098 2.97 2.28148428923
-10.52 16.184 3.381 2.41269401738
-11.414 16.32 2.217 2.57789518755
-12.225 17.598 2.315 2.57789518755
-13.203 17.887 1.204 2.57789518755
-14.209 18.993 1.446 2.57789518755
-13.584 20.369 1.492 2.57789518755
-14.507 21.488 1.156 2.57789518755
-10.615 16.144 0.96 2.43285482807
-11.168 15.495 0.032 2.28148428923
-8.559 16.4 -0.322 3.41882014206
-7.589 17.593 -0.486 3.41882014206
-8.295 18.95 -0.588 3.41882014206
-7.537 20.215 -0.701 3.33906215107
-6.292 20.078 -0.694 3.26182836231
-8.039 21.347 -0.808 3.26182836231
-7.823 15.087 -0.33 3.33906215107
-7.091 14.795 -1.3 3.26182836231
-7.29 12.986 0.846 2.97245262608
-7.947 12.025 -0.177 2.97245262608
-9.44 11.875 0.127 2.97245262608
-9.974 10.493 -0.193 2.97245262608
-11.46 10.4 0.122 2.97245262608
-12.193 9.804 -1.044 2.97245262608
-5.799 13.012 0.644 2.8655882766
-5.204 12.167 -0.06 2.75923199067
-3.705 14.181 1.173 2.72232757201
-3.311 18.126 0.883 2.72232757201
-3.068 16.424 -0.905 2.72232757201
-1.814 12.773 1.667 2.57572842164
-0.838 12.021 2.47 2.72232757201
0.944 13.676 1.904 2.59344389372
1.511 12.87 1.138 2.46178430194
0.957 14.987 1.734 2.62109821036
-1.938 10.017 3.159 2.46178430194
-1.93 10.685 5.852 2.41516305987
-0.259 11.196 7.62 2.41516305987
-2.79 11.629 8.131 2.41516305987
0.201 12.177 8.74 2.41516305987
-3.37 10.299 5.58 2.24769809506
-3.791 9.187 6.017 2.06703446881
-5.532 11.013 4.579 2.57789518755
-6.183 12.36 4.222 2.57789518755
-7.076 12.07 7.262 2.49686919338
-7.337 12.142 8.611 2.49686919338
-6.963 13.241 9.355 2.49686919338
-5.845 10.016 3.473 2.43285482807
-6.98 9.543 3.414 2.28148428923
-4.908 9.704 2.542 2.57572842164
-5.164 8.928 1.333 2.72232757201
-3.989 8.986 0.341 2.72232757201
-4.28 8.218 -0.817 2.53400746709
-5.492 7.459 1.535 2.59344389372
-5.178 6.865 2.565 2.46178430194
-6.162 6.851 0.504 3.18494045613
-6.569 5.457 0.439 3.28331166428
-7.961 5.193 1.048 3.28331166428
-8.031 5.459 2.555 3.28331166428
-9.425 5.115 3.067 3.19656430018
-10.231 4.552 2.278 3.11200838625
-9.697 5.409 4.262 3.11200838625
-6.656 5.033 -1.023 3.19656430018
-6.71 5.886 -1.906 3.11200838625
-6.657 3.699 -1.318 3.18494045613
-6.722 3.197 -2.682 3.28331166428
-5.34 2.96 -3.319 3.28331166428
-4.727 4.309 -3.667 3.19656430018
-5.332 5.043 -4.494 3.11200838625
-3.648 4.628 -3.103 3.11200838625
-7.446 1.864 -2.76 3.19656430018
-7.672 1.211 -1.741 3.11200838625
-7.848 1.447 -3.997 2.41269401738
-8.507 0.179 -4.268 2.57789518755
-10.039 0.229 -4.088 2.57789518755
-10.585 -1.191 -4.208 2.43285482807
-10.004 -2.135 -3.674 2.28148428923
-11.725 -1.35 -4.933 2.46421089331
-8.246 -0.213 -5.712 2.43285482807
-7.785 0.613 -6.496 2.28148428923
-8.514 -1.494 -6.104 2.22402568616
-8.312 -1.912 -7.479 2.41516305987
-6.848 -2.242 -7.822 2.41516305987
-9.126 -3.155 -7.787 2.24769809506
-9.575 -3.849 -6.877 2.06703446881
-9.352 -3.446 -9.102 3.18494045613
-10.102 -4.607 -9.547 3.28331166428
-11.611 -4.333 -9.692 3.28331166428
-12.307 -5.656 -9.97 3.19656430018
-11.919 -6.674 -9.338 3.11200838625
-13.225 -5.669 -10.834 3.11200838625
-9.603 -5.044 -10.912 3.19656430018
-8.937 -4.273 -11.602 3.11200838625
-9.888 -6.313 -11.331 2.57572842164
-9.482 -6.801 -12.636 2.72232757201
-7.97 -7.068 -12.733 2.72232757201
-7.63 -7.532 -14.029 2.53400746709
-10.186 -8.116 -12.93 2.59344389372
-10.847 -8.668 -12.053 2.46178430194
-10.072 -8.644 -14.185 2.41269401738
-10.661 -9.925 -14.537 2.57789518755
-10.711 -10.111 -16.044 2.43285482807
-10.4 -9.187 -16.795 2.28148428923
-11.104 -11.33 -16.524 2.22402568616
-11.236 -11.595 -17.949 2.41516305987
-9.919 -11.276 -18.711 2.41516305987
-9.955 -11.525 -20.244 2.41516305987
-8.625 -11.188 -20.924 2.24769809506
-8.47 -11.325 -22.136 2.06703446881
-7.632 -10.725 -20.129 2.28430885786
-11.62 -13.058 -18.084 2.24769809506
-11.749 -13.735 -17.03 2.06703446881
-11.792 -13.52 -19.244 2.06703446881
