dim4chaNoHeHR_shell
20.
0.010
50473.7
0.733
1.0
1.E-8
2258
-4.948 -5.693 62.812 1.7
-4.328 -5.444 61.525 2.0
-3.414 -6.617 61.133 1.74
-3.039 -7.411 61.983 1.4
-3.539 -4.145 61.581 2.0
-2.052 -4.204 62.648 1.8
-3.146 -6.784 59.83 2.57572842164
-2.184 -7.782 59.309 2.72232757201
-1.596 -10.114 59.443 2.46178430194
-3.757 -9.614 59.758 2.11633202144
-4.159 -11.001 59.894 2.32485688748
-5.291 -11.276 58.916 2.14243103283
-6.47 -10.993 59.18 1.94074133197
-4.562 -11.315 61.353 2.32485688748
-5.091 -12.747 61.508 2.32485688748
-3.367 -11.101 62.294 2.32485688748
-4.94 -11.757 57.739 2.85110369563
-5.936 -11.991 56.699 2.97245262608
-6.923 -13.065 57.111 2.8655882766
-6.535 -14.045 57.767 2.75923199067
-5.094 -12.422 55.485 2.97245262608
-3.571 -12.061 57.276 2.97245262608
-8.194 -12.846 56.751 2.22402568616
-9.278 -13.802 56.999 2.41516305987
-9.036 -15.054 56.183 2.24769809506
-9.252 -16.184 56.644 2.06703446881
-10.611 -13.178 56.641 2.41516305987
-8.634 -14.824 54.935 2.11633202144
-8.241 -15.877 54.027 2.32485688748
-6.035 -15.051 53.598 1.94074133197
-8.745 -15.613 52.593 2.32485688748
-10.272 -15.457 52.56 2.32485688748
-8.335 -16.744 51.646 2.32485688748
-10.819 -14.74 51.323 2.32485688748
-6.214 -16.971 54.744 2.41269401738
-4.765 -17.103 54.922 2.57789518755
-4.387 -18.143 52.789 2.28148428923
-4.424 -18.27 55.863 2.57789518755
-5.137 -18.252 57.223 2.57789518755
-4.475 -19.203 58.214 2.43285482807
-3.927 -20.218 57.811 2.28148428923
-4.527 -18.87 59.508 2.46421089331
-2.173 -16.593 52.176 2.97245262608
-1.424 -17.911 52.143 2.8655882766
-1.166 -18.509 53.177 2.75923199067
-1.198 -15.405 52.272 2.97245262608
-1.228 -14.98 53.706 2.97245262608
-2.553 -15.368 54.264 2.97245262608
-1.068 -18.371 50.96 2.22402568616
-0.356 -19.631 50.863 2.41516305987
1.114 -18.815 49.137 2.06703446881
-1.208 -20.706 50.165 2.41516305987
-1.274 -20.483 48.648 2.41516305987
-0.641 -22.097 50.477 2.41516305987
1.982 -20.168 50.755 2.11633202144
3.308 -20.282 50.185 2.32485688748
3.875 -18.894 49.955 2.14243103283
4.905 -18.693 49.289 1.94074133197
3.215 -21.135 48.906 2.32485688748
4.316 -21.103 47.861 2.14243103283
5.667 -21.52 48.42 2.32485688748
3.915 -22.009 46.726 2.32485688748
3.509 -16.614 50.682 2.97245262608
3.35 -16.586 52.151 2.8655882766
3.814 -15.682 52.862 2.75923199067
3.17 -15.27 48.702 2.81719981417
2.672 -18.049 53.935 2.72232757201
3.736 -19.099 53.938 2.59344389372
3.894 -19.787 52.939 2.46178430194
4.55 -19.171 54.998 1.99639670258
5.666 -20.128 55.042 2.22693058289
5.944 -20.804 53.685 2.02565795104
5.195 -21.655 53.231 1.79544509739
5.414 -21.18 56.135 2.22693058289
5.252 -20.622 57.562 2.02565795104
5.07 -21.763 58.544 2.22693058289
6.465 -19.773 57.972 2.22693058289
6.945 -20.521 53.046 1.79544509739
6.321 -11.643 38.265 2.28148428923
6.138 -10.441 41.031 2.57789518755
5.811 -9.388 42.099 2.57789518755
7.124 -11.457 41.609 2.57789518755
9.027 -12.003 37.753 2.72232757201
10.913 -12.638 36.173 2.72232757201
10.048 -10.282 36.187 2.72232757201
8.888 -14.406 38.123 2.41269401738
9.118 -15.689 38.799 2.57789518755
8.276 -15.851 40.073 2.43285482807
8.613 -16.632 40.976 2.28148428923
10.615 -15.881 39.1 2.57789518755
11.382 -16.521 37.942 2.43285482807
11.317 -17.727 37.712 2.28148428923
12.118 -15.7 37.204 2.46421089331
7.175 -15.094 40.132 2.41269401738
6.23 -15.171 41.236 2.57789518755
5.168 -16.21 40.965 2.43285482807
5.302 -17.032 40.047 2.28148428923
2.993 -17.117 41.554 2.97245262608
3.196 -18.434 42.337 2.97245262608
3.79 -18.292 43.748 2.97245262608
5.299 -18.061 43.766 2.8655882766
6.011 -18.503 42.828 2.75923199067
5.765 -17.434 44.729 2.75923199067
0.6 -16.984 41.396 2.85110369563
-1.081 -16.58 43.125 2.8655882766
-0.895 -17.618 43.743 2.75923199067
-1.738 -17.237 40.8 2.97245262608
-3.16 -16.662 40.799 2.97245262608
-4.081 -17.433 39.859 2.8655882766
-3.72 -17.553 38.676 2.75923199067
-5.155 -17.915 40.3 2.75923199067
-1.981 -15.542 45.092 2.57789518755
-3.396 -16.109 45.254 2.43285482807
-4.142 -16.183 44.286 2.28148428923
-1.924 -14.152 45.667 2.57789518755
-3.74 -16.584 46.456 2.22402568616
-5.096 -17.001 46.699 2.41516305987
-5.467 -14.765 47.367 2.06703446881
-6.667 -18.272 48.239 2.41516305987
-4.233 -18.893 48.164 2.41516305987
-7.794 -14.402 46.046 2.97245262608
-8.204 -13.998 47.465 2.8655882766
-8.648 -14.836 48.263 2.75923199067
-9.016 -14.715 45.158 2.97245262608
-8.576 -15.896 44.326 2.97245262608
-7.654 -16.698 45.206 2.97245262608
-8.011 -12.709 47.769 2.57572842164
-8.391 -12.137 49.057 2.72232757201
-7.601 -11.92 51.302 2.46178430194
-6.332 -13.158 49.901 3.46048228099
-3.691 -14.481 49.324 3.43758922265
-4.383 -11.304 50.439 2.57572842164
-3.633 -10.091 50.686 2.72232757201
-4.637 -8.965 50.598 2.59344389372
-4.725 -8.236 49.598 2.46178430194
-2.503 -9.944 49.649 2.72232757201
-1.354 -12.008 48.583 2.65002772709
-6.653 -7.984 51.7 2.97245262608
-6.341 -6.483 51.739 2.8655882766
-7.244 -5.684 51.53 2.75923199067
-7.339 -8.433 52.983 2.97245262608
-6.224 -8.911 53.816 2.97245262608
-5.344 -9.65 52.872 2.97245262608
-4.278 -4.248 50.644 3.09401308242
-3.182 -7.098 54.882 3.13412054803
-2.782 -8.242 55.525 3.13412054803
-3.97 -5.176 49.756 2.85110369563
-5.69 -4.533 47.422 2.75923199067
-2.999 -6.037 47.637 2.97245262608
-2.608 -5.764 46.177 2.97245262608
-5.033 -2.156 46.187 2.97245262608
-6.329 -1.042 48.075 2.97245262608
-5.175 -1.568 43.887 3.08160126066
-5.359 -2.084 41.487 3.18635814682
-5.062 -1.591 40.184 3.0526522229
-6.723 5.606 38.73 2.46178430194
-7.524 2.657 37.992 2.72232757201
-7.501 1.152 38.046 2.72232757201
-8.874 0.531 37.984 2.59344389372
-9.867 1.174 37.619 2.46178430194
-8.942 -0.738 38.344 2.62109821036
-7.446 6.746 35.711 3.63125461652
-8.317 5.878 35.844 3.56629383662
-4.896 6.956 35.292 3.69904372689
-4.889 6.221 33.948 3.63125461652
-3.816 6.228 33.296 3.56629383662
-7.697 7.905 35.129 2.7203848681
-9.043 8.202 34.626 2.85287250891
-9.45 7.325 33.449 2.73628278469
-10.639 7.116 33.24 2.61895377264
-9.191 9.683 34.228 2.85287250891
-10.367 10.418 34.88 2.85287250891
-11.734 9.833 34.494 2.85287250891
-12.093 10.095 33.025 2.85287250891
-13.143 9.137 32.57 2.85287250891
-8.468 6.84 32.679 2.41269401738
-8.758 5.948 31.551 2.57789518755
-9.205 4.574 32.066 2.43285482807
-9.743 3.772 31.299 2.28148428923
-7.544 5.789 30.608 2.57789518755
-6.606 4.836 31.142 2.36497245057
-6.831 7.127 30.365 2.57789518755
-8.965 4.319 33.36 2.41269401738
-9.325 3.066 34.016 2.57789518755
-8.181 2.058 34.035 2.43285482807
-8.404 0.866 34.188 2.28148428923
-5.803 1.63 33.867 2.0
-5.055 1.921 32.529 2.0
-3.551 2.098 32.639 1.74
-3.005 3.335 32.883 1.86
-2.71 1.012 32.469 1.86
-1.62 3.485 32.97 1.86
-1.323 1.15 32.554 1.86
-0.775 2.393 32.806 1.86
-4.527 0.436 35.564 3.46048228099
-1.557 0.365 35.409 3.39902103994
-3.468 -1.291 36.996 3.54436212661
-1.052 -1.835 37.825 3.50233627526
-0.383 2.253 37.017 2.0
0.505 2.001 38.239 1.74
1.737 2.118 38.183 1.4
-0.449 3.76 36.707 2.0
-0.252 5.191 38.754 1.86
0.574 1.398 40.602 2.0
2.616 3.388 40.76 1.8
-8.025 -1.731 51.657 3.54436212661
-3.58 0.802 56.484 2.41516305987
-4.599 0.841 58.658 2.06703446881
-2.386 1.771 56.689 2.41516305987
-2.755 3.225 56.362 2.41516305987
-1.178 1.339 55.856 2.41516305987
-1.762 4.244 56.922 2.41516305987
-7.024 2.07 57.572 2.78912757715
-6.948 3.529 57.958 2.78912757715
-6.302 3.789 59.289 2.66677603688
-5.647 4.809 59.442 2.5427976846
-6.487 2.878 60.253 2.69295246139
-9.41 2.082 57.119 3.62225757892
-11.883 2.009 57.02 3.69904372689
-12.498 0.605 57.066 3.69904372689
-13.908 0.55 57.658 3.63125461652
-14.406 1.572 58.196 3.56629383662
-14.516 -0.53 57.58 3.56629383662
-9.668 5.739 55.274 2.72232757201
-8.259 7.098 53.898 2.46178430194
-9.92 6.784 56.346 2.72232757201
-11.338 6.793 56.851 2.59344389372
-12.232 7.309 56.169 2.46178430194
-11.561 6.229 58.042 2.62109821036
-6.417 7.396 57.129 3.13412054803
-6.556 8.697 57.579 3.08160126066
-5.503 10.881 56.905 3.13412054803
0.501 5.832 46.833 4.32767651728
3.773 7.017 45.232 2.06703446881
5.514 9.089 45.844 2.41516305987
5.787 9.194 44.34 2.24769809506
5.205 10.035 43.671 2.06703446881
6.481 9.986 46.633 2.41516305987
7.007 8.376 42.391 3.18635814682
5.833 7.997 41.476 3.09401308242
5.906 8.205 40.263 3.00350354728
8.247 7.51 42.085 3.18635814682
7.587 5.291 40.895 3.13412054803
7.517 3.97 41.304 3.08160126066
3.585 7.028 41.335 2.0
1.988 8.033 39.844 1.4
2.699 6.195 42.246 2.0
3.049 9.393 41.328 2.41269401738
2.427 10.632 40.875 2.57789518755
0.907 10.638 40.989 2.43285482807
0.229 11.203 40.132 2.28148428923
0.371 10.018 42.044 2.22402568616
-1.084 9.969 42.23 2.41516305987
-1.125 12.235 43.074 2.06703446881
-1.467 9.071 43.423 2.41516305987
-0.889 7.668 43.271 2.41516305987
-3.69 12.734 41.934 2.41516305987
-3.757 13.528 40.617 2.41516305987
-4.489 12.781 39.648 2.16754538317
-2.351 13.854 40.087 2.41516305987
-5.899 13.309 42.749 2.22402568616
-7.253 13.068 43.212 2.41516305987
-8.156 12.615 42.047 2.24769809506
-9.341 12.293 42.226 2.06703446881
-7.762 14.352 43.903 2.41516305987
-7.037 14.507 45.129 2.16754538317
-9.262 14.28 44.235 2.41516305987
-7.531 12.531 40.866 2.57572842164
-8.17 12.055 39.63 2.72232757201
-8.097 10.527 39.488 2.59344389372
-8.88 9.896 38.763 2.46178430194
-7.468 12.695 38.444 2.72232757201
-8.296 12.799 37.31 2.53400746709
-6.945 8.507 40.153 4.32767651728
-8.516 8.535 41.975 4.23203245328
-4.816 8.791 38.284 4.23203245328
-8.141 6.555 40.979 2.11633202144
-10.281 5.391 40.917 2.32485688748
-10.946 4.101 41.426 2.32485688748
-11.309 6.51 40.852 2.32485688748
-8.003 -1.737 44.83 1.94074133197
-9.565 -0.844 42.32 2.32485688748
-10.57 -1.987 42.147 2.32485688748
-9.864 0.244 41.323 2.32485688748
-9.924 -2.724 46.625 2.57789518755
-10.778 -3.958 46.415 2.43285482807
-11.835 -3.917 45.77 2.28148428923
-10.219 -2.116 48.005 2.57789518755
-10.292 -5.064 46.973 2.41269401738
-10.961 -6.354 46.888 2.57789518755
-10.9 -6.954 45.502 2.43285482807
-11.712 -7.801 45.128 2.28148428923
-9.925 -6.523 44.726 3.18494045613
-9.773 -7.016 43.371 3.28331166428
-8.789 -8.17 43.303 3.19656430018
-7.83 -8.254 44.083 3.11200838625
-9.322 -5.867 42.451 3.28331166428
-9.007 -6.251 40.997 3.28331166428
-8.857 -5.049 40.066 3.19656430018
-7.949 -4.229 40.277 3.11200838625
-9.656 -4.916 39.105 3.11200838625
-9.063 -9.103 42.411 1.7
-8.138 -10.193 42.172 2.0
-8.734 -11.565 42.558 2.0
-6.593 -12.858 42.988 1.86
-8.128 -13.685 41.358 1.86
-5.738 -13.934 42.739 1.86
-7.286 -14.766 41.096 1.86
-6.083 -14.896 41.788 1.86
-10.112 -8.623 37.83 3.56629383662
-9.341 -11.57 37.78 3.69904372689
-8.752 -11.995 36.458 3.63125461652
-8.64 -11.138 35.552 3.56629383662
-8.393 -13.179 36.298 3.56629383662
-8.202 -7.273 36.339 2.57789518755
-8.895 -7.418 34.972 2.43285482807
-9.198 -6.437 34.311 2.28148428923
-6.846 -6.552 36.239 2.57789518755
-6.257 -6.257 37.624 2.57789518755
-5.138 -5.22 37.635 2.43285482807
-4.299 -5.145 36.727 2.28148428923
-5.118 -4.409 38.68 2.46421089331
-9.196 -8.664 34.58 2.41269401738
-9.917 -8.901 33.337 2.57789518755
-11.407 -9.157 33.533 2.43285482807
-12.147 -9.294 32.548 2.28148428923
-11.849 -9.19 34.797 1.99639670258
-13.246 -9.468 35.156 2.22693058289
-14.254 -8.5 34.518 2.02565795104
-14.152 -7.271 34.651 1.79544509739
-13.417 -9.512 36.667 2.22693058289
-13.535 -10.851 37.085 1.9255854327
-15.239 -9.109 33.841 1.99639670258
-16.357 -8.405 33.199 2.22693058289
-17.026 -7.504 34.206 2.02565795104
-17.59 -6.445 33.882 1.79544509739
-17.341 -9.439 32.679 2.22693058289
-16.646 -10.615 32.272 1.9255854327
-16.974 -7.986 35.44 1.99639670258
-17.462 -7.334 36.648 2.22693058289
-17.232 -8.33 37.755 2.02565795104
-17.528 -9.524 37.587 1.79544509739
-18.955 -6.948 36.548 2.22693058289
-19.237 -5.774 37.312 1.9255854327
-16.549 -7.849 38.801 3.18494045613
-16.245 -8.612 39.994 3.28331166428
-16.717 -7.785 41.168 3.19656430018
-17.158 -6.66 40.969 3.11200838625
-14.723 -8.811 40.107 3.28331166428
-14.236 -10.262 40.209 3.28331166428
-13.034 -10.392 41.144 3.19656430018
-13.234 -10.318 42.38 3.11200838625
-11.888 -10.568 40.661 3.11200838625
-16.633 -8.316 42.381 2.7203848681
-17.01 -7.526 43.538 2.85287250891
-15.814 -6.737 44.025 2.73628278469
-14.999 -7.218 44.829 2.61895377264
-17.577 -8.415 44.661 2.85287250891
-19.089 -8.638 44.608 2.85287250891
-19.514 -9.543 45.737 2.85287250891
-20.916 -9.225 46.24 2.85287250891
-21.519 -10.422 46.872 2.85287250891
-15.695 -5.532 43.505 2.11633202144
-14.627 -4.631 43.885 2.32485688748
-15.223 -3.372 44.482 2.14243103283
-16.447 -3.185 44.516 1.94074133197
-14.527 -3.715 41.507 2.32485688748
-12.943 -5.518 42.208 2.32485688748
-13.76 -2.728 40.627 2.32485688748
-14.691 -1.262 45.572 2.72232757201
-14.421 -1.199 47.087 2.72232757201
-15.272 -2.124 47.964 2.72232757201
-14.973 -1.977 49.455 2.59344389372
-14.973 -0.871 50.013 2.46178430194
-14.717 -3.095 50.109 2.62109821036
-14.487 0.68 44.129 2.85110369563
-13.897 2.982 44.388 2.8655882766
-14.981 3.581 44.471 2.75923199067
-14.211 2.051 42.08 2.97245262608
-13.985 0.931 41.097 2.97245262608
-15.287 0.557 40.435 2.97245262608
-15.398 1.182 39.068 2.97245262608
-16.694 0.841 38.453 2.97245262608
-12.784 4.395 46.035 2.57789518755
-12.134 5.672 45.484 2.43285482807
-12.033 3.928 47.272 2.57789518755
-13.623 2.938 48.882 2.57789518755
-12.828 6.804 45.637 2.85110369563
-12.273 8.075 45.216 2.97245262608
-11.415 8.268 47.459 2.75923199067
-13.37 9.127 44.967 2.97245262608
-14.566 8.635 44.14 2.97245262608
-15.195 9.752 43.3 2.97245262608
-16.654 9.414 42.972 2.97245262608
-17.028 9.874 41.591 2.97245262608
-10.346 9.365 45.811 2.85110369563
-10.243 12.131 46.165 2.75923199067
-9.987 13.12 48.744 2.57789518755
-8.765 14.014 48.684 2.43285482807
-8.818 15.135 48.155 2.28148428923
-10.544 13.107 50.162 2.57789518755
-6.432 14.27 49.263 3.18635814682
-6.36 15.147 50.526 3.18635814682
-5.261 16.218 50.526 3.18635814682
-5.484 17.185 51.693 3.18635814682
-4.405 18.272 51.788 3.18635814682
-4.387 18.859 53.144 3.18635814682
-4.198 13.916 48.517 2.22402568616
-1.818 15.21 49.297 2.06703446881
-2.45 13.325 46.92 2.41516305987
-1.069 12.679 46.737 2.41516305987
-3.472 12.63 46.008 2.41516305987
-0.23 13.685 51.023 2.0
-0.518 13.331 52.498 2.0
-1.697 15.094 53.888 1.86
-2.857 15.659 54.423 1.86
-4.095 15.076 54.151 1.86
1.842 13.808 49.791 2.85110369563
4.101 13.788 50.529 2.8655882766
3.869 14.803 51.166 2.75923199067
3.616 13.905 48.07 2.97245262608
2.682 13.616 46.89 2.97245262608
1.914 14.876 46.506 2.97245262608
1.974 15.164 45.001 2.97245262608
2.497 16.552 44.755 2.97245262608
6.071 13.311 51.825 2.72232757201
6.969 14.432 51.253 2.59344389372
7.362 14.366 50.096 2.46178430194
7.976 12.146 53.197 2.59344389372
9.023 12.675 52.859 2.46178430194
7.783 11.668 54.435 2.62109821036
7.15 15.535 51.989 2.57572842164
7.892 16.698 51.48 2.72232757201
9.371 16.423 51.287 2.59344389372
10.048 17.155 50.548 2.46178430194
7.712 17.923 52.396 2.72232757201
8.268 17.702 53.67 2.53400746709
9.866 15.382 51.964 2.7203848681
11.262 14.949 51.842 2.85287250891
11.503 14.142 50.58 2.73628278469
12.647 13.769 50.295 2.61895377264
11.7 14.105 53.051 2.85287250891
11.475 14.752 54.422 2.85287250891
12.7 15.54 54.905 2.85287250891
12.645 16.983 54.457 2.85287250891
13.919 17.664 54.762 2.85287250891
10.436 13.834 49.832 2.7203848681
11.488 13.816 47.637 2.73628278469
11.28 15.008 47.371 2.61895377264
9.257 12.744 47.918 2.85287250891
8.926 12.611 45.402 2.78727419845
9.037 11.966 44.168 2.78727419845
9.742 10.052 42.897 2.68307619189
13.439 13.633 46.156 2.78912757715
14.877 13.417 46.657 2.78912757715
15.907 14.234 45.88 2.66677603688
15.765 14.414 44.68 2.5427976846
16.942 14.725 46.569 2.69295246139
12.612 13.702 43.897 2.57572842164
12.245 13.202 42.566 2.72232757201
13.448 12.771 41.702 2.59344389372
13.255 12.227 40.624 2.46178430194
11.391 14.253 41.834 2.72232757201
12.065 15.502 41.701 2.53400746709
15.857 12.637 41.378 2.32485688748
16.592 11.452 41.969 2.14243103283
17.111 10.585 41.251 1.94074133197
16.797 13.83 41.296 2.32485688748
16.218 15.142 40.788 2.14243103283
16.609 16.319 41.694 2.32485688748
16.69 15.379 39.379 2.32485688748
17.281 10.417 44.083 2.72232757201
16.299 9.269 44.333 2.59344389372
16.694 8.102 44.497 2.46178430194
17.758 11.052 45.402 2.72232757201
18.813 12.001 45.147 2.53400746709
18.24 10.003 46.414 2.72232757201
13.883 7.48 43.616 2.72232757201
14.047 7.896 42.147 2.72232757201
12.968 8.842 41.607 2.72232757201
15.81 9.542 48.961 2.72232757201
16.71 9.694 51.196 2.62109821036
11.816 10.42 51.486 2.72232757201
13.105 10.575 52.289 2.59344389372
13.354 9.821 53.241 2.46178430194
13.942 11.549 51.916 2.62109821036
2.399 9.374 48.147 3.18635814682
3.307 10.356 47.654 3.0526522229
0.959 9.865 47.92 3.18635814682
-8.186 11.498 53.874 3.54436212661
-7.844 12.542 54.943 3.54436212661
-9.044 12.878 55.838 3.54436212661
-9.721 11.676 56.375 3.54436212661
-8.972 8.745 51.62 2.57572842164
-11.618 9.653 52.188 2.46178430194
-10.471 6.922 50.929 2.72232757201
-13.28 10.337 50.03 2.78912757715
-14.317 9.514 50.764 2.66677603688
-14.962 9.978 51.718 2.5427976846
-13.747 10.704 48.607 2.78912757715
-14.92 10.0 48.207 2.61066977765
-14.413 8.267 50.349 2.41269401738
-15.315 7.31 50.952 2.57789518755
-14.507 6.156 51.572 2.43285482807
-13.568 5.617 50.966 2.28148428923
-16.301 6.819 49.875 2.57789518755
-17.217 7.877 49.602 2.36497245057
-17.09 5.581 50.327 2.57789518755
-14.825 5.841 52.832 2.11633202144
-14.108 4.799 53.541 2.32485688748
-14.339 3.466 52.864 2.14243103283
-15.411 3.204 52.311 1.94074133197
-14.559 4.721 55.009 2.32485688748
-13.453 1.317 52.305 2.32485688748
-14.24 0.483 53.291 2.14243103283
-14.201 0.749 54.484 1.94074133197
-15.025 -0.463 52.822 2.57572842164
-15.728 -1.317 53.746 2.72232757201
-14.95 -2.6 53.911 2.59344389372
-14.732 -3.357 52.952 2.46178430194
-17.193 -1.578 53.309 2.72232757201
-17.29 -2.233 52.066 2.53400746709
-14.465 -2.793 55.121 1.7
-13.653 -3.958 55.397 2.0
-14.545 -5.199 55.435 1.74
-15.721 -5.146 55.829 1.4
-12.869 -3.789 56.718 2.0
-10.793 -2.838 57.745 1.86
-9.617 -2.084 57.735 1.86
-13.957 -6.306 54.995 2.57572842164
-14.619 -7.596 54.941 2.72232757201
-13.578 -8.695 55.089 2.59344389372
-12.49 -8.446 55.623 2.46178430194
-15.347 -7.728 53.614 2.72232757201
-14.418 -7.734 52.556 2.53400746709
-13.898 -9.909 54.624 2.32219197539
-12.965 -11.04 54.641 2.49917816808
-11.825 -10.796 53.672 2.34393302806
-10.679 -11.207 53.907 2.17953443166
-13.695 -12.324 54.209 2.49917816808
-13.817 -13.42 55.277 2.49917816808
-15.231 -13.996 55.339 2.34393302806
-16.053 -13.811 54.432 2.17953443166
-15.512 -14.699 56.419 2.37766287277
-12.158 -10.097 52.58 2.65003072421
-9.714 -8.208 50.612 2.5427976846
-11.991 -10.096 50.157 2.78912757715
-13.146 -9.253 50.134 2.61066977765
-12.413 -11.563 50.025 2.78912757715
-11.109 -7.518 52.24 2.41269401738
-10.578 -6.172 52.305 2.57789518755
-11.066 -3.731 51.764 2.57789518755
-11.811 -5.534 50.196 2.57789518755
-8.424 -6.631 56.176 3.54436212661
-9.442 -6.704 57.146 3.43758922265
-6.734 -4.235 56.621 2.41269401738
-5.523 -3.413 56.738 2.57789518755
-4.278 -5.17 57.891 2.28148428923
-5.775 -2.315 57.735 2.57789518755
-1.741 -2.37 58.467 2.75923199067
-0.428 -2.657 55.518 2.97245262608
0.193 -3.458 60.15 2.0
1.346 -2.552 59.781 1.74
0.701 -4.5 61.134 2.0
-0.603 -5.47 61.938 1.8
1.556 -1.514 60.576 2.11633202144
3.699 -0.837 61.461 2.14243103283
3.329 -1.115 62.614 1.94074133197
2.231 0.862 60.402 2.32485688748
1.478 1.424 59.184 2.14243103283
0.902 2.779 59.536 2.32485688748
2.388 1.555 57.986 2.32485688748
6.043 -0.909 62.125 3.08311555793
6.305 0.4 62.858 2.98417189675
5.662 1.406 62.54 2.88653560143
7.243 -1.283 61.255 3.08311555793
6.997 -0.551 59.951 3.08311555793
7.164 0.364 63.886 2.85110369563
7.624 1.575 64.574 2.97245262608
7.928 1.334 66.068 2.97245262608
6.999 0.456 66.692 2.81719981417
9.313 3.221 64.091 2.41269401738
11.752 2.868 64.123 2.43285482807
12.816 2.716 63.505 2.28148428923
10.737 5.125 63.731 2.57789518755
11.523 2.33 65.323 2.57572842164
12.561 1.638 66.098 2.72232757201
12.716 0.119 65.821 2.59344389372
13.711 -0.456 66.236 2.46178430194
12.309 1.839 67.582 2.72232757201
11.114 1.198 67.961 2.53400746709
11.758 -0.542 65.193 2.65003072421
11.955 -1.988 64.993 2.78912757715
12.944 -2.334 63.904 2.66677603688
13.194 -1.569 62.956 2.5427976846
10.628 -2.869 64.807 2.78912757715
9.332 -2.073 64.611 2.66677603688
8.283 -2.591 65.072 2.5427976846
13.48 -3.524 64.059 2.65003072421
14.467 -4.077 63.164 2.78912757715
13.999 -5.335 62.471 2.66677603688
13.552 -6.311 63.094 2.5427976846
15.759 -4.352 63.915 2.78912757715
16.883 -4.723 62.984 2.66677603688
16.96 -5.91 62.632 2.5427976846
17.676 -3.825 62.613 2.5427976846
14.061 -5.272 61.169 1.7
13.789 -6.377 60.318 2.0
15.659 -5.97 58.86 1.4
12.697 -5.99 59.298 2.0
10.475 -6.742 60.243 1.86
11.018 -4.421 60.345 1.86
9.25 -6.494 60.868 1.86
9.799 -4.154 60.97 1.86
8.907 -5.192 61.235 1.86
15.698 -7.791 60.215 1.99639670258
17.082 -8.2 59.928 2.22693058289
17.319 -8.757 58.542 2.02565795104
16.44 -9.39 57.933 1.79544509739
17.516 -9.218 60.949 2.22693058289
18.53 -8.537 58.068 1.99639670258
18.978 -9.072 56.808 2.22693058289
18.808 -10.574 56.844 2.02565795104
19.086 -11.203 57.876 1.79544509739
20.446 -8.684 56.574 2.22693058289
18.306 -11.13 55.758 2.41269401738
18.055 -12.55 55.668 2.57789518755
16.603 -12.929 55.927 2.43285482807
16.192 -14.028 55.588 2.28148428923
15.816 -12.029 56.529 2.22402568616
14.408 -12.337 56.772 2.41516305987
13.683 -11.184 57.49 2.41516305987
14.357 -10.856 58.706 2.16754538317
12.228 -11.548 57.811 2.41516305987
12.87 -13.634 55.439 2.22402568616
12.105 -13.931 54.249 2.41516305987
10.828 -13.138 54.304 2.24769809506
10.036 -13.249 55.252 2.06703446881
11.8 -15.435 54.109 2.41516305987
13.03 -16.155 54.075 2.16754538317
11.025 -15.731 52.814 2.41516305987
9.484 -11.45 53.296 2.0
8.652 -11.738 52.039 1.74
8.933 -12.699 51.336 1.4
5.764 -13.345 51.64 3.54436212661
7.535 -8.946 45.993 4.32767651728
1.084 -6.473 38.093 2.66677603688
0.751 -6.25 36.92 2.5427976846
-1.265 -6.238 38.854 2.78912757715
-3.211 -7.933 39.033 2.72038202399
-4.684 -6.175 42.955 2.72038202399
3.416 -5.941 37.654 2.97245262608
3.726 -7.047 36.664 2.8655882766
4.544 -6.724 35.657 2.57572842164
6.883 -5.35 32.147 2.72232757201
4.5 -5.923 32.0 2.72232757201
5.659 -11.427 35.042 2.78912757715
7.667 -12.724 34.686 2.5427976846
4.618 -12.534 34.798 2.78912757715
4.226 -12.504 33.427 2.61066977765
3.387 -12.351 35.697 2.78912757715
8.494 -11.077 32.457 2.78912757715
8.416 -11.958 31.175 2.78912757715
7.64 -13.282 31.239 2.78912757715
7.674 -14.031 29.902 2.78912757715
9.064 -14.133 29.427 2.65003072421
9.413 -14.664 28.242 2.66677603688
8.505 -15.148 27.39 2.69295246139
10.703 -14.712 27.904 2.69295246139
10.025 -9.259 31.918 2.65003072421
9.941 -8.727 29.175 2.5427976846
11.822 -7.596 31.444 2.78912757715
11.682 -5.05 31.488 2.72038202399
12.887 -6.079 29.703 2.72038202399
11.963 -3.784 30.967 2.72038202399
12.988 -2.439 29.295 2.61066977765
9.208 -6.747 29.629 2.5427976846
1.064 -10.143 25.822 2.22402568616
1.62 -9.198 26.797 2.41516305987
2.137 -9.952 28.005 2.24769809506
1.774 -11.101 28.21 2.06703446881
0.571 -8.201 27.226 2.41516305987
2.989 -9.309 28.806 2.57572842164
3.537 -9.959 29.991 2.72232757201
2.815 -9.449 31.245 2.59344389372
5.053 -9.707 30.078 2.72232757201
5.57 -11.538 28.58 2.46178430194
6.757 -9.652 28.362 2.62109821036
1.599 -8.982 31.044 2.57572842164
-0.134 -9.581 32.693 2.59344389372
-0.89 -10.232 31.955 2.46178430194
0.03 -7.255 31.736 2.72232757201
-0.558 -7.435 30.433 2.53400746709
0.974 -6.061 31.729 2.72232757201
-0.062 -9.784 33.992 2.85110369563
-0.885 -10.809 34.623 2.97245262608
-2.272 -10.262 34.888 2.8655882766
-2.433 -9.089 35.186 2.75923199067
-0.133 -11.082 35.934 2.97245262608
0.824 -9.094 34.954 2.97245262608
-3.292 -11.068 34.725 3.46048228099
-4.612 -10.609 35.046 3.54436212661
-5.688 -11.337 34.209 3.54436212661
-5.834 -10.795 32.785 3.47033660994
-5.151 -9.806 32.416 3.39902103994
-6.646 -11.362 32.009 3.39902103994
-4.234 -11.828 37.128 2.65003072421
-4.627 -13.641 38.722 2.78912757715
-5.934 -14.107 38.084 2.78912757715
-5.958 -15.559 37.65 2.78912757715
-6.307 -15.632 36.226 2.65003072421
-6.032 -16.689 35.455 2.66677603688
-5.412 -17.761 35.949 2.69295246139
-6.383 -16.662 34.185 2.69295246139
-3.209 -10.531 42.969 2.97245262608
-3.071 -9.847 45.342 2.97245262608
1.956 -12.121 40.841 2.57789518755
1.399 -12.307 39.424 2.57789518755
1.14 -13.761 39.09 2.43285482807
2.047 -14.607 39.112 2.28148428923
-0.107 -14.063 38.777 2.46421089331
2.197 -15.168 46.008 2.57789518755
0.4 -15.213 47.637 2.28148428923
1.383 -17.156 47.107 2.46421089331
6.669 -13.814 45.74 2.72232757201
7.306 -13.639 47.096 2.59344389372
7.571 -13.201 44.66 2.72232757201
8.101 -14.629 47.45 2.57572842164
8.871 -14.646 48.671 2.72232757201
10.279 -14.197 48.338 2.59344389372
10.79 -14.539 47.282 2.46178430194
8.867 -16.06 49.232 2.72232757201
8.773 -16.077 50.638 2.53400746709
10.901 -13.392 49.208 2.22402568616
12.247 -12.88 48.928 2.41516305987
12.916 -12.41 50.214 2.24769809506
11.727 -9.454 47.088 2.41516305987
9.942 -10.68 48.274 2.41516305987
14.249 -12.509 50.274 2.97082338406
15.017 -12.147 51.478 3.08311555793
16.251 -13.025 51.357 3.08311555793
16.5 -13.084 49.866 3.08311555793
15.128 -13.054 49.217 3.08311555793
18.059 -9.762 53.342 1.79544509739
15.492 -8.201 54.307 2.22693058289
13.81 -7.541 55.997 2.22693058289
19.47 -7.548 52.289 2.22693058289
19.878 -6.406 53.201 2.02565795104
19.063 -5.55 53.507 1.79544509739
19.878 -7.178 50.851 2.22693058289
19.994 -8.286 49.789 2.02565795104
18.621 -8.777 49.309 2.22693058289
20.779 -7.755 48.619 2.22693058289
21.105 -6.394 53.687 2.57572842164
21.545 -5.231 54.427 2.72232757201
21.911 -4.178 53.415 2.59344389372
22.194 -4.507 52.261 2.46178430194
22.738 -5.528 55.384 2.72232757201
23.545 -6.622 54.955 2.53400746709
21.876 -2.919 53.794 2.41269401738
22.2 -1.873 52.851 2.57789518755
23.642 -2.056 52.35 2.43285482807
21.992 -0.487 53.487 2.57789518755
20.533 -0.031 53.497 2.43285482807
20.236 1.058 53.97 2.28148428923
19.615 -0.856 52.978 2.46421089331
24.521 -2.63 53.178 2.41269401738
25.907 -2.862 52.757 2.57789518755
25.935 -3.851 51.582 2.43285482807
26.575 -3.583 50.578 2.28148428923
26.788 -3.361 53.92 2.57789518755
26.789 -2.408 54.986 2.36497245057
28.24 -3.582 53.468 2.57789518755
25.243 -4.989 51.724 2.41269401738
25.175 -5.98 50.642 2.57789518755
24.987 -5.619 48.267 2.28148428923
24.347 -7.209 51.057 2.57789518755
25.023 -8.056 52.132 2.43285482807
24.883 -7.768 53.324 2.28148428923
25.753 -9.097 51.719 2.46421089331
21.645 -3.093 48.96 2.0
26.521 -1.948 46.8 2.43285482807
27.04 -1.307 45.875 2.28148428923
26.198 -0.464 48.833 2.57789518755
25.932 1.49 50.434 2.57789518755
24.902 2.06 51.376 2.57789518755
25.334 3.307 52.037 2.57789518755
26.766 -3.241 47.023 2.41269401738
27.637 -4.005 46.155 2.57789518755
27.076 -3.98 44.727 2.43285482807
27.829 -4.15 43.756 2.28148428923
27.753 -5.452 46.673 2.57789518755
28.459 -5.606 48.024 2.57789518755
29.032 -7.014 48.229 2.57789518755
30.46 -7.15 47.684 2.57789518755
31.042 -8.508 47.961 2.57789518755
25.002 -3.69 43.364 2.57789518755
24.71 -2.271 42.876 2.43285482807
24.867 -1.97 41.682 2.28148428923
23.66 -4.382 43.537 2.57789518755
23.719 -5.854 43.895 2.43285482807
23.785 -6.806 42.899 2.49686919338
23.695 -6.274 45.228 2.49686919338
23.834 -8.141 43.186 2.49686919338
23.743 -7.609 45.538 2.49686919338
23.813 -8.538 44.51 2.43285482807
23.862 -9.877 44.809 2.36497245057
23.719 -0.08 43.485 2.49917816808
24.576 1.069 44.044 2.34393302806
24.305 2.222 43.747 2.17953443166
20.786 -0.708 42.022 2.34393302806
19.788 -1.705 41.88 2.34393302806
21.112 0.088 40.929 2.41269040159
19.12 -1.919 40.686 2.41269040159
20.453 -0.121 39.746 2.41269040159
19.466 -1.118 39.631 2.41269040159
25.544 0.763 44.917 2.41269401738
26.433 1.77 45.505 2.57789518755
25.73 2.961 46.161 2.43285482807
24.77 2.813 46.933 2.28148428923
26.247 4.153 45.836 2.41269401738
25.77 5.43 46.4 2.57789518755
24.292 5.722 46.101 2.43285482807
23.737 6.666 46.646 2.28148428923
26.629 6.61 45.907 2.57789518755
26.828 6.528 44.483 2.36497245057
27.997 6.636 46.606 2.57789518755
23.664 4.941 45.241 2.85110369563
22.256 5.15 44.971 2.97245262608
20.273 5.146 46.313 2.75923199067
21.826 4.425 43.69 2.97245262608
22.355 5.1 42.43 2.97245262608
21.988 4.332 41.154 2.97245262608
22.984 3.22 40.837 2.97245262608
24.387 3.715 40.637 2.97245262608
21.36 4.337 49.37 2.59344389372
22.459 4.557 49.91 2.46178430194
20.733 1.461 49.766 2.72232757201
20.116 5.878 50.816 2.97245262608
19.537 5.198 52.066 2.8655882766
19.036 4.066 52.02 2.75923199067
19.219 7.044 50.368 2.97245262608
19.947 8.267 49.798 2.97245262608
20.697 7.971 48.494 2.97245262608
21.41 9.236 47.998 2.97245262608
22.772 8.972 47.443 2.97245262608
19.617 5.937 53.18 3.18494045613
19.15 5.477 54.494 3.28331166428
17.67 5.078 54.507 3.19656430018
17.296 4.1 55.175 3.11200838625
19.408 6.574 55.518 3.28331166428
20.863 7.031 55.543 3.19656430018
21.358 7.585 54.528 3.11200838625
21.504 6.831 56.587 3.11200838625
16.839 5.819 53.798 2.57572842164
15.404 5.563 53.747 2.72232757201
14.669 6.866 53.507 2.72232757201
16.938 6.023 47.54 3.54436212661
15.191 -2.961 53.553 2.72232757201
13.356 -1.578 52.544 2.72232757201
14.753 -3.22 54.997 2.72232757201
16.554 -2.981 50.525 1.7
18.005 -3.956 48.82 2.0
15.224 -7.388 46.469 3.39902103994
15.546 -10.124 46.248 2.97245262608
17.687 -11.156 46.705 2.75923199067
17.212 -10.581 44.558 2.22402568616
18.454 -11.091 43.969 2.41516305987
18.533 -12.584 44.191 2.24769809506
19.604 -13.204 44.101 2.06703446881
19.671 -10.388 44.586 2.41516305987
17.197 -14.557 44.804 2.78912757715
16.429 -15.379 43.76 2.66677603688
15.976 -16.492 44.062 2.5427976846
16.441 -14.621 46.1 2.78912757715
15.329 -13.758 46.028 2.61066977765
16.254 -14.837 42.548 2.41269401738
15.533 -15.545 41.497 2.57789518755
14.135 -15.001 41.23 2.43285482807
13.384 -15.598 40.47 2.28148428923
13.805 -11.23 42.11 2.28148428923
11.531 -13.502 42.816 2.57789518755
11.17 -14.993 42.857 2.57789518755
12.095 -13.07 44.163 2.57789518755
11.844 -10.923 41.118 2.22402568616
12.005 -9.485 41.135 2.41516305987
10.718 -8.748 40.845 2.24769809506
13.089 -9.026 40.14 2.41516305987
10.554 -7.625 41.511 2.22402568616
9.426 -6.799 41.238 2.41516305987
9.639 -6.24 39.852 2.24769809506
10.79 -6.13 39.406 2.06703446881
9.29 -5.682 42.29 2.41516305987
9.069 -6.209 43.597 2.16754538317
8.576 -5.952 39.127 1.7
8.737 -5.453 37.777 2.0
7.71 -4.372 37.499 1.74
6.876 -4.06 38.336 1.4
7.782 -3.786 36.319 2.11633202144
6.882 -2.701 35.919 2.32485688748
5.407 -2.996 36.217 2.14243103283
4.806 -3.933 35.669 1.94074133197
7.104 -2.381 34.449 2.32485688748
8.365 -1.593 34.22 2.32485688748
9.762 -2.582 33.608 2.18262886222
11.052 -2.217 34.838 2.32485688748
4.845 -2.176 37.086 2.57572842164
3.469 -2.309 37.505 2.72232757201
3.391 -2.598 38.984 2.59344389372
4.497 -3.068 39.574 4.85576143625
5.592 -4.432 41.315 4.89901657786
5.243 -1.052 41.298 2.85110369563
5.535 0.179 42.043 2.97245262608
5.787 1.344 41.099 2.97245262608
7.091 1.308 40.568 2.81719981417
7.14 -9.329 56.912 2.0
6.235 -9.684 58.072 1.74
5.44 -8.85 58.507 1.4
8.458 -8.747 57.405 2.0
6.295 -10.915 58.54 2.32219197539
6.135 -11.039 60.961 2.34393302806
7.332 -11.315 61.138 2.17953443166
5.069 -12.813 59.532 2.49917816808
3.587 -13.081 59.823 2.49917816808
3.26 -14.579 59.86 2.49917816808
1.757 -14.801 60.004 2.49917816808
1.441 -15.871 60.999 2.49917816808
5.386 -10.441 61.867 2.32219197539
5.859 -10.148 63.225 2.49917816808
4.718 -10.336 64.202 2.34393302806
3.615 -9.812 63.98 2.17953443166
6.409 -8.722 63.361 2.49917816808
7.14 -8.505 64.688 2.49917816808
7.169 -7.049 65.129 2.49917816808
8.04 -6.899 66.35 2.49917816808
9.153 -5.964 66.104 2.49917816808
4.996 -11.097 65.266 2.41269401738
4.004 -11.41 66.299 2.57789518755
2.743 -11.964 65.634 2.43285482807
1.607 -11.68 66.044 2.28148428923
3.688 -10.175 67.164 2.57789518755
4.824 -9.806 68.116 2.43285482807
5.671 -10.637 68.477 2.28148428923
4.849 -8.553 68.529 2.46421089331
2.976 -12.744 64.596 2.41269401738
1.918 -13.424 63.869 2.57789518755
1.158 -12.534 62.894 2.43285482807
0.251 -13.009 62.228 2.28148428923
0.831 -10.33 61.902 2.97245262608
0.237 -9.146 62.68 2.97245262608
0.347 -11.775 57.06 2.72038202399
0.783 -13.02 56.647 2.65003072421
2.928 -13.869 55.674 2.72038202399
4.578 -12.106 55.41 2.72038202399
4.172 -13.451 55.292 2.72038202399
4.715 -5.675 59.955 3.18635814682
4.094 -6.356 61.044 3.0526522229
5.028 -4.226 60.353 3.18635814682
8.349 -3.1 55.847 2.32485688748
9.765 -1.392 54.902 1.94074133197
10.65 -4.204 55.998 2.32485688748
8.726 -5.069 57.327 2.32485688748
8.12 -1.08 45.868 2.32485688748
8.533 0.287 45.305 2.14243103283
8.065 -2.186 43.61 2.32485688748
9.844 0.515 45.157 2.85110369563
10.333 1.822 44.701 2.97245262608
11.008 1.767 43.323 2.8655882766
10.552 2.433 42.382 2.75923199067
12.104 1.041 43.215 2.11633202144
12.789 0.913 41.944 2.32485688748
13.659 -0.349 41.945 2.14243103283
13.851 -0.957 42.987 1.94074133197
13.609 2.193 41.579 2.32485688748
14.382 3.506 43.689 2.22402143089
16.004 2.364 42.654 2.14243103283
15.553 3.721 44.395 2.11633202144
16.563 3.028 43.775 2.14243103283
16.834 1.586 41.853 2.22402143089
17.919 2.923 44.099 2.22402143089
18.161 1.482 42.167 2.22402143089
18.697 2.143 43.277 2.22402143089
14.138 -0.748 40.782 2.41269401738
14.955 -1.933 40.682 2.57789518755
15.645 -1.997 39.34 2.43285482807
15.776 -0.973 38.653 2.28148428923
16.08 -3.206 38.972 2.22402568616
16.757 -3.45 37.706 2.41516305987
15.965 -2.94 36.515 2.24769809506
14.733 -3.04 36.473 2.06703446881
17.058 -4.952 37.564 2.41516305987
17.309 -5.322 36.211 2.16754538317
16.696 -2.385 35.542 2.22402568616
16.111 -1.82 34.323 2.41516305987
14.299 -2.643 32.973 2.06703446881
17.232 -1.331 33.42 2.41516305987
18.024 -0.342 34.036 2.16754538317
15.887 -4.073 33.732 2.65003072421
14.421 -7.376 33.408 2.5427976846
16.859 -5.713 32.376 2.78912757715
17.056 -5.137 31.068 2.61066977765
16.964 -7.25 32.328 2.78912757715
13.926 -6.771 36.122 2.0
14.678 -8.068 36.344 1.74
14.084 -9.139 36.542 1.4
12.48 -7.089 35.696 2.0
11.397 -5.637 35.435 1.8
16.855 -9.106 36.464 2.97245262608
16.403 -9.02 38.801 2.75923199067
18.322 -8.669 36.355 2.97245262608
19.182 -9.666 36.856 2.81719981417
16.499 -11.07 37.854 2.41269401738
16.221 -11.775 39.11 2.57789518755
17.493 -11.987 39.94 2.43285482807
17.466 -12.632 40.998 2.28148428923
15.523 -13.116 38.817 2.57789518755
16.356 -13.942 37.981 2.36497245057
14.164 -12.902 38.137 2.57789518755
18.605 -11.439 39.431 2.57572842164
19.917 -11.513 40.083 2.72232757201
20.296 -10.22 40.774 2.59344389372
21.346 -10.148 41.431 2.46178430194
21.002 -11.845 39.068 2.72232757201
20.942 -13.202 38.636 2.53400746709
19.68 -7.877 41.169 2.72232757201
18.565 -7.562 42.148 2.59344389372
17.394 -7.785 41.84 2.46178430194
19.74 -6.84 40.034 2.72232757201
20.734 -7.242 39.096 2.53400746709
20.072 -5.437 40.563 2.72232757201
17.859 -6.788 44.322 3.54436212661
17.048 -5.562 43.972 3.47033660994
17.533 -4.622 43.326 3.39902103994
15.787 -5.613 44.363 2.85110369563
14.899 -4.5 44.181 2.97245262608
14.742 -2.274 45.067 2.85110369563
12.549 -0.679 45.756 2.75923199067
10.064 -3.243 47.885 3.02722347308
12.246 -4.771 47.154 3.02722347308
9.886 -4.364 47.091 3.02722347308
10.971 -5.124 46.728 2.98417189675
10.762 -6.223 45.944 2.93964069245
13.79 1.164 55.99 2.97245262608
15.145 1.477 56.566 2.97245262608
16.219 0.925 55.733 2.85110369563
16.764 -0.272 55.968 2.8655882766
16.346 -1.024 56.987 2.88830125379
17.734 -0.733 55.189 2.88830125379
9.958 1.669 55.255 2.85110369563
7.716 1.168 56.083 2.97245262608
10.12 1.874 58.048 2.57572842164
11.266 3.58 59.461 2.59344389372
11.025 4.32 60.428 2.46178430194
11.694 1.017 59.658 2.72232757201
11.221 0.167 60.72 2.53400746709
13.095 1.571 59.97 2.72232757201
12.519 5.364 58.269 2.57789518755
11.492 6.466 57.927 2.43285482807
11.834 7.657 57.972 2.28148428923
13.578 5.342 57.202 2.57789518755
9.205 7.035 57.153 2.72232757201
7.939 6.98 57.98 2.59344389372
10.744 8.122 54.872 2.72232757201
7.827 6.026 58.884 2.41269401738
6.187 6.924 60.598 2.43285482807
7.478 4.334 61.458 2.57789518755
5.112 3.999 60.581 2.57789518755
7.18 7.615 61.166 2.41269401738
6.874 8.71 62.067 2.57789518755
5.099 10.284 61.821 2.28148428923
8.15 9.298 62.692 2.57789518755
8.659 8.489 63.884 2.43285482807
7.928 7.697 64.494 2.28148428923
9.933 8.685 64.225 2.46421089331
6.508 10.098 60.082 2.41269401738
5.758 11.061 59.277 2.57789518755
3.386 11.257 59.031 2.28148428923
6.492 11.395 57.965 2.57789518755
5.382 13.475 56.879 2.49686919338
4.573 13.758 55.792 2.41269401738
3.551 12.337 53.992 2.49686919338
1.752 8.494 62.06 2.22693058289
1.346 9.935 62.392 2.02565795104
0.233 10.17 62.837 1.79544509739
2.522 7.844 63.225 2.22693058289
2.73 6.333 63.081 2.22693058289
1.44 5.512 63.146 2.02565795104
0.327 6.05 63.214 1.79544509739
1.59 4.197 63.126 2.07047405937
2.253 10.898 62.176 1.99639670258
1.921 12.307 62.401 2.22693058289
0.833 12.801 61.437 2.02565795104
-0.085 13.542 61.818 1.79544509739
3.176 13.164 62.265 2.22693058289
4.181 12.92 63.358 2.22693058289
5.561 13.474 63.047 2.02565795104
6.068 13.368 61.921 1.79544509739
6.177 14.072 64.049 2.07047405937
0.941 12.4 60.181 2.65003072421
-0.057 12.788 59.179 2.78912757715
0.382 12.301 57.786 2.78912757715
1.729 12.744 57.535 2.61066977765
-0.53 12.856 56.68 2.78912757715
-2.795 10.39 60.354 2.41516305987
-3.375 11.107 61.582 2.24769809506
-4.582 11.378 61.648 2.06703446881
-2.665 8.884 60.664 2.41516305987
-2.232 6.531 60.0 2.41516305987
-2.513 11.401 62.565 1.99639670258
-2.918 12.068 63.807 2.22693058289
-3.556 13.422 63.573 2.02565795104
-4.52 13.801 64.256 1.79544509739
-1.705 12.227 64.722 2.22693058289
-3.019 14.14 62.582 1.99639670258
-3.438 15.509 62.25 2.22693058289
-4.615 15.589 61.264 2.02565795104
-5.189 16.672 61.092 1.79544509739
-2.262 16.257 61.681 2.22693058289
-4.983 14.474 60.624 2.32219197539
-6.046 14.516 59.612 2.49917816808
-7.176 13.499 59.869 2.34393302806
-7.563 13.299 61.031 2.17953443166
-5.412 14.327 58.221 2.49917816808
-4.455 15.461 57.865 2.34393302806
-4.871 16.496 57.326 2.17953443166
-3.161 15.285 58.159 2.37766287277
-7.782 12.946 58.932 2.17953443166
7.488 5.33 1.882 1.7
7.669 5.197 3.315 2.0
8.402 6.393 3.945 1.74
9.103 7.149 3.266 1.4
8.451 3.913 3.614 2.0
10.214 4.01 3.131 1.8
8.155 6.612 5.241 2.57572842164
8.848 7.636 6.047 2.72232757201
9.297 9.987 6.186 2.46178430194
7.468 9.402 4.999 2.11633202144
7.078 10.789 4.721 2.32485688748
5.615 10.994 5.133 2.14243103283
4.675 10.75 4.362 1.94074133197
7.309 11.119 3.234 2.32485688748
6.865 12.552 2.897 2.32485688748
8.788 10.939 2.879 2.32485688748
5.418 11.41 6.368 2.85110369563
4.091 11.605 6.946 2.97245262608
3.288 12.668 6.189 2.8655882766
3.868 13.638 5.688 2.75923199067
4.402 12.036 8.392 2.97245262608
6.478 11.678 7.345 2.97245262608
1.972 12.451 6.081 2.22402568616
1.069 13.397 5.436 2.41516305987
1.016 14.67 6.252 2.24769809506
0.961 15.789 5.716 2.06703446881
-0.325 12.771 5.286 2.41516305987
1.012 14.48 7.562 2.11633202144
1.074 15.559 8.526 2.32485688748
2.93 14.787 9.797 1.94074133197
0.078 15.328 9.676 2.32485688748
-1.348 15.135 9.147 2.32485688748
0.093 16.494 10.67 2.32485688748
-2.325 14.506 10.144 2.32485688748
3.264 16.63 8.564 2.32219197539
4.676 16.772 8.932 2.49917816808
4.894 16.955 10.44 2.34393302806
4.225 17.745 11.093 2.17953443166
5.324 17.939 8.165 2.49917816808
5.445 17.732 6.651 2.49917816808
5.083 18.973 5.839 2.34393302806
5.937 19.575 5.203 2.17953443166
3.817 19.359 5.858 2.37766287277
6.188 16.333 12.423 3.08311555793
7.42 18.345 11.991 2.88653560143
7.319 15.31 12.627 3.08311555793
7.243 14.38 11.433 3.08311555793
6.64 15.152 10.315 3.08311555793
6.203 18.307 13.854 2.11633202144
6.632 19.636 14.252 2.32485688748
7.546 19.522 15.452 2.14243103283
7.241 18.854 16.451 1.94074133197
5.446 20.577 14.51 2.32485688748
5.964 21.98 14.838 2.32485688748
4.579 20.633 13.278 2.32485688748
8.64 20.234 15.358 2.11633202144
9.775 20.056 16.201 2.32485688748
10.328 17.994 15.192 1.94074133197
9.443 19.336 17.496 2.32485688748
10.682 18.819 18.207 2.14243103283
10.84 19.507 19.538 2.32485688748
10.653 17.29 18.362 2.32485688748
11.629 19.761 14.814 2.57572842164
12.429 19.178 13.803 2.72232757201
12.733 20.393 13.088 2.59344389372
11.823 21.079 12.644 2.46178430194
11.64 18.229 12.914 2.72232757201
11.441 16.978 13.525 2.53400746709
13.96 20.73 12.964 2.41269401738
14.228 22.033 12.775 2.57789518755
14.134 22.44 14.166 2.43285482807
13.033 22.622 14.712 2.28148428923
15.283 22.354 14.811 1.99639670258
15.439 22.538 16.259 2.22693058289
16.486 21.518 16.788 2.02565795104
17.67 21.742 16.602 1.79544509739
14.087 22.414 16.992 2.22693058289
13.048 23.499 16.655 2.02565795104
11.81 23.38 17.51 2.22693058289
13.624 24.917 16.789 2.22693058289
16.173 20.45 17.354 1.79544509739
8.114 11.749 28.789 2.28148428923
9.201 10.54 26.165 2.57789518755
9.243 9.438 25.101 2.57789518755
10.42 11.45 25.994 2.57789518755
11.683 12.61 32.525 2.97245262608
10.669 10.345 32.123 2.97245262608
10.423 14.553 29.832 2.41269401738
10.969 15.812 29.304 2.57789518755
10.809 15.951 27.781 2.43285482807
11.59 16.647 27.113 2.28148428923
12.438 15.964 29.667 2.57789518755
12.742 17.283 30.323 2.43285482807
12.247 18.344 29.914 2.28148428923
13.564 17.234 31.352 2.46421089331
9.803 15.287 27.247 2.41269401738
9.475 15.369 25.845 2.57789518755
8.423 16.423 25.606 2.43285482807
8.282 17.346 26.422 2.28148428923
6.593 17.219 24.184 2.97245262608
7.023 18.347 23.262 2.97245262608
8.267 19.088 23.661 2.97245262608
9.176 19.277 22.479 2.8655882766
8.757 19.962 21.511 2.75923199067
10.293 18.74 22.52 2.75923199067
4.309 17.092 23.545 2.85110369563
3.433 16.657 21.343 2.8655882766
3.9 17.703 20.866 2.75923199067
1.885 17.325 23.177 2.97245262608
0.607 16.776 22.532 2.97245262608
-0.648 17.32 23.209 2.8655882766
-0.662 17.386 24.447 2.75923199067
-1.625 17.684 22.505 2.75923199067
3.357 15.556 19.18 2.57789518755
2.148 16.126 18.466 2.43285482807
1.069 16.251 19.06 2.28148428923
3.58 14.138 18.722 2.57789518755
2.319 16.532 17.216 2.22402568616
1.185 16.974 16.448 2.41516305987
0.997 14.738 15.67 2.06703446881
1.622 17.743 15.184 2.41516305987
0.417 18.085 14.295 2.41516305987
2.378 19.029 15.548 2.41516305987
-1.672 14.524 15.998 2.97245262608
-1.462 14.024 14.56 2.8655882766
-1.491 14.797 13.596 2.75923199067
-3.12 14.99 16.241 2.97245262608
-2.954 16.087 17.273 2.97245262608
-1.724 16.811 16.854 2.97245262608
-1.163 12.72 14.466 2.57572842164
-0.974 12.024 13.19 2.72232757201
0.646 11.696 11.46 2.46178430194
1.28 13.026 13.158 3.46048228099
3.449 14.398 14.603 3.43758922265
3.245 11.118 13.369 2.32219197539
4.058 9.926 13.448 2.49917816808
3.136 8.774 13.126 2.34393302806
2.706 8.009 14.003 2.17953443166
4.696 9.784 14.846 2.49917816808
5.237 11.847 16.312 2.41269040159
6.236 12.795 16.437 2.32219197539
8.402 13.228 15.246 2.41269040159
9.199 12.751 14.234 2.41269040159
1.722 7.772 11.316 3.08311555793
2.018 6.273 11.463 2.98417189675
1.085 5.472 11.378 2.88653560143
1.607 8.177 9.834 3.08311555793
2.885 8.824 9.506 3.08311555793
3.559 4.058 13.274 3.09401308242
6.199 6.989 9.864 3.13412054803
6.806 8.16 9.466 3.13412054803
3.435 5.014 14.204 2.85110369563
0.928 4.431 15.709 2.75923199067
3.41 5.995 16.481 2.97245262608
3.234 5.78 17.989 2.97245262608
1.074 2.029 17.03 2.97245262608
0.659 0.928 14.786 2.97245262608
-0.013 1.459 19.072 3.46048228099
-1.178 2.03 21.147 3.54436212661
-4.409 -2.752 23.647 2.78912757715
-4.352 -1.248 23.703 2.78912757715
-5.596 -0.586 23.177 2.66677603688
-6.672 -1.193 23.088 2.5427976846
-5.46 0.678 22.821 2.69295246139
-5.866 -5.916 25.139 3.86046154913
-3.053 -7.035 27.12 3.97461189274
-3.7 -6.347 28.329 3.91610941646
-3.125 -6.493 29.44 3.86046154913
-5.722 -7.898 26.094 2.7203848681
-7.146 -8.089 25.925 2.85287250891
-8.015 -7.388 26.996 2.73628278469
-9.232 -7.473 26.939 2.61895377264
-7.527 -9.573 25.76 2.85287250891
-7.748 -9.951 24.288 2.85287250891
-8.918 -9.2 23.64 2.85287250891
-8.466 -8.018 22.771 2.85287250891
-9.614 -7.104 22.442 2.85287250891
-8.182 -5.983 28.933 2.72232757201
-8.425 -4.604 28.371 2.59344389372
-9.271 -3.845 28.874 2.46178430194
-7.499 -5.92 30.326 2.72232757201
-6.398 -4.993 30.331 2.53400746709
-7.028 -7.309 30.783 2.72232757201
-7.674 -4.299 27.304 2.41269401738
-7.787 -3.051 26.555 2.57789518755
-6.689 -2.068 26.939 2.43285482807
-6.755 -0.894 26.609 2.28148428923
-5.637 -2.552 27.573 1.7
-4.615 -1.64 28.074 2.0
-4.472 -1.832 29.637 2.0
-3.117 -2.325 30.143 1.74
-2.064 -1.454 30.356 1.86
-2.935 -3.671 30.429 1.86
-0.835 -1.912 30.831 1.86
-1.707 -4.135 30.906 1.86
-0.651 -3.248 31.108 1.86
-2.798 -0.447 27.013 3.23418633453
-0.138 -0.276 28.273 3.16353339883
-1.355 1.293 26.06 3.32971220156
1.114 2.035 26.379 3.28197456097
2.147 2.323 25.504 3.23418633453
1.552 -2.169 27.308 2.0
2.853 -1.923 26.53 1.74
3.935 -2.058 27.084 1.4
1.412 -3.668 27.626 2.0
2.466 -5.137 25.877 1.86
3.935 -1.335 24.435 2.0
5.868 -3.315 25.146 1.8
0.548 1.48 10.857 3.54436212661
6.641 -0.982 8.273 2.41516305987
6.605 -1.132 5.873 2.06703446881
7.819 -1.917 8.603 2.41516305987
7.365 -3.372 8.76 2.41516305987
8.54 -1.472 9.88 2.41516305987
8.495 -4.379 8.514 2.41516305987
3.946 -2.331 5.932 2.78912757715
4.174 -3.81 5.67 2.78912757715
5.129 -4.104 4.522 2.66677603688
6.054 -4.879 4.705 2.5427976846
4.9 -3.5 3.351 2.69295246139
1.638 -2.373 5.345 3.62225757892
-0.526 -2.423 4.216 3.69904372689
-1.728 -1.472 4.13 3.69904372689
-2.175 -1.157 2.704 3.63125461652
-2.069 -2.033 1.807 3.56629383662
-2.636 -0.024 2.489 3.56629383662
0.754 -4.642 6.313 2.65003072421
0.604 -7.031 5.891 2.78912757715
-0.585 -7.019 4.973 2.66677603688
-1.586 -7.657 5.266 2.5427976846
-0.487 -6.289 3.856 2.69295246139
4.213 -7.679 6.697 3.13412054803
4.3 -9.0 6.3 3.08160126066
5.139 -11.078 7.416 3.13412054803
6.482 -5.849 18.795 4.32767651728
8.815 -6.971 21.662 2.06703446881
10.673 -9.075 21.69 2.41516305987
10.29 -9.192 23.17 2.24769809506
9.497 -10.061 23.565 2.06703446881
11.896 -9.91 21.407 2.41516305987
10.624 -8.271 25.428 3.18635814682
9.18 -7.882 25.772 3.09401308242
8.727 -8.077 26.894 3.00350354728
11.66 -7.369 26.159 3.18635814682
10.475 -5.196 27.005 3.13412054803
10.551 -3.863 26.646 3.08160126066
7.066 -6.953 24.969 2.0
6.123 -8.146 25.176 1.74
4.986 -7.961 25.582 1.4
6.624 -6.119 23.779 2.0
6.608 -9.351 24.848 2.41269401738
5.847 -10.584 25.023 2.57789518755
4.496 -10.585 24.318 2.43285482807
3.506 -11.098 24.855 2.28148428923
4.441 -10.018 23.111 2.22402568616
3.186 -9.973 22.366 2.41516305987
3.522 -12.22 21.563 2.06703446881
3.289 -9.075 21.119 2.41516305987
3.857 -7.693 21.47 2.41516305987
0.759 -12.749 21.598 2.41516305987
0.185 -13.596 22.756 2.41516305987
-0.979 -12.957 23.318 2.16754538317
1.234 -13.849 23.85 2.41516305987
-0.936 -13.361 20.071 2.22402568616
-3.323 -12.767 19.736 2.24769809506
-4.32 -12.506 19.044 2.06703446881
-2.097 -14.53 18.318 2.41516305987
-2.476 -14.298 16.948 2.16754538317
-3.047 -15.526 18.998 2.41516305987
-3.299 -12.635 21.069 2.57572842164
-4.438 -12.161 21.861 2.72232757201
-4.413 -10.628 21.958 2.59344389372
-5.427 -9.972 22.247 2.46178430194
-4.372 -12.751 23.262 2.72232757201
-5.585 -12.598 23.96 2.53400746709
-3.631 -7.97 20.505 4.27849626329
-3.851 -8.667 19.503 4.23203245328
-1.943 -8.871 24.315 4.23203245328
-4.42 -5.935 19.423 2.32485688748
-5.881 -5.523 19.718 2.32485688748
-5.976 -4.454 20.819 2.32485688748
-6.598 -5.026 18.451 2.32485688748
-2.172 1.611 17.22 1.94074133197
-5.482 1.94 18.659 2.32485688748
-5.37 -0.368 19.633 2.32485688748
-3.135 2.518 14.713 2.72232757201
-5.279 3.592 14.601 2.46178430194
-2.813 1.867 13.372 2.72232757201
-3.423 4.857 14.21 2.41269401738
-4.125 6.113 13.971 2.57789518755
-4.585 6.812 15.242 2.43285482807
-5.408 7.717 15.198 2.28148428923
-4.022 6.411 16.366 3.32841402621
-4.385 6.942 17.668 3.41882014206
-3.46 8.073 18.131 3.33906215107
-2.253 8.06 17.857 3.26182836231
-4.392 5.781 18.678 3.41882014206
-4.687 6.16 20.135 3.41882014206
-4.775 4.915 21.006 3.33906215107
-5.872 4.603 21.531 3.26182836231
-4.036 9.067 18.815 1.7
-3.274 10.176 19.383 2.0
-3.643 11.523 18.731 2.0
-1.628 12.969 19.273 1.86
-3.769 13.62 20.096 1.86
-1.053 14.087 19.879 1.86
-3.21 14.743 20.708 1.86
-1.843 14.981 20.601 1.86
-6.873 8.65 22.564 3.56629383662
-6.084 11.582 22.967 3.69904372689
-6.232 11.856 24.463 3.63125461652
-6.844 11.031 25.161 3.56629383662
-5.735 12.901 24.955 3.56629383662
-5.82 7.251 24.747 2.57789518755
-7.058 7.434 25.639 2.43285482807
-7.714 6.465 25.992 2.28148428923
-4.678 6.533 25.486 2.57789518755
-3.541 6.128 24.54 2.57789518755
-2.566 5.104 25.119 2.43285482807
-2.199 5.141 26.302 2.28148428923
-2.137 4.182 24.278 2.46421089331
-7.389 8.684 25.979 2.41269401738
-8.584 8.975 26.764 2.57789518755
-9.823 9.17 25.923 2.43285482807
-10.942 9.328 26.435 2.28148428923
-9.624 9.156 24.619 1.99639670258
-10.725 9.336 23.696 2.22693058289
-11.804 8.288 23.888 2.02565795104
-11.529 7.084 23.981 1.79544509739
-10.202 9.323 22.25 2.22693058289
-9.959 10.638 21.812 1.9255854327
-13.025 8.775 23.997 1.99639670258
-14.195 7.93 24.118 2.22693058289
-14.646 7.561 22.727 2.02565795104
-15.671 6.892 22.526 1.79544509739
-15.295 8.678 24.891 2.22693058289
-15.291 10.066 24.565 1.9255854327
-13.837 8.036 21.77 1.99639670258
-13.981 7.784 20.329 2.22693058289
-13.115 8.787 19.559 2.02565795104
-13.134 9.993 19.849 1.79544509739
-15.446 7.877 19.862 2.22693058289
-15.789 6.825 18.96 1.9255854327
-12.283 8.227 18.662 3.18494045613
-11.395 8.953 17.743 3.28331166428
-11.326 8.053 16.528 3.19656430018
-11.928 6.991 16.544 3.11200838625
-9.981 9.139 18.345 3.28331166428
-9.188 10.356 17.836 3.28331166428
-7.674 10.225 18.009 3.19656430018
-7.162 10.422 19.134 3.11200838625
-6.969 9.922 17.012 3.11200838625
-10.629 8.428 15.472 2.7203848681
-10.572 7.548 14.301 2.85287250891
-9.381 6.582 14.34 2.73628278469
-8.308 6.846 13.781 2.61895377264
-10.602 8.331 12.978 2.85287250891
-11.524 7.676 11.939 2.85287250891
-11.795 8.575 10.725 2.85287250891
-13.012 8.063 9.95 2.85287250891
-13.146 8.786 8.661 2.85287250891
-9.59 5.465 15.014 2.11633202144
-8.545 4.47 15.14 2.32485688748
-8.879 3.175 14.426 2.14243103283
-10.014 2.946 13.988 1.94074133197
-9.385 3.655 17.411 2.32485688748
-7.675 5.478 17.299 2.32485688748
-9.004 2.849 18.654 2.32485688748
-7.854 2.357 14.281 2.41269401738
-7.972 1.043 13.687 2.57789518755
-7.159 0.939 12.384 2.57789518755
-7.757 1.655 11.167 2.57789518755
-6.805 1.644 9.984 2.43285482807
-6.485 0.57 9.454 2.28148428923
-6.344 2.826 9.561 2.46421089331
-8.358 -0.835 15.148 2.85110369563
-7.693 -3.1 15.105 2.8655882766
-8.595 -3.537 14.378 2.75923199067
-9.048 -2.251 17.048 2.97245262608
-9.112 -1.309 18.257 2.97245262608
-10.489 -0.652 18.415 2.97245262608
-11.218 -1.107 19.684 2.97245262608
-12.571 -0.468 19.815 2.97245262608
-6.093 -4.634 14.161 2.72232757201
-5.65 -5.897 14.872 2.59344389372
-6.143 -3.076 11.293 2.72232757201
-6.198 -7.018 14.438 2.91219395265
-5.83 -8.29 15.026 3.0287949135
-6.972 -9.303 14.822 3.0287949135
-8.235 -8.921 15.6 3.0287949135
-9.492 -9.624 15.075 3.0287949135
-10.736 -8.757 15.294 3.0287949135
-11.022 -7.937 14.07 3.0287949135
-3.818 -9.612 15.298 2.57572842164
-3.373 -12.435 15.234 2.46178430194
-1.559 -10.115 16.147 2.72232757201
-2.378 -13.317 12.813 2.57789518755
-1.235 -14.218 13.279 2.43285482807
-1.469 -15.379 13.639 2.28148428923
-2.427 -13.288 11.28 2.57789518755
1.166 -14.462 13.682 3.18635814682
1.696 -15.244 12.47 3.18635814682
2.798 -16.255 12.752 3.18635814682
2.937 -17.192 11.569 3.18635814682
4.159 -18.103 11.663 3.18635814682
4.297 -18.893 10.424 3.18635814682
2.859 -14.055 15.33 2.22402568616
5.271 -14.044 15.543 2.24769809506
5.393 -15.277 15.59 2.06703446881
3.801 -13.384 17.492 2.41516305987
4.975 -12.682 18.191 2.41516305987
2.489 -12.717 17.896 2.41516305987
7.538 -13.692 14.663 2.0
8.601 -13.126 15.616 1.74
7.843 -13.287 13.206 2.0
7.473 -15.017 11.401 1.86
6.692 -15.633 10.421 1.86
5.395 -15.176 10.18 1.86
8.888 -13.888 16.654 2.91219395265
11.428 -14.831 16.29 2.8243183199
9.678 -14.343 18.912 3.0287949135
9.83 -15.865 18.771 3.0287949135
8.645 -16.645 19.354 3.0287949135
8.907 -18.157 19.379 3.0287949135
7.654 -18.981 19.488 3.0287949135
12.285 -13.028 17.265 2.57572842164
13.61 -13.332 16.781 2.72232757201
14.22 -14.323 18.889 2.46178430194
15.926 -12.271 16.299 2.59344389372
16.702 -12.946 16.96 2.46178430194
16.285 -11.696 15.146 2.62109821036
14.575 -15.554 17.058 2.57572842164
15.05 -16.732 17.794 2.72232757201
16.296 -16.453 18.648 2.59344389372
16.564 -17.191 19.591 2.46178430194
15.302 -17.881 16.818 2.72232757201
16.355 -17.561 15.941 2.53400746709
17.06 -15.41 18.302 2.7203848681
18.27 -15.069 19.057 2.85287250891
17.979 -14.161 20.26 2.73628278469
18.897 -13.773 20.968 2.61895377264
19.317 -14.391 18.155 2.85287250891
19.836 -15.254 16.998 2.85287250891
21.349 -15.487 17.078 2.85287250891
21.841 -16.457 16.019 2.85287250891
23.264 -16.208 15.717 2.85287250891
16.727 -13.807 20.479 2.7203848681
16.779 -13.657 22.907 2.73628278469
16.337 -14.78 23.18 2.61895377264
14.92 -12.544 21.607 2.85287250891
13.65 -12.473 23.79 2.78727419845
13.247 -11.866 24.969 2.78727419845
13.291 -10.009 26.435 2.68307619189
18.099 -13.463 24.989 2.78912757715
19.611 -13.203 25.101 2.78912757715
20.26 -13.884 26.304 2.66677603688
19.67 -13.991 27.39 2.5427976846
21.479 -14.345 26.111 2.69295246139
16.522 -13.472 26.839 2.65003072421
15.715 -12.823 27.876 2.78912757715
15.947 -11.903 30.074 2.5427976846
14.509 -13.713 28.23 2.78912757715
14.878 -14.811 29.032 2.61066977765
17.82 -12.737 29.169 2.11633202144
18.644 -12.35 30.32 2.32485688748
19.449 -11.117 29.965 2.14243103283
19.614 -10.184 30.767 1.94074133197
19.617 -13.479 30.717 2.32485688748
19.026 -14.823 31.182 2.14243103283
20.154 -15.806 31.486 2.32485688748
18.167 -14.671 32.412 2.32485688748
20.758 -10.092 28.182 2.72232757201
19.936 -8.982 27.48 2.59344389372
20.329 -7.805 27.445 2.46178430194
21.734 -10.803 27.224 2.72232757201
22.697 -11.524 28.015 2.53400746709
22.443 -9.826 26.276 2.72232757201
17.337 -7.267 27.129 2.72232757201
17.056 -7.615 28.598 2.72232757201
15.96 -8.655 28.829 2.72232757201
21.348 -9.318 23.086 2.72232757201
23.017 -9.603 21.338 2.62109821036
18.639 -10.478 19.319 2.72232757201
20.146 -10.714 19.243 2.59344389372
20.849 -10.104 18.422 2.46178430194
20.642 -11.604 20.106 2.62109821036
8.658 -9.386 18.391 3.18635814682
9.238 -10.392 19.218 3.0526522229
7.257 -9.858 17.967 3.18635814682
1.338 -11.61 8.853 3.54436212661
1.736 -12.979 8.285 3.54436212661
1.078 -13.281 6.936 3.54436212661
1.319 -12.238 5.921 3.54436212661
-0.241 -8.774 10.575 2.57572842164
-2.404 -9.772 8.997 2.46178430194
-1.896 -6.969 10.433 2.72232757201
-4.731 -10.595 10.335 2.78912757715
-5.446 -9.856 9.246 2.66677603688
-5.676 -10.366 8.138 2.5427976846
-5.694 -10.951 11.483 2.78912757715
-6.979 -11.363 11.021 2.61066977765
-6.424 -7.696 8.744 2.97245262608
-7.735 -7.33 9.471 2.97245262608
-8.836 -8.064 8.897 2.81719981417
-8.015 -5.821 9.465 2.97245262608
-5.198 -6.167 7.226 2.11633202144
-4.247 -5.101 6.882 2.32485688748
-4.691 -3.736 7.379 2.14243103283
-5.875 -3.496 7.56 1.94074133197
-3.988 -5.059 5.369 2.32485688748
-4.093 -1.505 8.047 2.32485688748
-4.49 -0.662 6.833 2.14243103283
-3.943 -0.852 5.756 1.94074133197
-5.481 0.198 6.966 2.57572842164
-5.826 1.068 5.871 2.72232757201
-4.953 2.293 5.976 2.59344389372
-5.047 3.01 6.963 2.46178430194
-7.313 1.469 5.884 2.72232757201
-8.174 0.38 6.214 2.53400746709
-4.061 2.487 5.024 1.7
-3.915 4.896 4.696 1.74
-4.772 4.887 3.801 1.4
-1.944 3.38 4.14 2.0
0.436 2.61 4.097 1.86
1.547 1.94 4.613 1.86
-3.592 5.982 5.406 2.57572842164
-4.248 7.261 5.226 2.72232757201
-3.352 8.417 5.654 2.59344389372
-2.143 8.246 5.77 2.46178430194
-5.516 7.28 6.062 2.72232757201
-5.174 7.185 7.423 2.53400746709
-3.946 9.593 5.886 2.32219197539
-3.214 10.764 6.369 2.49917816808
-2.519 10.501 7.688 2.34393302806
-1.414 11.017 7.92 2.17953443166
-4.159 11.945 6.537 2.49917816808
-3.815 13.167 5.707 2.49917816808
-4.73 13.35 4.499 2.34393302806
-5.749 12.659 4.341 2.17953443166
-4.367 14.284 3.643 2.37766287277
-3.16 9.686 8.535 2.65003072421
-1.573 7.659 11.131 2.5427976846
-3.79 9.558 10.911 2.78912757715
-4.914 8.739 10.535 2.61066977765
-4.219 11.029 11.024 2.78912757715
-2.196 7.122 9.06 2.41269401738
-1.291 5.479 6.848 2.28148428923
-2.275 3.313 9.349 2.57789518755
-3.59 5.025 10.632 2.57789518755
2.683 4.299 7.67 3.09401308242
1.78 6.187 6.198 3.18635814682
2.063 7.361 6.956 3.0526522229
3.621 3.925 6.821 2.41269401738
4.788 3.16 7.279 2.57789518755
6.317 4.945 6.646 2.28148428923
4.985 1.98 6.367 2.57789518755
8.944 2.167 7.147 3.39902103994
11.392 3.262 6.363 2.0
12.229 4.307 5.638 2.0
11.323 5.219 4.359 1.8
12.891 1.359 6.485 2.22402568616
15.221 0.692 6.515 2.24769809506
15.333 0.91 5.299 2.06703446881
13.451 -0.999 6.959 2.41516305987
12.204 -1.486 7.681 2.24769809506
11.81 -2.834 7.136 2.41516305987
17.617 0.83 6.824 3.08311555793
18.178 -0.499 6.356 2.98417189675
17.533 -1.524 6.516 2.88653560143
18.354 1.326 8.056 3.08311555793
17.7 0.563 9.19 3.08311555793
19.332 -0.485 5.718 2.85110369563
19.965 -1.73 5.344 2.97245262608
20.621 -1.659 3.953 2.97245262608
21.827 -0.896 3.959 2.81719981417
21.477 -3.287 6.405 2.22402568616
22.448 -3.692 7.398 2.41516305987
23.742 -2.875 7.323 2.24769809506
24.456 -2.72 8.309 2.06703446881
22.757 -5.172 7.234 2.41516305987
23.992 -2.317 6.142 2.57572842164
25.227 -1.573 5.864 2.72232757201
25.18 -0.044 6.145 2.59344389372
26.224 0.585 6.125 2.46178430194
25.648 -1.791 4.421 2.72232757201
24.769 -1.116 3.552 2.53400746709
24.025 0.559 6.349 2.65003072421
24.073 2.012 6.588 2.78912757715
24.616 2.374 7.954 2.66677603688
24.552 1.603 8.924 2.5427976846
22.714 2.827 6.345 2.78912757715
21.531 1.995 5.831 2.66677603688
20.745 2.559 5.026 2.5427976846
25.132 3.584 8.011 2.65003072421
25.707 4.133 9.218 2.78912757715
24.985 5.357 9.716 2.66677603688
24.739 6.326 8.98 2.5427976846
27.175 4.479 9.037 2.78912757715
27.932 4.283 10.319 2.66677603688
27.793 5.131 11.237 2.5427976846
28.658 3.28 10.404 2.5427976846
24.619 5.285 10.966 1.7
24.037 6.381 11.659 2.0
25.161 6.016 13.749 1.4
22.644 6.009 12.201 2.0
20.912 6.691 10.475 1.86
21.52 4.384 10.646 1.86
20.022 6.379 9.448 1.86
20.633 4.057 9.619 1.86
19.878 5.06 9.015 1.86
25.801 7.748 12.447 1.99639670258
26.931 8.168 13.273 2.22693058289
26.515 8.756 14.603 2.02565795104
25.434 9.348 14.744 1.79544509739
27.751 9.176 12.505 2.22693058289
27.384 8.563 15.578 1.99639670258
27.159 9.131 16.882 2.22693058289
27.069 10.629 16.728 2.02565795104
27.797 11.203 15.904 1.79544509739
28.281 8.741 17.855 2.22693058289
26.168 11.252 17.462 2.41269401738
25.982 12.679 17.35 2.57789518755
24.753 13.01 16.511 2.43285482807
24.177 14.095 16.655 2.28148428923
24.338 12.091 15.63 2.22402568616
23.143 12.306 14.808 2.41516305987
22.848 11.067 13.943 2.41516305987
23.972 10.808 13.08 2.16754538317
21.602 11.264 13.068 2.41516305987
21.154 13.619 15.313 2.22402568616
19.967 13.952 16.079 2.41516305987
18.794 13.159 15.547 2.24769809506
18.474 13.212 14.349 2.06703446881
19.683 15.466 16.04 2.41516305987
20.743 16.163 16.72 2.16754538317
18.356 15.809 16.734 2.41516305987
17.058 11.537 16.115 2.0
15.857 11.845 17.019 1.74
11.122 12.135 17.37 2.97245262608
12.982 13.492 16.417 2.97245262608
12.485 8.903 22.168 4.32767651728
3.412 6.585 26.854 2.8655882766
2.632 6.322 27.78 2.75923199067
1.535 6.316 25.236 2.97245262608
-0.029 6.015 20.095 2.91219147086
5.37 6.073 28.241 2.97245262608
5.29 7.18 29.283 2.8655882766
5.605 6.86 30.545 2.22402568616
5.56 7.853 31.626 2.41516305987
5.448 5.967 33.478 2.24769809506
6.258 5.473 34.648 2.41516305987
4.017 6.182 33.906 2.41516305987
7.364 11.935 32.783 2.66677603688
8.147 12.898 32.764 2.5427976846
5.495 12.662 31.254 2.78912757715
4.575 12.768 32.347 2.61066977765
4.722 12.367 29.959 2.78912757715
7.845 11.288 35.14 2.78912757715
6.999 12.062 36.17 2.78912757715
7.391 13.523 36.429 2.78912757715
6.666 14.11 37.651 2.78912757715
7.593 14.345 38.765 2.65003072421
7.248 14.974 39.897 2.66677603688
6.012 15.44 40.091 2.69295246139
8.157 15.145 40.857 2.69295246139
9.11 9.516 36.261 2.57572842164
7.906 8.896 38.66 2.46178430194
10.611 7.867 37.394 2.72232757201
10.617 5.324 37.247 2.65002772709
10.788 6.324 39.392 2.65002772709
10.672 4.052 37.814 2.65002772709
10.786 3.92 39.189 2.59344389372
10.844 2.673 39.792 2.53400746709
7.562 6.877 37.98 2.46178430194
-1.476 10.136 38.269 2.22402568616
-0.628 9.224 37.528 2.41516305987
0.277 10.008 36.598 2.24769809506
-0.041 11.138 36.26 2.06703446881
-1.499 8.227 36.747 2.41516305987
1.401 9.402 36.198 2.41269401738
2.384 10.049 35.321 2.57789518755
2.259 9.604 33.858 2.43285482807
3.154 9.832 33.031 2.28148428923
3.805 9.772 35.843 2.57789518755
3.775 11.585 37.437 2.28148428923
4.655 9.626 38.124 2.46421089331
1.126 8.965 33.552 2.41269401738
0.836 8.467 32.203 2.57789518755
0.154 9.529 31.329 2.43285482807
-0.899 10.082 31.681 2.28148428923
-0.048 7.229 32.293 2.57789518755
-1.255 7.573 32.971 2.36497245057
0.659 6.09 33.045 2.57789518755
0.753 9.83 30.19 2.85110369563
0.191 10.825 29.283 2.97245262608
-0.91 10.19 28.427 2.8655882766
-0.805 9.024 28.076 2.75923199067
1.404 11.223 28.424 2.97245262608
2.036 9.278 29.705 2.97245262608
-1.986 10.93 28.133 3.46048228099
-3.028 10.398 27.252 3.54436212661
-4.392 11.078 27.476 3.54436212661
-5.073 10.71 28.794 3.47033660994
-4.508 9.929 29.601 3.39902103994
-6.196 11.221 29.015 3.39902103994
-1.869 11.71 25.613 2.49687256947
-1.428 12.152 24.288 2.65207782941
0.894 11.706 24.822 2.37505611705
-1.61 13.676 24.192 2.65207782941
-3.086 14.096 24.253 2.65207782941
-3.35 15.608 24.248 2.65207782941
-3.913 16.053 25.53 2.49687256947
-3.721 17.284 26.01 2.51571213812
-3.006 18.168 25.343 2.54507232427
-4.248 17.635 27.169 2.54507232427
1.457 10.539 20.728 2.97245262608
2.512 9.863 18.57 2.97245262608
5.374 12.273 24.617 2.41516305987
4.262 12.46 25.652 2.41516305987
3.927 13.923 25.924 2.24769809506
4.777 14.679 26.37 2.06703446881
2.68 14.321 25.654 2.28430885786
9.261 13.663 21.875 2.24769809506
9.088 14.519 22.731 2.06703446881
7.473 15.147 19.984 2.41516305987
7.268 15.831 18.635 2.24769809506
6.535 15.355 17.782 2.06703446881
7.931 16.958 18.46 2.28430885786
11.653 13.892 22.018 2.97245262608
12.062 13.272 23.364 2.97245262608
13.583 14.785 20.91 2.65003072421
15.938 14.398 20.925 2.66677603688
16.002 14.816 22.07 2.5427976846
14.991 16.147 19.435 2.78912757715
14.038 16.382 18.426 2.61066977765
16.835 13.584 20.4 2.41269401738
17.972 13.137 21.179 2.57789518755
19.105 12.606 20.304 2.43285482807
16.842 9.828 22.954 2.57789518755
20.348 12.712 20.774 2.97082338406
21.482 12.275 19.959 3.08311555793
22.638 13.112 20.488 3.08311555793
22.281 13.341 21.944 3.08311555793
20.767 13.319 22.058 3.08311555793
24.819 9.905 19.702 1.79544509739
22.863 8.227 17.696 2.22693058289
21.911 7.581 15.477 2.22693058289
25.779 7.711 21.196 2.22693058289
26.617 6.631 20.56 2.02565795104
26.078 5.723 19.943 1.79544509739
25.578 7.318 22.665 2.22693058289
25.17 8.376 23.708 2.02565795104
23.725 8.769 23.555 2.22693058289
25.4 7.813 25.084 2.22693058289
27.925 6.69 20.709 2.65003072421
28.747 5.602 20.247 2.78912757715
28.726 4.522 21.307 2.66677603688
30.185 6.058 19.95 2.78912757715
30.319 6.381 18.586 2.61066977765
28.777 3.245 20.912 2.41269401738
28.731 2.16 21.899 2.57789518755
29.815 2.378 22.961 2.43285482807
28.93 0.781 21.243 2.57789518755
27.722 0.286 20.443 2.43285482807
27.869 -0.599 19.593 2.28148428923
26.532 0.841 20.7 2.46421089331
30.982 2.863 22.522 2.41269401738
32.108 3.137 23.414 2.57789518755
31.693 4.099 24.546 2.43285482807
31.86 3.769 25.728 2.28148428923
33.283 3.69 22.583 2.57789518755
33.763 2.654 21.721 2.36497245057
34.449 4.168 23.46 2.57789518755
30.635 6.208 25.218 2.72232757201
29.313 5.899 27.185 2.46178430194
30.128 7.504 24.601 2.72232757201
31.042 8.076 23.55 2.59344389372
30.824 7.867 22.349 2.46178430194
32.07 8.808 23.991 2.62109821036
26.672 3.407 25.107 2.0
30.294 2.303 28.962 2.43285482807
30.443 1.681 30.003 2.28148428923
30.896 0.832 26.989 2.57789518755
30.372 -0.421 26.284 2.57789518755
31.434 -1.136 25.484 2.57789518755
30.795 -2.152 24.57 2.57789518755
31.784 -2.929 23.798 2.57789518755
30.571 3.606 28.842 2.41269401738
31.003 4.411 29.97 2.57789518755
29.979 4.3 31.079 2.43285482807
30.315 4.278 32.272 2.28148428923
31.126 5.896 29.583 2.57789518755
32.433 6.315 28.962 2.57789518755
32.482 7.817 28.874 2.57789518755
33.907 8.371 28.775 2.57789518755
33.947 9.76 29.268 2.57789518755
27.548 4.187 31.557 2.57789518755
27.148 2.766 31.919 2.43285482807
27.1 2.41 33.104 2.28148428923
26.319 4.873 30.936 2.57789518755
26.49 6.345 30.567 2.43285482807
27.006 6.718 29.329 2.49686919338
26.123 7.364 31.448 2.49686919338
27.156 8.045 28.987 2.49686919338
26.272 8.71 31.108 2.49686919338
26.795 9.034 29.864 2.43285482807
26.962 10.335 29.481 2.36497245057
26.274 0.613 31.044 2.49917816808
27.315 -0.514 31.007 2.34393302806
26.991 -1.645 31.4 2.17953443166
23.061 1.157 31.085 2.34393302806
22.079 2.128 30.789 2.34393302806
22.925 0.377 32.24 2.41269040159
20.978 2.342 31.601 2.41269040159
21.828 0.587 33.053 2.41269040159
20.867 1.563 32.729 2.41269040159
28.495 -0.228 30.489 2.41269401738
29.587 -1.19 30.387 2.57789518755
29.273 -2.435 29.588 2.43285482807
28.813 -2.38 28.437 2.28148428923
29.543 -3.564 30.254 2.41269401738
29.435 -4.932 29.729 2.57789518755
28.03 -5.309 29.192 2.43285482807
27.895 -6.25 28.398 2.28148428923
29.887 -5.863 30.84 2.57789518755
31.21 -5.474 31.231 2.36497245057
29.868 -7.336 30.416 2.57789518755
26.995 -4.576 29.606 2.85110369563
25.607 -4.855 29.213 2.97245262608
24.331 -5.035 27.18 2.75923199067
24.657 -4.079 30.108 2.97245262608
24.599 -4.638 31.507 2.97245262608
23.868 -3.729 32.458 2.97245262608
23.996 -4.259 33.864 2.97245262608
25.4 -4.189 34.309 2.97245262608
26.105 -3.637 27.149 2.41269401738
26.46 -4.217 24.754 2.43285482807
27.684 -4.409 24.657 2.28148428923
26.105 -1.356 24.071 2.57789518755
25.877 -5.838 23.017 2.97245262608
25.895 -5.194 21.625 2.8655882766
25.484 -4.039 21.437 2.75923199067
24.833 -6.967 23.061 2.97245262608
25.125 -8.119 24.031 2.97245262608
25.305 -7.655 25.483 2.97245262608
25.788 -8.83 26.34 2.97245262608
26.707 -8.421 27.45 2.97245262608
26.376 -5.956 20.661 3.18494045613
26.473 -5.516 19.283 3.28331166428
25.117 -5.106 18.689 3.19656430018
25.043 -4.133 17.949 3.11200838625
27.146 -6.601 18.456 3.28331166428
28.612 -6.736 18.79 3.19656430018
28.941 -7.034 19.966 3.11200838625
29.46 -6.548 17.903 3.11200838625
24.049 -5.828 19.021 2.57572842164
22.727 -5.492 18.485 2.72232757201
21.881 -6.768 18.358 2.72232757201
23.95 -1.131 19.774 2.75923199067
21.73 -5.915 24.688 2.97245262608
22.661 3.072 18.42 2.72232757201
20.536 1.737 18.567 2.72232757201
22.554 3.524 16.963 2.72232757201
22.694 3.141 21.671 1.7
23.232 4.159 23.847 2.0
23.75 2.535 24.458 1.8
19.758 7.623 24.779 3.39902103994
19.986 10.436 24.83 2.97245262608
22.156 11.352 25.396 2.75923199067
20.726 10.827 27.088 2.22402568616
21.572 11.316 28.182 2.41516305987
21.766 12.805 28.016 2.24769809506
22.687 13.415 28.586 2.06703446881
22.918 10.577 28.213 2.41516305987
20.906 14.801 26.869 2.78912757715
19.763 15.628 27.471 2.66677603688
19.535 16.768 27.043 2.5427976846
20.829 14.9 25.363 2.78912757715
19.683 14.216 24.911 2.61066977765
19.036 15.065 28.445 2.41269401738
17.96 15.79 29.109 2.57789518755
16.572 15.221 28.844 2.43285482807
15.556 15.831 29.142 2.28148428923
15.532 11.856 28.254 2.24769809506
16.685 11.423 28.392 2.06703446881
14.827 13.553 26.53 2.41516305987
14.496 15.032 26.274 2.41516305987
15.857 13.074 25.511 2.41516305987
14.454 11.102 28.368 2.22402568616
14.556 9.685 28.652 2.41516305987
13.302 8.922 28.269 2.24769809506
14.807 9.474 30.143 2.41516305987
14.965 8.098 30.473 2.16754538317
13.454 7.757 27.659 2.22402568616
12.309 6.925 27.419 2.41516305987
11.937 6.36 28.771 2.24769809506
12.81 6.222 29.631 2.06703446881
12.613 5.779 26.435 2.41516305987
13.016 6.252 25.152 2.16754538317
10.666 6.09 29.004 1.7
10.259 5.589 30.309 2.0
9.228 4.485 30.19 1.74
8.774 4.177 29.098 1.4
8.865 3.874 31.301 2.11633202144
7.905 2.788 31.311 2.32485688748
6.68 3.057 30.428 2.14243103283
5.922 4.017 30.634 1.94074133197
7.512 2.468 32.746 2.32485688748
8.338 1.351 33.326 2.32485688748
9.03 1.709 34.948 2.18262886222
10.421 2.721 34.538 2.32485688748
6.524 2.194 29.437 2.57572842164
5.44 2.28 28.477 2.72232757201
5.94 2.648 27.086 2.59344389372
7.206 3.069 26.98 4.85576143625
8.854 4.523 25.882 4.89901657786
8.558 1.166 25.645 3.08160126066
8.867 -1.215 26.113 3.18635814682
9.922 -1.265 27.045 3.0526522229
16.368 9.322 12.014 2.0
16.01 9.639 10.578 1.74
15.532 8.773 9.83 1.4
17.801 8.799 12.073 2.0
16.195 10.891 10.205 2.32219197539
15.887 11.292 8.848 2.49917816808
17.059 10.961 7.929 2.34393302806
18.234 11.187 8.254 2.17953443166
15.533 12.79 8.774 2.49917816808
14.195 13.048 8.071 2.49917816808
13.687 14.473 8.289 2.49917816808
12.876 14.939 7.085 2.49917816808
12.547 16.384 7.205 2.49917816808
16.727 10.382 6.794 2.32219197539
17.713 10.061 5.78 2.49917816808
17.103 10.262 4.41 2.34393302806
16.035 9.704 4.115 2.17953443166
18.224 8.615 5.899 2.49917816808
19.727 8.492 5.625 2.49917816808
20.056 7.467 4.534 2.49917816808
21.447 7.742 3.95 2.49917816808
22.568 7.229 4.806 2.49917816808
17.775 11.085 3.598 2.41269401738
17.335 11.383 2.25 2.57789518755
15.872 11.852 2.269 2.43285482807
15.04 11.426 1.454 2.28148428923
17.529 10.149 1.35 2.57789518755
18.915 10.092 0.71 2.43285482807
19.871 10.736 1.164 2.28148428923
19.031 9.319 -0.352 2.46421089331
15.585 12.72 3.234 2.41269401738
14.273 13.343 3.386 2.57789518755
13.22 12.449 4.031 2.43285482807
12.118 12.909 4.297 2.28148428923
12.555 10.283 4.892 2.72232757201
14.184 9.504 6.513 2.46178430194
12.243 9.163 3.924 2.72232757201
10.184 11.613 8.89 2.72038202399
10.371 12.867 9.409 2.65003072421
11.78 13.803 11.255 2.72038202399
13.109 12.091 12.366 2.72038202399
12.693 13.427 12.212 2.72038202399
15.417 5.508 8.318 3.18635814682
15.304 6.076 7.013 3.0526522229
15.884 4.048 8.223 3.18635814682
17.177 3.117 13.567 2.41516305987
18.12 1.465 15.072 2.06703446881
19.373 4.214 14.268 2.41516305987
18.068 5.072 12.308 2.41516305987
12.956 1.17 22.647 2.41516305987
11.983 2.182 24.765 2.41516305987
14.28 -0.425 23.945 3.08160126066
14.638 -1.645 26.106 3.09401308242
13.871 -2.34 26.787 3.00350354728
15.559 -0.871 26.652 2.11633202144
15.71 -0.726 28.104 2.32485688748
16.526 0.534 28.418 2.14243103283
17.033 1.175 27.51 1.94074133197
16.329 -2.001 28.751 2.32485688748
17.886 -3.283 27.115 2.22402143089
18.957 -2.103 28.68 2.14243103283
19.243 -3.465 26.913 2.11633202144
19.917 -2.75 27.862 2.14243103283
19.399 -1.307 29.73 2.22402143089
21.298 -2.616 28.071 2.22402143089
20.75 -1.175 29.937 2.22402143089
21.692 -1.824 29.114 2.22402143089
16.628 0.909 29.68 2.41269401738
17.366 2.11 30.028 2.57789518755
17.379 2.339 31.528 2.43285482807
17.175 1.4 32.286 2.28148428923
17.584 3.576 31.952 2.22402568616
17.659 3.923 33.377 2.41516305987
16.5 3.363 34.212 2.24769809506
15.319 3.46 33.835 2.06703446881
17.741 5.44 33.559 2.41516305987
17.594 5.776 34.937 2.16754538317
16.871 2.797 35.368 2.22402568616
15.931 2.256 36.356 2.41516305987
14.899 3.284 36.728 2.24769809506
13.711 2.994 36.94 2.06703446881
16.69 1.875 37.615 2.41516305987
17.38 0.643 37.496 2.16754538317
15.362 4.501 36.804 2.65003072421
13.656 7.666 36.385 2.5427976846
15.371 6.177 38.488 2.78912757715
15.013 5.432 39.667 2.61066977765
15.099 7.674 38.691 2.78912757715
14.379 7.023 33.728 2.0
15.116 8.343 33.825 1.74
14.617 9.399 33.412 1.4
12.88 7.306 33.507 2.0
11.774 5.846 33.488 1.8
17.152 9.433 34.564 2.97245262608
17.745 9.284 32.257 2.75923199067
18.463 9.049 35.238 2.97245262608
19.344 10.16 35.263 2.81719981417
17.285 11.349 33.084 2.57572842164
17.513 12.036 31.822 2.72232757201
19.008 12.265 31.561 2.59344389372
19.373 12.871 30.564 2.46178430194
17.332 14.315 32.7 2.53400746709
15.264 13.187 32.098 2.72232757201
19.866 11.794 32.455 2.57572842164
21.306 11.947 32.256 2.72232757201
21.957 10.605 31.906 2.59344389372
23.183 10.511 31.742 2.46178430194
21.971 12.576 33.495 2.72232757201
21.543 11.963 34.71 2.53400746709
21.532 8.212 31.469 2.78912757715
19.775 8.002 29.842 2.5427976846
21.049 7.261 32.565 2.78912757715
21.511 7.742 33.826 2.61066977765
21.56 5.831 32.341 2.78912757715
21.335 6.955 27.901 3.54436212661
20.414 5.755 27.921 3.47033660994
20.547 4.85 28.759 3.39902103994
19.448 5.799 27.025 2.85110369563
18.535 4.713 26.838 2.97245262608
18.737 2.475 25.978 2.85110369563
16.997 0.888 24.498 2.75923199067
15.627 3.353 21.516 3.02722347308
17.382 4.961 22.914 3.02722347308
15.176 4.492 22.125 3.02722347308
16.037 5.295 22.82 2.98417189675
15.541 6.422 23.411 2.93964069245
22.214 -1.056 15.739 2.97245262608
23.698 -1.403 15.745 2.97245262608
24.375 -0.834 16.917 2.85110369563
25.015 0.337 16.878 2.8655882766
25.068 1.053 15.754 2.88830125379
25.607 0.798 17.967 2.88830125379
18.426 -1.729 14.814 2.85110369563
16.663 -1.332 13.148 2.97245262608
19.731 -1.931 12.366 2.57572842164
21.322 -3.588 11.51 2.59344389372
21.443 -4.353 10.537 2.46178430194
21.737 -0.979 11.447 2.72232757201
21.633 -0.122 10.293 2.53400746709
23.182 -1.47 11.649 2.72232757201
22.023 -5.36 13.111 2.57789518755
20.96 -6.469 12.985 2.43285482807
21.31 -7.659 12.946 2.28148428923
22.531 -5.337 14.528 2.57789518755
18.54 -7.035 12.925 2.72232757201
17.731 -7.007 11.641 2.59344389372
19.011 -8.05 15.696 2.72232757201
18.021 -6.081 10.745 2.41269401738
17.302 -6.974 8.47 2.43285482807
18.832 -4.389 8.288 2.57789518755
16.325 -4.039 8.046 2.57789518755
18.409 -7.71 8.436 2.41269401738
18.521 -8.797 7.488 2.57789518755
17.476 -9.861 7.827 2.43285482807
16.749 -10.374 6.963 2.28148428923
19.945 -9.382 7.483 2.57789518755
20.917 -8.59 6.61 2.43285482807
20.512 -7.771 5.797 2.28148428923
22.212 -8.834 6.777 2.46421089331
17.371 -10.159 9.122 2.41269401738
16.378 -11.1 9.61 2.57789518755
14.099 -11.368 8.929 2.28148428923
16.546 -11.354 11.118 2.57789518755
15.161 -13.469 11.694 2.49686919338
13.983 -13.767 12.356 2.41269401738
12.261 -12.367 13.536 2.49686919338
13.763 -8.743 5.305 2.22693058289
13.584 -10.207 4.874 2.02565795104
12.711 -10.505 4.072 1.79544509739
14.907 -8.056 4.535 2.22693058289
15.045 -6.549 4.8 2.22693058289
13.944 -5.697 4.173 2.02565795104
12.895 -6.197 3.738 1.79544509739
14.176 -4.391 4.121 2.07047405937
14.404 -11.122 5.393 1.99639670258
14.225 -12.539 5.062 2.22693058289
12.851 -13.041 5.524 2.02565795104
12.198 -13.793 4.812 1.79544509739
15.354 -13.395 5.664 2.22693058289
16.734 -13.014 5.143 2.22693058289
17.862 -13.803 5.787 2.02565795104
17.93 -13.959 7.012 1.79544509739
18.757 -14.304 4.953 2.07047405937
12.421 -12.63 6.723 2.65003072421
11.108 -13.037 7.234 2.78912757715
10.92 -12.589 8.697 2.78912757715
11.954 -13.176 9.508 2.61066977765
9.559 -13.031 9.25 2.78912757715
9.032 -10.639 5.082 2.41516305987
9.013 -11.354 3.724 2.24769809506
7.949 -11.654 3.195 2.06703446881
9.24 -9.133 4.84 2.41516305987
9.741 -6.82 5.579 2.41516305987
8.259 -8.207 7.007 2.41516305987
10.195 -11.615 3.153 1.99639670258
10.308 -12.265 1.844 2.22693058289
9.691 -13.662 1.811 2.02565795104
9.366 -14.172 0.73 1.79544509739
11.763 -12.345 1.413 2.22693058289
8.986 -15.645 2.998 2.22693058289
7.526 -15.735 3.48 2.02565795104
6.938 -16.812 3.399 1.79544509739
9.864 -16.491 3.882 2.22693058289
6.933 -14.613 3.924 2.32219197539
5.578 -14.678 4.521 2.49917816808
4.56 -13.66 3.995 2.34393302806
4.91 -12.501 3.736 2.17953443166
5.676 -14.514 6.023 2.49917816808
6.443 -15.623 6.689 2.34393302806
5.863 -16.651 7.034 2.17953443166
7.751 -15.422 6.873 2.37766287277
3.363 -13.99 3.984 2.17953443166
