avg1wrtNoHeHR_shell
20.
0.010
23788.5
0.741
1.0
1.E-8
2603
14.46 -14.683 49.198 1.99639670258
15.23 -13.572 49.81 2.22693058289
17.582 -13.127 49.941 1.79544509739
15.257 -13.74 51.337 2.22693058289
13.968 -13.158 51.924 2.22693058289
13.913 -13.45 53.426 2.02565795104
12.807 -13.212 54.078 2.07047405937
14.876 -13.892 54.02 1.79544509739
14.758 -12.633 49.536 1.68355989822
15.329 -14.786 51.586 1.68355989822
16.109 -13.218 51.75 1.68355989822
13.943 -12.09 51.767 1.68355989822
13.112 -13.606 51.441 1.68355989822
12.026 -12.851 53.606 1.68355989822
12.755 -13.397 55.04 1.68355989822
15.106 -15.298 48.664 1.68355989822
13.992 -15.235 49.945 1.68355989822
13.742 -14.292 48.555 1.68355989822
16.829 -14.055 48.073 2.32219197539
18.191 -14.09 47.47 2.49917816808
20.042 -14.156 48.986 2.17953443166
18.653 -12.641 47.265 2.49917816808
19.842 -12.762 46.5 2.27055054127
16.06 -14.401 47.574 2.10577365931
18.143 -14.606 46.518 2.10577365931
17.911 -12.077 46.717 2.10577365931
18.863 -12.169 48.212 2.10577365931
19.1 -16.097 48.461 2.41269401738
20.01 -16.895 49.298 2.57789518755
22.353 -17.383 49.305 2.28148428923
19.381 -18.3 49.319 2.57789518755
18.178 -18.293 48.342 2.57789518755
18.059 -16.875 47.763 2.57789518755
20.069 -16.472 50.292 2.21447173442
20.108 -19.033 49.003 2.21447173442
19.043 -18.537 50.319 2.21447173442
17.273 -18.551 48.87 2.21447173442
18.251 -16.889 46.701 2.21447173442
17.082 -16.458 47.964 2.21447173442
21.486 -16.577 47.429 2.11633202144
22.798 -16.618 46.734 2.32485688748
23.776 -15.583 44.815 1.94074133197
23.043 -18.061 46.281 2.32485688748
24.548 -18.315 46.163 2.14243103283
25.306 -18.578 47.285 2.22402143089
25.164 -18.298 44.927 2.22402143089
26.66 -18.822 47.175 2.22402143089
26.517 -18.543 44.818 2.22402143089
27.277 -18.806 45.94 2.14243103283
28.631 -19.051 45.827 2.05369213118
20.689 -16.255 46.96 1.84630452267
23.576 -16.284 47.412 1.84630452267
22.623 -18.747 47.001 1.84630452267
22.579 -18.225 45.318 1.84630452267
24.835 -18.597 48.256 1.84630452267
24.584 -18.088 44.041 1.84630452267
27.241 -19.03 48.061 1.84630452267
26.987 -18.531 43.845 1.84630452267
28.796 -19.415 44.954 1.84630452267
21.653 -15.116 45.245 2.32219197539
21.556 -14.222 44.06 2.49917816808
21.791 -12.106 45.147 2.17953443166
20.074 -13.976 43.76 2.49917816808
19.953 -14.268 42.375 2.27055054127
22.044 -14.703 43.219 2.10577365931
19.451 -14.641 44.338 2.10577365931
19.808 -12.948 43.952 2.10577365931
20.718 -13.9 41.926 2.10577365931
23.298 -12.633 43.607 1.86000608385
24.029 -11.351 43.787 2.11953941158
24.846 -11.61 41.56 1.62182580604
25.236 -11.602 44.702 2.11953941158
23.614 -13.291 42.954 1.48123575012
23.359 -10.617 44.221 1.48123575012
25.581 -12.618 44.581 1.48123575012
26.033 -10.919 44.447 1.48123575012
24.952 -11.445 45.733 1.48123575012
24.597 -9.541 42.303 1.86000608385
25.08 -8.975 41.017 2.11953941158
27.249 -9.001 42.017 1.62182580604
24.538 -7.546 40.88 2.11953941158
24.338 -8.95 43.04 1.48123575012
24.729 -9.602 40.203 1.48123575012
23.69 -7.413 41.535 1.48123575012
25.307 -6.837 41.147 1.48123575012
24.231 -7.369 39.859 1.48123575012
27.157 -8.812 39.813 1.86000608385
28.64 -8.76 39.705 2.11953941158
16.608 -3.479 36.197 1.89360203896
30.049 -6.965 40.42 1.62182580604
29.049 -9.41 38.376 2.11953941158
29.954 -10.611 38.66 2.11953941158
29.207 -12.035 39.49 1.94464180074
30.465 -12.233 40.776 2.11953941158
26.601 -8.758 39.008 1.48123575012
29.075 -9.288 40.547 1.48123575012
28.168 -9.739 37.848 1.48123575012
29.579 -8.691 37.769 1.48123575012
30.359 -10.956 37.721 1.48123575012
30.78 -10.275 39.27 1.48123575012
31.433 -12.365 40.316 1.48123575012
30.48 -11.353 41.402 1.48123575012
30.231 -13.099 41.379 1.48123575012
28.466 -6.5 38.939 1.99639670258
28.849 -5.068 38.879 2.22693058289
17.557 -3.429 34.506 2.02565795104
27.761 -3.048 38.206 1.79544509739
29.922 -4.896 37.799 2.22693058289
27.722 -6.831 38.394 1.68355989822
29.217 -4.756 39.85 1.68355989822
30.003 -5.802 37.216 1.68355989822
29.654 -4.078 37.147 1.68355989822
30.875 -4.684 38.263 1.68355989822
26.484 -4.838 38.522 2.78727690768
25.242 -4.099 38.171 2.91388939885
18.609 -3.366 33.201 2.80242708673
26.201 -3.822 35.998 2.69092106381
24.999 -3.01 39.228 2.91388939885
25.033 -3.641 40.623 2.91388939885
24.744 -2.565 41.673 2.80242708673
24.366 -1.485 41.25 2.69092106381
24.92 -2.883 42.838 2.69092106381
26.441 -5.788 38.76 2.64331341772
24.413 -4.802 38.146 2.64331341772
25.765 -2.253 39.154 2.64331341772
24.034 -2.554 39.062 2.64331341772
24.285 -4.417 40.696 2.64331341772
26.008 -4.069 40.81 2.64331341772
24.543 -2.461 36.552 1.99639670258
24.596 -1.756 35.24 2.22693058289
19.119 -2.644 30.909 2.02565795104
24.578 -3.943 34.268 1.79544509739
25.892 -0.941 35.182 2.22693058289
25.563 0.54 35.387 2.22693058289
24.948 0.732 36.775 2.02565795104
24.661 1.94 37.176 2.07047405937
24.721 -0.216 37.502 1.79544509739
23.889 -2.189 37.228 1.68355989822
23.73 -1.108 35.158 1.68355989822
26.565 -1.275 35.958 1.68355989822
26.364 -1.078 34.22 1.68355989822
26.465 1.127 35.315 1.68355989822
24.861 0.867 34.633 1.68355989822
24.84 2.706 36.592 1.68355989822
24.269 2.08 38.063 1.68355989822
24.583 -2.217 32.873 2.11633202144
24.573 -3.111 31.686 2.32485688748
20.695 -2.027 29.245 2.14243103283
23.114 -3.451 31.352 2.32485688748
23.039 -4.895 30.854 2.32485688748
21.745 -5.083 30.061 2.32485688748
20.709 -4.155 30.597 2.11633202144
19.7 -3.825 29.842 2.14243103283
19.525 -4.459 28.716 2.18262886222
18.904 -2.868 30.234 2.18262886222
24.588 -1.244 32.761 1.84630452267
25.132 -4.011 31.921 1.84630452267
22.507 -3.343 32.24 1.84630452267
23.889 -5.107 30.223 1.84630452267
23.047 -5.57 31.699 1.84630452267
21.916 -4.864 29.018 1.84630452267
21.397 -6.102 30.161 1.84630452267
20.786 -3.801 31.507 1.84630452267
20.161 -5.184 28.448 1.84630452267
18.758 -4.222 28.122 1.84630452267
18.123 -2.604 29.67 1.84630452267
25.398 -1.138 30.566 2.41269401738
26.023 -0.396 29.432 2.57789518755
23.719 -0.871 28.359 2.43285482807
26.532 0.952 29.964 2.57789518755
26.144 2.071 28.993 2.43285482807
25.327 3.173 29.185 2.49686919338
26.537 2.162 27.789 2.33822562908
26.041 3.201 27.229 2.49686919338
25.265 3.892 28.05 2.41269401738
25.118 -0.657 31.374 2.21447173442
26.093 1.153 30.93 2.21447173442
27.608 0.923 30.062 2.21447173442
24.822 3.42 30.107 2.21447173442
26.232 3.481 26.204 2.21447173442
29.003 -2.746 29.221 2.32485688748
25.799 -3.769 29.078 2.14243103283
29.414 -3.289 26.93 1.94074133197
29.323 -3.826 30.268 2.32485688748
29.267 -3.22 31.678 2.32485688748
30.117 -1.949 31.729 2.14243103283
31.416 -2.054 31.712 2.18262886222
29.605 -0.847 31.791 1.94074133197
29.85 -2.082 29.081 1.84630452267
28.601 -4.626 30.194 1.84630452267
30.311 -4.224 30.087 1.84630452267
28.248 -2.978 31.933 1.84630452267
29.651 -3.932 32.393 1.84630452267
31.835 -2.939 31.666 1.84630452267
31.976 -1.25 31.747 1.84630452267
27.62 -4.186 27.869 2.85110369563
27.241 -4.904 26.617 2.97245262608
25.768 -5.273 25.739 2.8655882766
25.831 -5.486 26.813 2.97245262608
25.744 -6.835 26.098 2.97245262608
26.086 -6.654 24.618 2.8655882766
27.271 -6.569 24.341 2.75923199067
25.142 -6.615 23.847 2.75923199067
27.066 -4.274 28.673 2.7140117378
27.958 -5.7 26.452 2.7140117378
25.644 -5.626 27.867 2.7140117378
25.089 -4.816 26.412 2.7140117378
26.442 -7.528 26.542 2.7140117378
24.744 -7.229 26.186 2.7140117378
26.268 -3.122 25.294 1.99639670258
25.568 -2.064 23.796 2.02565795104
25.418 -0.93 24.588 2.22693058289
25.807 0.243 23.696 2.02565795104
26.546 1.295 24.088 2.11632732207
25.508 0.348 22.402 2.02565795104
26.062 1.501 21.88 2.02565795104
24.775 -0.493 21.581 2.11632732207
26.675 2.017 22.975 1.99639670258
25.891 1.807 20.549 2.11632732207
24.608 -0.179 20.248 2.11632732207
25.164 0.97 19.735 2.11632732207
25.56 -3.121 25.972 1.68355989822
25.684 -2.653 23.312 1.68355989822
24.357 -1.107 24.503 1.68355989822
26.915 1.521 25.078 1.68355989822
27.178 2.858 22.948 1.68355989822
24.315 -1.386 21.985 1.68355989822
26.333 2.697 20.141 1.68355989822
24.051 -0.838 19.603 1.68355989822
25.026 1.218 18.693 1.68355989822
31.483 -2.459 22.805 1.79544509739
30.574 -0.573 25.322 2.22693058289
30.878 1.596 26.521 2.22693058289
30.964 1.55 24.031 2.22693058289
31.638 -0.75 25.283 1.68355989822
29.232 1.107 25.227 1.68355989822
30.471 1.125 27.403 1.68355989822
31.952 1.489 26.525 1.68355989822
30.624 2.647 26.53 1.68355989822
31.667 0.849 23.606 1.68355989822
30.21 1.786 23.293 1.68355989822
31.485 2.453 24.309 1.68355989822
30.557 -3.566 24.489 2.11633202144
31.326 -4.795 24.183 2.32485688748
31.588 -6.168 22.249 1.94074133197
31.111 -5.791 25.33 2.32485688748
32.256 -6.803 25.33 2.32485688748
32.123 -7.733 26.542 2.32485688748
33.421 -7.764 27.274 2.11633202144
33.86 -6.679 27.849 2.14243103283
33.094 -6.065 28.706 2.18262886222
35.051 -6.241 27.545 2.18262886222
32.375 -4.535 24.086 1.84630452267
31.094 -5.26 26.269 1.84630452267
30.17 -6.304 25.196 1.84630452267
32.218 -7.385 24.422 1.84630452267
33.198 -6.28 25.375 1.84630452267
31.347 -7.376 27.202 1.84630452267
31.879 -8.731 26.212 1.84630452267
33.939 -8.595 27.326 1.84630452267
32.185 -6.427 28.913 1.84630452267
33.415 -5.233 29.157 1.84630452267
35.612 -6.736 26.882 1.84630452267
35.404 -5.41 27.976 1.84630452267
29.408 -6.385 21.803 1.74
27.583 -5.666 21.266 2.0
27.479 -6.46 18.868 1.86
26.998 -6.377 17.577 1.86
25.655 -4.509 18.198 1.86
26.088 -5.401 17.242 1.86
27.187 -6.554 21.735 1.2
28.194 -7.226 19.124 1.2
25.791 -3.89 20.236 1.2
27.341 -7.075 16.827 1.2
24.939 -3.744 17.936 1.2
25.713 -5.335 16.232 1.2
31.67 -2.885 17.59 1.79544509739
29.233 -1.417 19.09 2.22693058289
27.708 -1.33 19.189 2.22693058289
29.854 -0.952 20.411 2.22693058289
29.155 -3.244 17.913 1.68355989822
27.258 -1.888 18.382 1.68355989822
27.395 -0.298 19.125 1.68355989822
30.764 -0.407 20.212 1.68355989822
29.158 -0.306 20.929 1.68355989822
33.279 -3.328 19.719 3.28331166428
33.301 -3.499 20.688 3.19656430018
33.801 -3.734 21.105 3.28331166428
35.13 -4.477 20.947 3.19656430018
36.059 -3.831 20.493 3.11200838625
35.139 -5.646 21.294 3.11200838625
33.706 -2.387 19.396 3.076638282
33.955 -2.854 21.711 3.076638282
32.139 -7.727 18.115 2.11953941158
31.23 -9.142 19.969 2.11953941158
33.63 -8.459 19.986 2.11953941158
31.132 -7.442 17.849 1.48123575012
32.415 -8.608 17.555 1.48123575012
30.237 -8.876 19.637 1.48123575012
31.534 -10.058 19.483 1.48123575012
31.22 -9.293 21.038 1.48123575012
34.107 -8.916 19.132 1.48123575012
33.592 -9.171 20.797 1.48123575012
31.87 -5.244 16.221 1.86000608385
31.559 -4.736 14.859 2.11953941158
32.246 -5.476 15.829 1.89360203896
33.108 -4.456 13.058 1.62182580604
28.902 -4.393 13.24 2.11953941158
29.232 -1.952 13.64 2.11953941158
31.173 -5.55 14.254 1.48123575012
29.761 -3.877 15.68 1.48123575012
30.713 -3.298 12.862 1.48123575012
28.887 -5.164 13.994 1.48123575012
27.92 -3.95 13.167 1.48123575012
29.161 -4.835 12.289 1.48123575012
28.841 -1.717 12.661 1.48123575012
28.419 -1.976 14.35 1.48123575012
34.843 -2.875 14.426 2.57789518755
36.184 -3.97 12.78 2.28148428923
35.586 -2.147 15.555 2.57789518755
34.613 -1.237 16.314 2.57789518755
35.365 -0.019 16.868 2.57789518755
36.385 -0.475 17.918 2.57789518755
35.696 -1.099 19.08 2.57789518755
34.607 -2.198 13.611 2.21447173442
36.004 -2.876 16.234 2.21447173442
36.388 -1.558 15.133 2.21447173442
34.663 0.66 17.325 2.21447173442
37.061 -1.193 17.481 2.21447173442
36.954 0.378 18.264 2.21447173442
34.821 -0.576 19.286 2.21447173442
36.321 -1.071 19.91 2.21447173442
36.012 -4.932 14.774 2.22402568616
36.886 -6.062 14.378 2.41516305987
37.536 -6.061 16.059 2.24769809506
37.402 -6.649 12.125 2.06703446881
36.7 -7.19 15.399 2.41516305987
37.317 -6.755 16.732 2.24769809506
36.744 -5.801 17.414 2.28430885786
38.328 -7.275 17.16 2.06703446881
37.912 -5.718 14.377 1.98452021163
37.193 -8.085 15.053 1.98452021163
37.127 -5.51 18.267 1.98452021163
36.412 -7.99 13.024 2.43285482807
33.388 -7.508 11.322 2.57789518755
32.987 -7.62 12.317 2.21447173442
32.95 -6.636 10.86 2.21447173442
35.347 -4.1 9.487 2.49917816808
37.201 -4.837 8.217 2.17953443166
35.057 -2.679 10.01 2.49917816808
33.33 -1.891 8.347 2.41269040159
32.619 -2.295 10.579 2.41269040159
32.047 -1.522 8.004 2.41269040159
31.334 -1.925 10.235 2.41269040159
31.037 -1.536 8.944 2.34393302806
29.751 -1.179 8.596 2.27055054127
35.168 -2.642 11.082 2.10577365931
35.747 -1.978 9.559 2.10577365931
34.111 -1.868 7.602 2.10577365931
31.829 -1.217 6.991 2.10577365931
30.554 -1.933 10.982 2.10577365931
37.605 -3.833 10.243 2.11633202144
39.101 -3.864 10.204 2.32485688748
40.139 -4.167 11.967 2.14243103283
40.122 -3.244 8.155 1.94074133197
41.082 -4.906 11.321 2.32485688748
41.549 -6.079 12.187 2.14243103283
40.655 -6.851 12.744 2.18262886222
42.729 -6.303 12.365 1.94074133197
37.177 -3.529 11.05 1.84630452267
39.487 -2.907 10.543 1.84630452267
39.322 -5.956 10.679 1.84630452267
41.579 -4.948 10.364 1.84630452267
41.327 -3.979 11.813 1.84630452267
40.936 -7.61 13.296 1.84630452267
39.795 -5.635 6.994 2.41516305987
41.473 -6.094 9.123 2.24769809506
38.308 -4.31 5.656 2.06703446881
40.264 -7.108 7.009 2.41516305987
41.427 -7.276 6.032 2.24769809506
42.614 -6.877 6.393 2.28430885786
41.266 -7.77 4.935 2.06703446881
40.595 -4.965 6.69 1.98452021163
40.596 -7.365 8.006 1.98452021163
42.748 -6.48 7.279 1.98452021163
43.37 -6.971 5.779 1.98452021163
38.843 -7.328 6.732 3.19656430018
34.919 -7.985 4.773 3.11200838625
37.035 -6.631 3.527 3.28331166428
37.301 -5.292 2.835 3.19656430018
38.188 -4.603 3.313 3.11200838625
36.598 -5.033 1.871 3.11200838625
37.918 -7.241 3.482 3.076638282
36.225 -7.137 3.024 3.076638282
36.033 -7.887 6.691 1.99639670258
35.239 -8.987 7.256 2.22693058289
38.514 -10.113 8.739 2.22693058289
37.136 -11.647 7.291 2.22693058289
35.076 -9.71 6.464 1.68355989822
37.624 -9.607 6.859 1.68355989822
38.129 -10.184 9.745 1.68355989822
39.211 -10.919 8.569 1.68355989822
36.394 -11.678 6.507 1.68355989822
38.057 -12.068 6.919 1.68355989822
32.113 -6.951 7.875 3.0287949135
32.125 -5.439 8.112 3.0287949135
33.627 -4.126 5.14 2.97082099925
32.529 -3.398 5.021 2.91219395265
31.862 -7.481 8.788 2.78120700753
31.14 -5.116 8.413 2.78120700753
34.446 -4.095 4.436 2.78120700753
32.376 -8.704 5.596 1.89360203896
28.343 -8.696 4.708 1.62182580604
31.344 -8.363 3.307 2.11953941158
29.64 -7.677 1.571 2.11953941158
31.351 -6.017 2.345 2.11953941158
32.402 -8.363 3.535 1.48123575012
31.035 -9.376 3.095 1.48123575012
31.759 -7.823 1.267 1.48123575012
28.957 -7.586 2.399 1.48123575012
29.409 -6.919 0.837 1.48123575012
29.523 -8.651 1.123 1.48123575012
31.942 -5.588 1.549 1.48123575012
30.41 -5.49 2.411 1.48123575012
29.939 -9.995 5.523 2.57572842164
28.965 -11.014 5.924 2.72232757201
31.529 -12.191 6.853 2.59344389372
29.794 -12.142 6.537 2.72232757201
31.288 -11.74 6.443 2.72232757201
31.355 -10.337 5.821 2.72232757201
28.421 -11.359 5.051 2.40458343712
31.822 -12.446 5.823 2.40458343712
31.946 -10.353 4.921 2.40458343712
25.706 -8.142 8.988 1.62182580604
28.337 -9.277 10.415 2.11953941158
29.261 -10.339 12.47 2.11953941158
26.837 -9.763 12.351 2.11953941158
28.064 -8.277 10.724 1.48123575012
27.84 -11.244 11.156 1.48123575012
29.662 -9.35 12.631 1.48123575012
28.975 -10.767 13.42 1.48123575012
26.096 -9.36 11.676 1.48123575012
26.402 -10.582 12.906 1.48123575012
27.147 -8.992 13.041 1.48123575012
26.826 -6.528 7.174 2.11953941158
28.741 -8.102 8.714 1.89360203896
27.753 -5.828 6.149 2.11953941158
27.213 -3.414 6.607 2.11953941158
27.786 -4.149 4.3 2.11953941158
26.572 -5.863 7.992 1.48123575012
27.96 -6.5 5.331 1.48123575012
28.244 -3.297 6.904 1.48123575012
26.871 -2.496 6.153 1.48123575012
26.611 -3.621 7.477 1.48123575012
28.84 -4.003 4.486 1.48123575012
27.659 -4.923 3.555 1.48123575012
25.559 -8.135 5.896 2.22402568616
24.333 -8.609 5.21 2.41516305987
26.749 -10.078 6.21 2.24769809506
22.074 -8.781 5.955 2.06703446881
24.645 -9.882 4.408 2.41516305987
23.481 -10.865 4.543 2.24769809506
23.386 -11.591 5.623 2.28430885786
22.648 -10.982 3.667 2.06703446881
23.98 -7.818 4.557 1.98452021163
24.777 -9.629 3.367 1.98452021163
25.545 -10.342 4.774 1.98452021163
22.645 -12.225 5.724 1.98452021163
22.612 -9.605 8.453 2.11953941158
25.145 -12.188 8.887 1.89360203896
20.986 -8.261 9.588 1.62182580604
23.286 -10.176 9.73 2.11953941158
21.938 -12.319 9.56 2.11953941158
24.301 -12.198 8.615 2.11953941158
21.878 -10.278 8.038 1.48123575012
22.731 -9.849 10.598 1.48123575012
23.746 -12.042 10.679 1.48123575012
21.205 -11.636 9.965 1.48123575012
21.715 -12.498 8.519 1.48123575012
21.88 -13.254 10.097 1.48123575012
23.813 -12.911 7.972 1.48123575012
21.876 -5.882 8.525 2.11953941158
23.214 -9.182 9.58 1.89360203896
20.767 -4.195 7.242 1.62182580604
23.06 -4.923 8.739 2.11953941158
22.773 -4.001 9.922 2.11953941158
23.781 -2.503 10.072 1.94464180074
24.016 -2.558 11.868 2.11953941158
21.247 -5.929 9.406 1.48123575012
23.953 -5.497 8.94 1.48123575012
23.214 -4.334 7.848 1.48123575012
22.905 -4.572 10.824 1.48123575012
24.5 -3.483 12.142 1.48123575012
24.632 -1.726 12.174 1.48123575012
23.057 -2.493 12.358 1.48123575012
20.108 -6.864 4.155 2.22693058289
21.696 -7.472 2.333 2.22693058289
20.41 -5.343 2.195 2.22693058289
20.482 -7.782 4.576 1.68355989822
19.172 -7.063 3.662 1.68355989822
20.891 -8.065 1.92 1.68355989822
22.302 -7.086 1.526 1.68355989822
21.121 -4.627 1.811 1.68355989822
19.978 -5.892 1.371 1.68355989822
19.147 -8.661 6.295 2.43285482807
16.509 -5.533 8.724 2.57789518755
17.114 -6.673 9.549 2.57789518755
16.177 -6.782 6.977 2.21447173442
15.494 -5.292 9.02 2.21447173442
16.812 -7.624 9.134 2.21447173442
18.192 -6.606 9.532 2.21447173442
16.771 -6.606 10.571 2.21447173442
13.884 -3.79 5.466 2.57789518755
17.226 -6.417 4.068 2.43285482807
14.409 -1.459 5.627 2.28148428923
12.423 -4.275 5.46 2.57789518755
12.376 -5.646 6.177 2.57789518755
13.814 -6.017 6.564 2.57789518755
14.272 -3.698 4.46 2.21447173442
11.798 -3.566 5.982 2.21447173442
12.075 -4.381 4.443 2.21447173442
11.763 -5.576 7.064 2.21447173442
11.967 -6.396 5.515 2.21447173442
13.888 -6.211 7.624 2.21447173442
13.563 -2.439 7.429 2.91219395265
13.604 -1.192 8.218 3.0287949135
15.092 0.662 7.985 2.8243183199
13.286 -1.574 9.664 3.0287949135
14.498 -2.27 10.288 2.92608152912
15.334 -1.547 10.803 2.8243183199
14.52 -3.489 10.214 2.8243183199
13.23 -3.258 7.844 2.78120700753
12.864 -0.502 7.83 2.78120700753
13.051 -0.693 10.225 2.78120700753
12.44 -2.244 9.686 2.78120700753
17.383 -0.756 8.26 3.18635814682
19.627 -3.53 7.439 3.09401308242
19.689 -1.104 9.145 3.18635814682
19.641 -0.558 10.573 3.09401308242
18.96 0.44 10.746 3.00350354728
20.285 -1.17 11.408 3.00350354728
17.405 0.155 8.848 2.96548237867
17.953 -2.231 9.722 2.96548237867
20.5 -1.813 9.061 2.96548237867
19.854 -0.289 8.455 2.96548237867
20.757 -3.27 4.029 2.24769809506
17.961 0.979 3.205 2.06703446881
17.208 -1.776 2.142 2.41516305987
16.616 -2.909 1.296 2.41516305987
15.154 -2.677 1.13 2.22402568616
14.443 -3.534 0.449 2.24769809506
14.992 -4.662 0.086 2.28430885786
13.211 -3.235 0.153 2.28430885786
16.759 -0.839 1.848 1.98452021163
18.274 -1.72 1.979 1.98452021163
17.085 -2.924 0.323 1.98452021163
14.729 -1.891 1.531 1.98452021163
15.942 -4.858 0.33 1.98452021163
14.461 -5.331 -0.434 1.98452021163
12.822 -2.361 0.448 1.98452021163
12.652 -3.875 -0.374 1.98452021163
15.847 2.288 4.276 2.97245262608
18.483 -0.565 3.279 2.8655882766
16.64 4.481 4.798 2.75923199067
14.328 2.386 4.457 2.97245262608
13.68 2.608 3.09 2.97245262608
13.981 1.408 2.187 2.8655882766
14.623 0.5 2.691 2.75923199067
13.556 1.469 1.047 2.75923199067
16.125 2.475 3.244 2.7140117378
13.952 1.473 4.894 2.7140117378
14.092 3.213 5.11 2.7140117378
12.61 2.71 3.201 2.7140117378
14.081 3.503 2.637 2.7140117378
16.952 2.907 6.324 2.11633202144
17.624 3.859 7.25 2.32485688748
19.514 1.186 6.35 2.14243103283
19.788 4.874 7.378 1.94074133197
17.512 3.311 8.678 2.32485688748
17.149 4.831 7.167 1.84630452267
16.52 2.919 8.843 1.84630452267
17.703 4.103 9.389 1.84630452267
20.989 3.15 5.645 2.22693058289
23.133 1.109 5.641 2.02565795104
21.259 1.871 4.83 2.22693058289
23.354 2.697 3.663 2.22693058289
23.53 1.594 5.925 2.22693058289
20.847 1.022 5.36 1.68355989822
20.761 1.947 3.876 1.68355989822
23.641 3.573 4.216 1.68355989822
22.906 1.151 6.686 1.68355989822
24.419 0.991 5.802 1.68355989822
23.816 2.587 6.23 1.68355989822
20.793 4.333 3.56 2.22402568616
21.03 5.484 2.654 2.41516305987
22.939 3.129 2.46 2.24769809506
21.318 7.823 3.114 2.06703446881
20.283 3.555 3.251 1.98452021163
20.396 5.391 1.785 1.98452021163
19.8 6.735 4.305 2.22402568616
20.962 9.478 6.118 2.06703446881
18.174 7.688 5.874 2.41516305987
17.411 8.991 6.144 2.41516305987
17.329 6.948 5.012 2.16754538317
19.342 5.888 4.49 1.98452021163
18.388 7.13 6.779 1.98452021163
16.87 6.29 5.54 1.98452021163
18.068 9.706 6.62 1.98452021163
17.054 9.403 5.213 1.98452021163
16.571 8.794 6.794 1.98452021163
21.053 7.349 6.736 2.11633202144
22.147 7.617 7.705 2.32485688748
23.16 5.929 7.05 2.14243103283
23.82 9.316 7.697 1.94074133197
22.742 6.275 8.158 2.32485688748
23.906 6.536 9.121 2.32485688748
24.373 5.209 9.721 2.32485688748
23.244 4.592 10.472 2.11633202144
23.344 3.355 10.873 2.14243103283
24.505 2.919 11.282 2.18262886222
22.282 2.599 10.858 2.18262886222
21.743 8.165 8.552 1.84630452267
21.982 5.692 8.658 1.84630452267
24.725 6.995 8.59 1.84630452267
23.581 7.198 9.91 1.84630452267
24.689 4.541 8.933 1.84630452267
25.198 5.383 10.396 1.84630452267
22.434 5.109 10.661 1.84630452267
25.296 3.531 11.286 1.84630452267
24.601 1.975 11.593 1.84630452267
21.41 2.972 10.541 1.84630452267
22.339 1.649 11.161 1.84630452267
24.624 8.951 5.153 2.41516305987
25.914 6.823 4.746 2.24769809506
25.255 8.803 2.687 2.41516305987
25.376 9.202 5.894 1.98452021163
24.487 6.209 4.813 1.98452021163
22.155 11.493 3.744 2.32485688748
23.788 9.369 2.99 2.14243103283
22.584 13.782 4.273 1.94074133197
20.678 11.186 3.465 2.32485688748
20.129 12.21 2.467 2.32485688748
18.689 11.836 2.101 2.32485688748
18.708 10.923 0.923 2.11633202144
18.396 9.665 1.08 2.14243103283
17.156 9.352 1.343 2.18262886222
19.334 8.765 0.968 2.18262886222
22.671 11.743 2.823 1.84630452267
20.143 13.194 2.91 1.84630452267
20.741 12.212 1.576 1.84630452267
18.218 11.333 2.934 1.84630452267
18.13 12.726 1.857 1.84630452267
18.949 11.265 0.035 1.84630452267
16.463 10.07 1.418 1.84630452267
16.899 8.395 1.473 1.84630452267
20.272 9.044 0.763 1.84630452267
19.114 7.796 1.089 1.84630452267
21.962 13.623 6.887 2.22693058289
21.567 13.128 8.268 2.22693058289
21.774 11.621 8.364 2.22693058289
20.083 13.444 8.478 2.22693058289
21.753 11.187 9.831 2.22693058289
22.181 13.626 9.002 1.68355989822
20.991 11.112 7.829 1.68355989822
19.728 12.973 9.381 1.68355989822
19.949 14.513 8.558 1.68355989822
21.526 12.028 10.469 1.68355989822
21.002 10.426 9.97 1.68355989822
22.718 10.789 10.103 1.68355989822
26.957 11.965 6.874 2.14243103283
26.54 12.757 8.045 2.32485688748
26.078 12.016 9.304 2.32485688748
26.441 11.81 6.847 2.32485688748
25.422 11.203 9.029 1.84630452267
26.934 11.618 9.829 1.84630452267
26.745 10.818 7.139 1.84630452267
27.908 12.464 3.277 2.59344389372
26.332 17.184 3.833 2.46178430194
26.025 13.922 2.992 2.72232757201
26.319 14.684 1.698 2.72232757201
26.6 13.687 0.571 2.59344389372
25.626 13.231 -0.002 2.46178430194
27.773 13.438 0.35 2.46178430194
24.979 13.657 3.029 2.40458343712
25.467 15.293 1.43 2.40458343712
27.181 15.32 1.837 2.40458343712
25.328 15.093 2.634 2.59344389372
23.608 19.608 4.862 2.46178430194
22.122 17.104 3.831 2.72232757201
21.421 18.001 2.804 2.72232757201
21.549 19.465 3.235 2.59344389372
21.011 19.769 4.287 2.46178430194
22.175 20.196 2.485 2.46178430194
23.928 17.9 2.932 2.40458343712
21.99 16.069 3.556 2.40458343712
21.692 17.266 4.808 2.40458343712
21.873 17.874 1.832 2.40458343712
24.625 18.887 7.242 2.11953941158
25.736 20.987 7.013 1.62182580604
24.896 18.066 8.513 2.11953941158
23.856 16.784 10.395 2.11953941158
22.837 18.941 9.675 2.11953941158
23.755 19.519 7.366 1.48123575012
25.495 18.648 9.199 1.48123575012
22.943 17.151 8.483 1.48123575012
24.182 17.386 11.23 1.48123575012
22.961 16.246 10.673 1.48123575012
23.534 19.762 9.76 1.48123575012
22.062 19.208 8.972 1.48123575012
22.388 18.755 10.641 1.48123575012
29.505 17.41 4.771 1.89360203896
29.286 20.751 4.445 1.62182580604
29.918 20.195 8.984 2.11953941158
31.777 19.36 7.543 2.11953941158
28.135 20.881 7.043 1.48123575012
29.884 18.814 5.846 1.48123575012
30.477 21.005 7.071 1.48123575012
28.873 19.932 9.049 1.48123575012
30.488 19.547 9.634 1.48123575012
32.238 19.469 6.573 1.48123575012
32.409 19.821 8.288 1.48123575012
27.036 20.814 2.876 2.41516305987
28.625 19.637 2.447 2.24769809506
25.568 21.095 2.552 2.41516305987
25.218 22.531 2.97 2.41516305987
23.704 22.657 3.153 2.41516305987
23.395 24.02 3.672 2.22402568616
22.149 24.379 3.826 2.24769809506
21.33 24.264 2.815 2.28430885786
21.767 24.847 4.983 2.28430885786
27.415 20.005 2.264 1.98452021163
25.405 20.975 1.498 1.98452021163
25.713 22.769 3.901 1.98452021163
23.207 22.512 2.204 1.98452021163
23.354 21.917 3.857 1.98452021163
24.119 24.641 3.897 1.98452021163
20.371 24.533 2.917 1.98452021163
22.425 24.924 5.731 1.98452021163
20.817 25.127 5.121 1.98452021163
29.065 24.004 3.411 2.57789518755
30.892 24.714 2.041 2.28148428923
28.415 24.779 3.031 2.21447173442
29.475 24.323 4.357 2.21447173442
30.41 22.554 2.01 2.85110369563
31.507 22.278 1.045 2.97245262608
28.137 22.792 5.159 2.8655882766
31.476 21.9 -1.316 2.75923199067
31.881 20.792 1.146 2.97245262608
30.626 19.932 0.98 2.97245262608
30.972 18.706 0.131 2.8655882766
31.216 18.916 -1.046 2.75923199067
30.973 17.631 0.706 2.75923199067
32.357 22.905 1.298 2.7140117378
32.594 20.545 0.375 2.7140117378
32.326 20.598 2.113 2.7140117378
30.273 19.607 1.948 2.7140117378
30.289 23.611 -0.561 1.86000608385
29.836 23.972 -1.936 2.11953941158
27.255 24.606 2.871 1.89360203896
29.203 22.46 -3.699 1.62182580604
31.094 24.246 -2.792 2.11953941158
30.974 25.614 -3.467 2.11953941158
32.407 26.188 -4.414 1.94464180074
31.5 26.961 -5.775 2.11953941158
29.987 24.133 0.212 1.48123575012
29.212 24.856 -1.874 1.48123575012
31.97 24.241 -2.161 1.48123575012
31.208 23.484 -3.545 1.48123575012
30.124 25.592 -4.133 1.48123575012
30.775 26.353 -2.702 1.48123575012
30.758 27.638 -5.377 1.48123575012
32.189 27.509 -6.4 1.48123575012
31.011 26.196 -6.362 1.48123575012
28.083 22.319 -1.798 2.22402568616
27.236 21.211 -2.319 2.41516305987
24.818 24.657 1.933 2.24769809506
25.627 22.521 -3.511 2.06703446881
26.233 20.825 -1.229 2.41516305987
25.321 19.958 -1.888 2.16754538317
27.942 22.663 -0.891 1.98452021163
27.873 20.371 -2.571 1.98452021163
26.726 20.303 -0.422 1.98452021163
25.716 21.695 -0.857 1.98452021163
26.075 21.342 -5.925 2.32485688748
23.535 26.018 1.571 2.14243103283
23.746 20.926 -6.285 1.94074133197
27.11 21.105 -7.019 2.32485688748
26.431 21.066 -8.376 2.32485688748
25.425 22.215 -8.477 2.14243103283
25.827 23.429 -8.216 2.18262886222
24.269 22.017 -8.791 1.94074133197
27.458 20.325 -4.686 1.84630452267
25.764 22.381 -5.901 1.84630452267
27.843 21.895 -6.995 1.84630452267
27.607 20.163 -6.841 1.84630452267
27.175 21.171 -9.146 1.84630452267
25.92 20.124 -8.494 1.84630452267
26.758 23.593 -7.961 1.84630452267
25.196 24.177 -8.276 1.84630452267
23.972 18.207 -6.51 2.32485688748
21.178 24.886 0.102 2.14243103283
23.207 16.206 -5.467 1.94074133197
24.367 17.32 -7.697 2.32485688748
23.174 17.171 -8.644 2.32485688748
23.58 16.314 -9.848 2.32485688748
24.988 15.854 -9.676 2.11633202144
25.335 14.676 -10.115 2.14243103283
24.749 13.62 -9.619 2.18262886222
26.257 14.591 -11.037 2.18262886222
26.01 18.822 -6.166 1.84630452267
23.07 18.764 -6.736 1.84630452267
25.192 17.775 -8.223 1.84630452267
24.67 16.346 -7.337 1.84630452267
22.355 16.697 -8.122 1.84630452267
22.857 18.146 -8.983 1.84630452267
22.929 15.456 -9.921 1.84630452267
23.503 16.899 -10.752 1.84630452267
25.651 16.431 -9.243 1.84630452267
24.045 13.723 -8.916 1.84630452267
25.003 12.709 -9.942 1.84630452267
26.681 15.422 -11.398 1.84630452267
26.537 13.695 -11.382 1.84630452267
24.037 17.777 -4.132 2.85110369563
23.805 16.946 -2.913 2.97245262608
20.687 22.718 0.048 2.8655882766
22.697 17.192 -0.812 2.75923199067
25.156 16.688 -2.233 2.97245262608
25.781 15.42 -2.826 2.97245262608
24.984 14.195 -2.368 2.8655882766
24.086 14.403 -1.57 2.75923199067
25.318 13.122 -2.845 2.75923199067
23.341 16.012 -3.203 2.7140117378
25.812 17.529 -2.399 2.7140117378
25.008 16.558 -1.171 2.7140117378
25.763 15.474 -3.905 2.7140117378
26.803 15.325 -2.49 2.7140117378
22.309 18.752 -2.332 1.86000608385
21.398 19.481 -1.407 2.11953941158
20.527 20.667 0.817 1.89360203896
19.875 18.464 0.132 1.62182580604
20.874 20.733 -2.123 2.11953941158
22.373 21.664 -3.892 2.11953941158
21.629 23.109 -1.999 2.11953941158
22.476 19.093 -3.236 1.48123575012
21.943 19.744 -0.507 1.48123575012
20.409 20.449 -3.054 1.48123575012
20.142 21.225 -1.498 1.48123575012
22.907 21.389 -1.83 1.48123575012
22.409 20.644 -4.242 1.48123575012
21.615 22.203 -4.443 1.48123575012
23.333 22.13 -4.059 1.48123575012
20.647 23.329 -2.389 1.48123575012
22.337 23.821 -2.399 1.48123575012
19.597 18.015 -2.02 2.22402568616
18.431 17.136 -1.751 2.41516305987
18.798 18.716 1.585 2.24769809506
18.356 16.508 -4.053 2.06703446881
17.169 18.015 -1.569 2.41516305987
16.637 18.555 -2.913 2.41516305987
17.674 19.487 -3.556 2.41516305987
17.041 20.194 -4.758 2.41516305987
16.927 19.255 -5.909 2.41516305987
19.908 18.154 -2.94 1.98452021163
18.634 16.571 -0.845 1.98452021163
16.395 17.429 -1.094 1.98452021163
15.731 19.11 -2.728 1.98452021163
18.001 20.22 -2.834 1.98452021163
18.522 18.913 -3.891 1.98452021163
16.058 20.554 -4.498 1.98452021163
17.656 21.033 -5.049 1.98452021163
16.464 18.379 -5.595 1.98452021163
16.365 19.695 -6.663 1.98452021163
17.879 19.032 -6.27 1.98452021163
17.927 14.921 -2.553 2.11633202144
17.712 13.885 -3.604 2.32485688748
17.433 19.238 0.013 2.14243103283
15.879 12.615 -4.453 1.94074133197
18.65 12.711 -3.309 2.32485688748
19.351 12.288 -4.602 2.14243103283
18.629 11.933 -5.63 2.18262886222
20.564 12.28 -4.689 1.94074133197
17.846 14.683 -1.606 1.84630452267
17.926 14.311 -4.579 1.84630452267
19.389 13.01 -2.581 1.84630452267
18.082 11.877 -2.921 1.84630452267
17.651 11.941 -5.565 1.84630452267
19.063 11.657 -6.463 1.84630452267
14.097 13.359 -2.536 3.13558669588
16.037 17.827 -1.558 3.04008465649
12.735 14.546 -0.967 2.9461805266
14.25 10.877 -2.19 3.13558669588
12.905 10.252 -2.571 3.04008465649
12.326 9.636 -1.691 2.9461805266
12.536 10.424 -3.721 2.9461805266
15.875 14.431 -1.953 2.90663511069
13.771 13.022 -3.516 2.90663511069
14.844 11.016 -3.079 2.90663511069
14.771 10.214 -1.514 2.90663511069
12.972 15.435 -2.984 1.86000608385
16.629 16.496 -3.079 1.89360203896
9.973 16.572 -1.565 1.62182580604
12.198 17.617 -3.772 2.11953941158
12.344 20.044 -4.319 2.11953941158
10.894 19.277 -2.436 2.11953941158
13.371 15.365 -3.876 1.48123575012
13.105 17.453 -4.334 1.48123575012
11.349 17.504 -4.429 1.48123575012
13.04 19.133 -2.498 1.48123575012
13.243 19.841 -4.884 1.48123575012
11.489 19.974 -4.974 1.48123575012
12.399 21.043 -3.911 1.48123575012
10.079 18.796 -2.96 1.48123575012
10.96 18.871 -1.437 1.48123575012
10.702 20.337 -2.377 1.48123575012
10.209 15.319 -3.375 2.22402568616
8.801 14.845 -3.289 2.41516305987
15.229 14.709 -2.603 2.24769809506
7.351 14.581 -1.405 2.06703446881
10.795 15.006 -4.095 1.98452021163
8.138 15.641 -3.595 1.98452021163
9.451 13.916 -1.166 1.99639670258
9.212 13.484 0.234 2.22693058289
14.973 12.818 -1.562 2.02565795104
10.941 11.842 0.392 1.79544509739
8.101 12.426 0.232 2.22693058289
10.337 13.815 -1.57 1.68355989822
8.922 14.347 0.826 1.68355989822
8.055 11.948 -0.735 1.68355989822
8.306 11.68 0.987 1.68355989822
7.151 12.893 0.443 1.68355989822
11.011 13.527 1.83 2.22402568616
12.25 13.003 2.475 2.41516305987
14.794 12.11 1.127 2.24769809506
10.603 14.359 2.147 1.98452021163
11.978 12.366 3.302 1.98452021163
12.817 12.435 1.755 1.98452021163
12.779 15.346 2.546 1.86000608385
13.551 16.536 2.99 2.11953941158
15.009 14.535 3.479 1.89360203896
13.832 17.758 5.029 1.62182580604
13.118 17.721 2.121 2.11953941158
14.162 18.835 2.186 2.11953941158
11.785 18.257 2.662 2.11953941158
15.161 18.658 1.04 2.11953941158
12.033 15.449 1.919 1.48123575012
13.672 19.793 2.093 1.48123575012
14.684 18.794 3.128 1.48123575012
11.167 17.431 2.99 1.48123575012
11.967 18.916 3.496 1.48123575012
11.267 18.801 1.885 1.48123575012
15.609 17.677 1.095 1.48123575012
14.652 18.764 0.094 1.48123575012
15.935 19.407 1.114 1.48123575012
12.003 16.366 6.462 2.32485688748
13.437 12.538 5.588 2.14243103283
13.423 16.263 8.381 1.94074133197
10.609 15.787 6.73 2.32485688748
12.019 17.435 6.647 1.84630452267
10.025 15.806 5.822 1.84630452267
10.698 14.767 7.076 1.84630452267
10.11 16.375 7.487 1.84630452267
13.348 14.469 7.084 2.22402568616
14.312 13.745 7.952 2.41516305987
16.074 11.098 6.876 2.24769809506
16.542 14.076 8.74 2.06703446881
15.046 11.387 8.458 2.41516305987
13.246 11.859 7.053 2.16754538317
13.903 13.684 8.956 1.98452021163
13.235 10.915 7.232 1.98452021163
14.371 11.398 9.299 1.98452021163
15.103 10.383 8.06 1.98452021163
16.028 11.696 8.783 1.98452021163
17.041 16.299 7.235 2.11953941158
18.201 13.771 7.047 1.89360203896
17.433 17.843 9.015 1.62182580604
17.428 16.576 5.781 2.11953941158
17.505 15.254 5.016 2.11953941158
18.816 17.241 5.764 2.11953941158
17.856 15.525 3.55 2.11953941158
17.815 15.725 7.735 1.48123575012
16.679 17.217 5.323 1.48123575012
19.533 16.591 6.244 1.48123575012
18.779 18.179 6.294 1.48123575012
17.49 16.499 3.259 1.48123575012
18.929 15.495 3.421 1.48123575012
17.402 14.773 2.923 1.48123575012
15.856 19.817 8.034 2.41516305987
15.983 16.026 8.581 2.24769809506
14.67 20.625 9.939 2.06703446881
15.051 20.694 7.07 2.41516305987
15.588 22.131 7.057 2.41516305987
15.34 20.195 5.776 2.16754538317
16.816 20.269 8.26 1.98452021163
13.988 20.643 7.271 1.98452021163
15.734 22.473 8.072 1.98452021163
16.53 22.165 6.532 1.98452021163
14.881 22.78 6.561 1.98452021163
14.834 18.424 9.709 2.11633202144
14.064 18.172 10.957 2.32485688748
14.986 14.352 11.194 2.14243103283
13.759 20.065 12.382 1.94074133197
14.347 16.738 11.427 2.32485688748
13.427 16.41 12.606 2.32485688748
13.624 14.947 13.005 2.32485688748
12.483 14.143 12.483 2.11633202144
12.583 12.841 12.453 2.14243103283
13.724 12.305 12.119 2.18262886222
11.538 12.12 12.754 2.18262886222
13.007 18.306 10.751 1.84630452267
15.378 16.652 11.736 1.84630452267
13.668 17.05 13.442 1.84630452267
12.398 16.573 12.32 1.84630452267
13.659 14.861 14.081 1.84630452267
11.669 14.585 12.166 1.84630452267
14.505 12.892 11.894 1.84630452267
13.821 11.312 12.091 1.84630452267
10.678 12.567 13.002 1.84630452267
11.598 11.123 12.742 1.84630452267
15.624 18.896 12.637 2.22402568616
16.106 19.784 13.731 2.41516305987
16.097 14.878 13.335 2.24769809506
17.387 17.925 14.514 2.06703446881
16.169 18.136 12.346 1.98452021163
15.265 20.302 14.169 1.98452021163
16.738 19.405 16.026 2.22402568616
17.396 18.642 17.122 2.41516305987
15.846 15.103 16.025 2.24769809506
15.5 17.929 18.39 2.06703446881
17.786 19.625 18.23 2.41516305987
18.849 18.973 18.91 2.16754538317
16.263 20.241 16.22 1.98452021163
18.272 18.14 16.723 1.98452021163
18.127 20.56 17.812 1.98452021163
16.958 19.791 18.903 1.98452021163
19.677 19.331 18.581 1.98452021163
16.714 16.354 17.408 2.11633202144
15.838 15.27 17.929 2.32485688748
15.575 15.993 18.728 2.14243103283
15.558 14.144 20.019 1.94074133197
15.932 14.077 16.971 2.32485688748
14.54 13.469 16.778 2.14243103283
13.698 13.485 17.774 2.18262886222
14.21 12.972 15.719 1.94074133197
17.491 16.136 16.851 1.84630452267
14.819 15.638 17.988 1.84630452267
16.314 14.404 16.015 1.84630452267
16.594 13.329 17.381 1.84630452267
13.958 13.883 18.629 1.84630452267
12.804 13.099 17.664 1.84630452267
17.477 15.202 19.689 2.22402568616
17.986 14.801 21.03 2.41516305987
17.3 16.744 20.528 2.24769809506
19.513 14.682 20.95 2.41516305987
19.882 14.116 22.199 2.16754538317
18.032 15.747 19.092 1.98452021163
17.536 13.855 21.312 1.98452021163
19.805 14.03 20.14 1.98452021163
19.969 15.654 20.834 1.98452021163
19.095 13.737 22.598 1.98452021163
17.04 15.42 23.157 1.86000608385
16.666 16.391 24.223 2.11953941158
18.32 17.662 22.002 1.89360203896
17.765 18.359 25.011 1.62182580604
16.114 15.633 25.448 2.11953941158
16.017 13.432 26.613 2.11953941158
15.249 13.618 24.248 2.11953941158
15.918 17.072 23.825 1.48123575012
16.648 15.949 26.332 1.48123575012
15.068 15.869 25.571 1.48123575012
17.276 13.888 24.933 1.48123575012
15.084 13.784 27.03 1.48123575012
15.961 12.363 26.471 1.48123575012
16.82 13.659 27.297 1.48123575012
14.892 14.445 23.654 1.48123575012
15.708 12.886 23.6 1.48123575012
14.416 13.164 24.763 1.48123575012
20.258 17.293 25.059 2.49917816808
21.225 19.401 24.482 2.17953443166
21.427 16.304 25.013 2.49917816808
21.173 15.188 26.03 2.49917816808
22.313 14.167 25.964 2.49917816808
21.754 12.778 26.282 2.49917816808
22.851 11.772 26.352 2.49917816808
20.12 17.681 26.063 2.10577365931
21.504 15.884 24.021 2.10577365931
22.347 16.816 25.254 2.10577365931
21.121 15.61 27.023 2.10577365931
22.748 14.164 24.976 2.10577365931
23.074 14.427 26.684 2.10577365931
21.241 12.804 27.232 2.10577365931
21.055 12.485 25.514 2.10577365931
23.645 12.083 25.758 2.10577365931
23.172 11.676 27.337 2.10577365931
22.5 10.854 26.009 2.10577365931
20.309 19.447 21.934 2.11953941158
21.427 17.379 21.749 1.89360203896
22.1 21.004 22.211 1.62182580604
19.452 20.655 22.328 2.11953941158
19.597 20.879 23.375 1.48123575012
19.737 21.514 21.74 1.48123575012
18.408 20.436 22.153 1.48123575012
24.092 19.248 21.67 2.11953941158
23.871 17.727 20.684 1.89360203896
25.648 17.51 21.138 1.62182580604
24.628 19.03 23.089 2.11953941158
24.224 20.28 21.367 1.48123575012
24.167 18.156 23.523 1.48123575012
25.699 18.886 23.055 1.48123575012
24.404 19.891 23.701 1.48123575012
25.299 17.705 18.399 2.49917816808
25.048 17.135 17.289 2.34393302806
27.466 17.594 17.416 2.17953443166
24.547 18.032 17.103 2.49917816808
23.587 19.206 17.405 2.49917816808
23.656 19.493 18.911 2.49917816808
25.236 16.651 18.641 2.10577365931
25.246 18.318 16.332 2.10577365931
23.982 17.169 16.778 2.10577365931
23.894 20.081 16.851 2.10577365931
22.582 18.937 17.128 2.10577365931
24.009 20.498 19.084 2.10577365931
22.689 19.349 19.364 2.10577365931
27.169 19.09 19.018 1.86000608385
28.001 19.16 18.031 1.89360203896
30.704 18.452 18.828 1.62182580604
28.855 20.565 20.027 2.11953941158
30.31 21.028 19.931 2.11953941158
27.93 21.769 19.848 2.11953941158
28.681 20.112 20.99 1.48123575012
30.686 20.846 18.936 1.48123575012
30.373 22.084 20.145 1.48123575012
30.914 20.486 20.644 1.48123575012
26.9 21.444 19.866 1.48123575012
28.094 22.476 20.648 1.48123575012
28.136 22.25 18.903 1.48123575012
28.979 17.273 19.566 2.85110369563
29.824 16.068 19.779 2.97245262608
29.328 15.925 19.37 2.8655882766
31.052 14.613 18.331 2.75923199067
29.036 15.078 20.646 2.97245262608
29.066 15.547 22.1 2.97245262608
27.889 14.92 22.852 2.8655882766
26.778 15.319 22.544 2.75923199067
28.168 14.076 23.688 2.75923199067
30.749 16.361 20.262 2.7140117378
28.012 15.03 20.303 2.7140117378
29.481 14.096 20.572 2.7140117378
29.992 15.241 22.566 2.7140117378
28.984 16.621 22.142 2.7140117378
29.376 15.762 17.453 1.99639670258
28.233 15.229 15.373 2.22693058289
27.027 14.724 13.258 2.22693058289
27.545 14.544 15.85 1.68355989822
27.824 16.228 15.426 1.68355989822
28.99 15.576 13.388 1.68355989822
28.717 12.811 14.592 1.68355989822
26.398 14.077 13.85 1.68355989822
26.578 15.705 13.205 1.68355989822
30.498 17.279 15.383 2.11633202144
31.456 18.127 14.661 2.32485688748
31.468 17.35 14.278 2.14243103283
33.793 17.964 14.186 1.94074133197
31.271 19.548 15.189 2.32485688748
29.932 20.102 14.695 2.32485688748
29.867 21.606 14.983 2.32485688748
28.674 22.177 14.293 2.11633202144
28.326 23.414 14.53 2.14243103283
29.063 24.379 14.05 2.18262886222
27.248 23.642 15.232 2.18262886222
31.251 18.072 13.597 1.84630452267
31.28 19.537 16.27 1.84630452267
32.071 20.164 14.838 1.84630452267
29.838 19.934 13.632 1.84630452267
29.121 19.601 15.205 1.84630452267
29.78 21.773 16.047 1.84630452267
30.76 22.091 14.617 1.84630452267
28.156 21.631 13.668 1.84630452267
29.876 24.166 13.508 1.84630452267
28.815 25.333 14.226 1.84630452267
26.706 22.878 15.578 1.84630452267
26.967 24.583 15.423 1.84630452267
33.047 16.912 15.986 2.11633202144
34.392 16.413 16.335 2.32485688748
35.979 15.771 14.668 1.94074133197
34.249 15.63 17.638 2.32485688748
33.617 16.541 18.695 2.32485688748
34.187 16.194 20.072 2.14243103283
34.287 14.94 20.421 2.18262886222
34.545 17.062 20.843 1.94074133197
35.062 17.255 16.464 1.84630452267
35.216 15.301 17.97 1.84630452267
33.842 17.574 18.468 1.84630452267
34.0 14.236 19.804 1.84630452267
34.652 14.704 21.299 1.84630452267
35.055 13.091 14.546 2.24769809506
36.115 10.906 13.044 2.32218807228
36.23 10.105 11.995 2.22402568616
34.682 9.217 10.212 2.32218807228
32.476 10.063 10.484 2.32218807228
33.381 9.293 9.801 2.32218807228
35.842 13.435 13.994 1.98452021163
36.904 11.387 13.592 1.98452021163
37.081 9.7 11.729 1.98452021163
35.382 8.622 9.67 1.98452021163
31.462 10.143 10.133 1.98452021163
33.064 8.72 8.973 1.98452021163
29.83 13.587 10.127 2.41516305987
29.25 16.0 10.004 2.41516305987
31.337 16.352 11.429 1.98452021163
29.831 13.136 9.146 1.98452021163
28.717 15.971 10.943 1.98452021163
33.828 16.805 11.183 2.49687256947
34.709 17.859 10.624 2.65207782941
36.701 17.878 9.304 2.37505611705
35.025 18.859 11.74 2.65207782941
35.72 20.067 11.128 2.65207782941
35.899 21.149 12.196 2.51571213812
36.653 20.879 13.117 2.37505611705
35.273 22.183 12.03 2.37505611705
34.193 18.35 9.805 2.31343329867
34.11 19.171 12.217 2.31343329867
35.672 18.397 12.472 2.31343329867
36.685 19.775 10.747 2.31343329867
35.119 20.458 10.321 2.31343329867
38.532 14.747 11.005 2.51571213812
38.245 13.972 8.324 2.37505611705
38.229 14.691 11.299 2.65207782941
38.8 15.716 12.288 2.65207782941
40.307 15.497 12.431 2.51571213812
41.018 16.102 11.643 2.37505611705
40.664 14.739 13.318 2.37505611705
38.266 16.187 9.717 2.31343329867
39.022 14.047 10.951 2.31343329867
38.619 16.718 11.931 2.31343329867
38.33 15.593 13.252 2.31343329867
35.75 13.078 7.701 2.22693058289
37.271 12.217 8.52 2.02565795104
35.373 13.259 5.349 1.79544509739
33.291 12.629 8.003 2.22693058289
34.846 10.773 7.445 2.22693058289
36.66 12.555 7.429 1.68355989822
32.992 12.465 6.979 1.68355989822
32.597 12.125 8.661 1.68355989822
35.144 10.987 6.428 1.68355989822
35.596 10.148 7.91 1.68355989822
33.904 10.249 7.433 1.68355989822
33.964 15.557 5.429 2.0
35.545 14.368 5.939 1.74
35.036 16.638 3.591 1.4
31.483 16.153 3.741 2.0
31.159 14.482 5.619 2.0
33.657 14.822 4.703 1.2
32.956 17.447 5.628 1.2
32.04 17.046 3.506 1.2
31.947 15.31 3.257 1.2
30.474 16.26 3.369 1.2
31.634 13.817 4.917 1.2
36.911 17.936 5.096 2.0
37.445 17.568 6.198 1.74
38.981 17.243 4.127 1.4
36.965 19.175 6.001 2.0
34.964 20.309 5.021 2.0
36.793 21.657 6.05 2.0
36.675 18.208 4.075 1.2
36.333 19.019 6.863 1.2
37.979 19.336 6.333 1.2
36.979 20.467 4.276 1.2
34.708 19.325 4.659 1.2
34.454 20.487 5.956 1.2
34.648 21.047 4.298 1.2
36.993 21.378 7.076 1.2
35.951 22.332 6.025 1.2
38.643 16.736 6.261 2.22402568616
39.966 16.064 6.376 2.41516305987
41.172 17.573 4.972 2.06703446881
40.024 14.903 5.372 2.41516305987
41.15 13.946 5.782 2.41516305987
41.806 13.356 4.529 2.41516305987
43.0 12.49 4.943 2.41516305987
42.605 11.522 6.007 2.41516305987
40.087 15.701 7.392 1.98452021163
39.08 14.376 5.372 1.98452021163
40.213 15.288 4.384 1.98452021163
41.889 14.483 6.359 1.98452021163
40.743 13.15 6.388 1.98452021163
41.088 12.751 3.995 1.98452021163
42.149 14.152 3.885 1.98452021163
43.362 11.941 4.085 1.98452021163
43.791 13.121 5.316 1.98452021163
42.083 12.023 6.754 1.98452021163
42.0 10.782 5.598 1.98452021163
43.458 11.088 6.416 1.98452021163
41.938 17.275 7.028 2.22402568616
43.062 18.221 6.798 2.41516305987
41.778 15.82 4.58 2.24769809506
43.869 18.537 4.627 2.06703446881
43.956 18.224 8.042 2.41516305987
44.017 19.592 8.419 2.16754538317
41.835 16.828 7.893 1.98452021163
42.656 19.211 6.613 1.98452021163
43.514 17.639 8.836 1.98452021163
44.944 17.857 7.806 1.98452021163
43.855 19.648 9.364 1.98452021163
44.67 -18.268 -16.033 1.99639670258
45.813 -18.302 -15.082 2.22693058289
20.402 -6.866 -19.383 2.02565795104
44.779 -17.621 -13.04 1.79544509739
46.567 -16.964 -15.125 2.22693058289
48.063 -17.227 -14.948 2.22693058289
48.81 -15.892 -14.897 2.02565795104
50.093 -15.876 -15.141 2.07047405937
48.236 -14.855 -14.633 1.79544509739
46.468 -19.124 -15.354 1.68355989822
46.394 -16.481 -16.076 1.68355989822
46.217 -16.32 -14.333 1.68355989822
48.231 -17.764 -14.026 1.68355989822
48.433 -17.813 -15.777 1.68355989822
50.56 -16.711 -15.353 1.68355989822
50.587 -15.031 -15.107 1.68355989822
43.777 -18.336 -15.503 1.68355989822
44.687 -17.374 -16.565 1.68355989822
44.741 -19.067 -16.694 1.68355989822
45.464 -19.724 -13.16 2.22402568616
44.985 -20.004 -11.777 2.41516305987
19.656 -7.13 -18.35 2.24769809506
42.953 -18.982 -12.519 2.06703446881
45.815 -19.138 -10.816 2.41516305987
46.489 -20.08 -9.992 2.16754538317
45.902 -20.427 -13.686 1.98452021163
45.112 -21.058 -11.568 1.98452021163
46.531 -18.54 -11.362 1.98452021163
45.175 -18.507 -10.217 1.98452021163
46.713 -19.645 -9.167 1.98452021163
42.862 -20.052 -10.577 2.32219197539
41.438 -19.735 -10.373 2.49917816808
19.203 -5.99 -17.502 2.34393302806
40.351 -17.714 -11.039 2.17953443166
41.093 -20.34 -9.002 2.49917816808
42.373 -21.015 -8.448 2.49917816808
43.478 -20.869 -9.508 2.49917816808
40.847 -20.186 -11.16 2.10577365931
40.766 -19.562 -8.33 2.10577365931
40.307 -21.074 -9.113 2.10577365931
42.677 -20.528 -7.533 2.10577365931
44.335 -20.367 -9.092 2.10577365931
43.757 -21.84 -9.89 2.10577365931
41.979 -17.543 -9.541 2.11633202144
41.82 -16.067 -9.453 2.32485688748
19.444 -5.906 -16.284 2.14243103283
39.962 -14.564 -9.425 1.94074133197
42.256 -15.457 -10.79 2.32485688748
43.115 -14.22 -10.527 2.14243103283
42.536 -12.972 -10.415 2.22402143089
44.485 -14.334 -10.405 2.22402143089
43.316 -11.857 -10.185 2.22402143089
45.264 -13.219 -10.175 2.22402143089
44.686 -11.972 -10.063 2.14243103283
45.467 -10.859 -9.834 2.05369213118
42.653 -18.001 -8.996 1.84630452267
42.433 -15.694 -8.64 1.84630452267
41.386 -15.173 -11.364 1.84630452267
41.466 -12.868 -10.503 1.84630452267
44.949 -15.306 -10.487 1.84630452267
42.85 -10.885 -10.097 1.84630452267
46.335 -13.324 -10.082 1.84630452267
46.205 -11.125 -9.279 1.84630452267
39.601 -16.633 -8.724 2.22402568616
38.17 -16.348 -8.444 2.41516305987
19.957 -5.709 -15.117 2.24769809506
37.94 -15.226 -10.542 2.06703446881
38.094 -15.173 -7.463 2.41516305987
36.885 -15.396 -6.751 2.16754538317
39.968 -17.525 -8.555 1.98452021163
37.709 -17.237 -8.022 1.98452021163
38.937 -15.187 -6.785 1.98452021163
38.051 -14.233 -7.992 1.98452021163
37.009 -15.08 -5.854 1.98452021163
36.24 -16.484 -9.879 1.86000608385
35.456 -16.162 -11.102 2.11953941158
20.739 -5.623 -14.777 1.89360203896
35.134 -14.02 -10.089 1.62182580604
34.327 -17.192 -11.243 2.11953941158
35.869 -17.08 -9.196 1.48123575012
36.115 -16.191 -11.962 1.48123575012
34.34 -17.865 -10.4 1.48123575012
33.375 -16.685 -11.278 1.48123575012
34.463 -17.758 -12.154 1.48123575012
33.986 -14.451 -11.938 1.86000608385
33.336 -13.113 -11.915 2.11953941158
21.246 -5.875 -14.131 1.89360203896
31.444 -14.145 -10.89 1.62182580604
32.92 -12.758 -13.346 2.11953941158
33.776 -15.09 -12.651 1.48123575012
34.039 -12.384 -11.523 1.48123575012
32.684 -13.658 -13.892 1.48123575012
32.049 -12.119 -13.322 1.48123575012
33.727 -12.24 -13.843 1.48123575012
31.772 -11.985 -10.475 1.86000608385
30.569 -11.893 -9.599 2.11953941158
22.541 -5.659 -12.882 1.89360203896
29.778 -10.314 -11.205 1.62182580604
30.999 -11.314 -8.246 2.11953941158
31.977 -12.275 -7.568 2.11953941158
32.241 -12.065 -5.79 1.94464180074
33.815 -11.177 -5.892 2.11953941158
32.329 -11.193 -10.627 1.48123575012
30.133 -12.879 -9.476 1.48123575012
31.477 -10.357 -8.397 1.48123575012
30.13 -11.177 -7.618 1.48123575012
31.628 -13.282 -7.731 1.48123575012
32.935 -12.178 -8.055 1.48123575012
33.683 -10.28 -6.48 1.48123575012
34.144 -10.912 -4.898 1.48123575012
34.554 -11.809 -6.361 1.48123575012
28.368 -10.925 -9.597 1.99639670258
27.282 -10.05 -10.114 2.22693058289
23.051 -4.926 -11.619 2.02565795104
27.091 -9.047 -7.951 1.79544509739
26.002 -10.886 -10.228 2.22693058289
28.219 -11.471 -8.796 1.68355989822
27.569 -9.653 -11.08 1.68355989822
26.075 -11.753 -9.59 1.68355989822
25.151 -10.293 -9.926 1.68355989822
25.865 -11.207 -11.25 1.68355989822
26.736 -7.743 -9.707 2.78727690768
26.471 -6.558 -8.847 2.91388939885
24.312 -4.535 -9.874 2.80242708673
25.426 -5.598 -10.763 2.69092106381
27.802 -5.85 -8.58 2.91388939885
28.39 -5.373 -9.909 2.91388939885
29.891 -5.673 -9.933 2.80242708673
30.557 -5.165 -9.047 2.69092106381
30.287 -6.391 -10.836 2.69092106381
26.692 -7.664 -10.681 2.64331341772
26.013 -6.89 -7.919 2.64331341772
27.637 -5.001 -7.93 2.64331341772
28.488 -6.533 -8.101 2.64331341772
27.91 -5.89 -10.727 2.64331341772
28.237 -4.311 -10.017 2.64331341772
24.857 -4.767 -8.789 2.11633202144
23.92 -3.799 -9.417 2.32485688748
24.928 -3.295 -8.251 2.14243103283
24.803 -2.124 -7.955 1.94074133197
22.521 -4.433 -9.428 2.32485688748
22.587 -5.783 -10.151 2.32485688748
21.168 -6.283 -10.418 2.14243103283
20.436 -6.68 -9.413 2.18262886222
20.712 -6.318 -11.544 1.94074133197
24.976 -4.783 -7.817 1.84630452267
24.253 -3.59 -10.427 1.84630452267
22.183 -4.58 -8.413 1.84630452267
21.829 -3.782 -9.941 1.84630452267
23.105 -6.504 -9.537 1.84630452267
20.8 -6.653 -8.503 1.84630452267
19.527 -7.008 -9.567 1.84630452267
22.764 -1.792 -8.758 2.11633202144
22.621 -0.498 -8.036 2.32485688748
25.505 -1.71 -5.977 2.14243103283
22.583 -1.299 -5.777 1.94074133197
21.133 -0.098 -8.033 2.32485688748
20.283 -1.208 -7.405 2.32485688748
18.857 -1.125 -7.965 2.32485688748
18.872 -1.519 -9.404 2.11633202144
18.038 -2.429 -9.831 2.14243103283
16.834 -2.469 -9.328 2.18262886222
18.433 -3.267 -10.75 2.18262886222
22.036 -2.121 -9.324 1.84630452267
23.211 0.249 -8.56 1.84630452267
21.006 0.815 -7.469 1.84630452267
20.805 0.069 -9.049 1.84630452267
20.707 -2.172 -7.636 1.84630452267
20.259 -1.081 -6.333 1.84630452267
18.209 -1.793 -7.419 1.84630452267
18.486 -0.113 -7.876 1.84630452267
19.501 -1.096 -10.026 1.84630452267
16.563 -1.81 -8.628 1.84630452267
16.184 -3.161 -9.643 1.84630452267
19.361 -3.204 -11.116 1.84630452267
17.808 -3.973 -11.086 1.84630452267
24.177 0.155 -6.322 2.57572842164
24.779 0.166 -4.959 2.72232757201
28.312 -2.205 -3.982 2.59344389372
27.11 0.725 -4.934 2.46178430194
23.998 -3.39 -3.778 2.65002772709
22.532 -2.417 -2.669 2.65002772709
22.928 -3.634 -3.005 2.57572842164
24.565 0.72 -7.023 2.40458343712
24.038 0.502 -4.24 2.40458343712
23.15 -0.547 -3.044 2.40458343712
24.612 -4.144 -4.249 2.40458343712
25.662 2.407 -4.973 1.99639670258
26.753 3.423 -4.97 2.22693058289
30.071 1.079 -4.357 2.02565795104
28.203 4.231 -3.251 1.79544509739
26.311 4.613 -5.84 2.22693058289
24.783 4.663 -5.92 2.22693058289
24.361 5.952 -6.626 2.02565795104
23.19 6.46 -6.368 2.07047405937
25.098 6.51 -7.416 1.79544509739
24.725 2.687 -4.987 1.68355989822
27.651 2.97 -5.379 1.68355989822
26.674 5.532 -5.403 1.68355989822
26.721 4.509 -6.833 1.68355989822
24.413 3.814 -6.478 1.68355989822
24.362 4.649 -4.924 1.68355989822
22.593 6.016 -5.728 1.68355989822
22.904 7.286 -6.81 1.68355989822
26.309 4.563 -1.362 3.13558669588
25.064 5.32 -0.884 3.13558669588
24.763 6.456 -1.859 3.13558669588
25.059 7.797 -1.182 3.04008465649
24.278 8.146 -0.313 2.9461805266
26.049 8.393 -1.572 2.9461805266
25.154 3.802 -3.029 2.90663511069
27.173 5.219 -1.38 2.90663511069
24.222 4.644 -0.841 2.90663511069
25.383 6.358 -2.738 2.90663511069
23.723 6.424 -2.15 2.90663511069
25.779 2.401 -0.501 1.99639670258
28.878 -0.543 0.871 2.02565795104
25.149 0.078 -0.276 2.22693058289
26.35 -2.138 -0.036 2.11632732207
24.903 -1.66 1.545 2.02565795104
25.412 -2.9 1.878 2.02565795104
23.909 -1.093 2.332 2.11632732207
26.285 -3.113 0.866 1.99639670258
24.942 -3.57 2.978 2.11632732207
23.433 -1.783 3.432 2.11632732207
23.951 -3.017 3.753 2.11632732207
25.056 2.422 -1.164 1.68355989822
24.09 0.272 -0.193 1.68355989822
26.867 -2.143 -0.981 1.68355989822
26.826 -3.927 0.802 1.68355989822
23.535 -0.094 2.11 1.68355989822
25.373 -4.514 3.246 1.68355989822
22.626 -1.377 4.02 1.68355989822
23.569 -3.559 4.6 1.68355989822
32.665 -0.369 0.903 2.02565795104
30.218 0.43 -1.53 2.22693058289
30.022 -1.385 -3.229 2.22693058289
29.872 -1.948 -0.808 2.22693058289
31.288 0.28 -1.492 1.68355989822
31.067 -1.65 -3.161 1.68355989822
29.454 -2.253 -3.533 1.68355989822
30.827 -1.716 -0.36 1.68355989822
29.923 -2.925 -1.268 1.68355989822
30.922 2.943 -0.757 2.11633202144
31.768 4.14 -0.499 2.32485688748
33.687 3.202 0.557 2.14243103283
32.295 5.284 1.531 1.94074133197
31.55 5.134 -1.65 2.32485688748
32.076 4.533 -2.962 2.32485688748
32.461 5.668 -3.915 2.32485688748
32.181 5.253 -5.318 2.11633202144
32.143 6.166 -6.254 2.14243103283
33.132 7.011 -6.347 2.18262886222
31.116 6.204 -7.057 2.18262886222
30.494 5.342 -1.749 1.84630452267
32.073 6.053 -1.434 1.84630452267
32.941 3.918 -2.765 1.84630452267
31.305 3.926 -3.416 1.84630452267
31.886 6.552 -3.687 1.84630452267
33.513 5.89 -3.811 1.84630452267
32.028 4.31 -5.535 1.84630452267
33.902 6.956 -5.711 1.84630452267
33.119 7.72 -7.054 1.84630452267
30.371 5.544 -6.954 1.84630452267
31.073 6.897 -7.777 1.84630452267
29.779 5.618 2.397 2.0
30.49 4.94 4.575 1.4
28.6 8.473 3.276 1.86
28.399 8.305 0.907 1.86
28.714 9.844 3.17 1.86
28.513 9.676 0.8 1.86
28.671 10.446 1.932 1.86
27.773 5.905 3.125 1.2
28.629 8.006 4.251 1.2
28.265 7.708 0.018 1.2
28.837 10.447 4.059 1.2
28.482 10.145 -0.172 1.2
28.762 11.518 1.848 1.2
29.131 3.574 3.482 1.99639670258
29.147 2.616 4.609 2.22693058289
31.707 1.333 5.696 2.02565795104
28.541 1.295 4.132 2.22693058289
28.834 0.207 5.164 2.22693058289
27.026 1.474 4.005 2.22693058289
28.574 3.034 5.431 1.68355989822
28.743 0.615 6.161 1.68355989822
29.836 -0.169 5.023 1.68355989822
26.569 1.407 4.98 1.68355989822
35.41 1.836 5.666 3.29292659605
33.786 2.576 3.274 3.374854362
33.877 1.217 2.577 3.29292659605
32.828 0.746 2.171 3.21343256117
34.991 0.724 2.495 3.21343256117
33.064 1.465 5.005 3.18029501852
34.779 2.912 3.532 3.18029501852
33.25 5.948 8.591 1.4
32.513 7.098 5.689 2.0
32.228 8.593 3.708 2.0
34.446 7.546 4.169 2.0
31.442 6.965 5.743 1.2
32.797 7.944 6.298 1.2
32.558 9.458 4.267 1.2
32.466 8.732 2.663 1.2
34.789 8.026 5.072 1.2
34.938 6.59 4.064 1.2
34.692 8.167 3.322 1.2
31.673 4.712 7.649 1.7
31.128 4.334 8.976 2.0
32.35 3.894 10.988 1.4
29.973 3.345 8.763 2.0
28.078 4.287 10.091 2.0
28.512 1.832 10.112 2.0
30.794 5.226 9.492 1.2
29.331 3.7 7.97 1.2
29.822 3.336 10.909 1.2
28.518 5.264 9.963 1.2
27.371 4.111 9.293 1.2
27.559 4.253 11.038 1.2
28.076 1.6 9.15 1.2
27.737 1.823 10.863 1.2
35.781 1.581 11.223 2.59344389372
35.952 1.385 8.336 2.72232757201
36.269 0.432 7.182 2.72232757201
37.676 0.722 6.657 2.72232757201
37.732 2.078 6.04 2.72232757201
36.722 1.311 9.09 2.40458343712
36.216 -0.589 7.529 2.40458343712
35.548 0.573 6.388 2.40458343712
38.383 0.674 7.471 2.40458343712
37.943 -0.015 5.915 2.40458343712
38.398 2.675 6.573 2.40458343712
38.054 1.997 5.055 2.40458343712
37.781 4.786 11.404 2.34393302806
36.924 5.798 12.174 2.17953443166
36.448 6.225 8.878 2.49917816808
37.173 5.681 7.644 2.34393302806
36.641 4.693 6.974 2.37766287277
38.232 6.148 7.28 2.17953443166
37.32 4.593 10.014 2.10577365931
36.998 7.07 9.264 2.10577365931
37.098 4.339 6.183 2.10577365931
35.428 6.344 13.891 2.59344389372
33.044 7.309 12.717 2.72232757201
32.543 6.806 11.905 2.40458343712
34.217 4.677 13.605 2.41269401738
32.138 1.711 15.587 2.49686919338
31.602 1.8 13.274 2.49686919338
30.827 1.394 15.879 2.49686919338
30.292 1.482 13.566 2.49686919338
28.583 0.966 15.163 2.36497245057
34.643 1.5 14.343 2.21447173442
32.856 1.803 16.387 2.21447173442
30.53 1.236 16.904 2.21447173442
29.572 1.389 12.764 2.21447173442
28.02 1.598 14.711 2.21447173442
36.628 2.923 14.389 2.11633202144
38.071 2.77 14.773 2.32485688748
38.853 2.843 16.861 2.14243103283
38.918 3.135 13.547 2.32485688748
40.395 2.892 13.861 2.32485688748
41.14 4.227 13.836 2.14243103283
41.387 4.792 12.686 2.18262886222
41.503 4.769 14.862 1.94074133197
38.248 1.741 15.062 1.84630452267
38.621 2.524 12.706 1.84630452267
40.494 2.444 14.839 1.84630452267
40.823 2.23 13.122 1.84630452267
41.097 4.36 11.855 1.84630452267
41.861 5.65 12.653 1.84630452267
39.056 6.261 18.118 2.24769809506
37.487 7.143 18.252 2.06703446881
39.085 7.255 16.048 2.41516305987
40.491 7.249 15.438 2.24769809506
40.625 7.252 14.14 2.28430885786
41.481 7.237 16.141 2.06703446881
39.703 5.563 17.24 1.98452021163
38.349 7.422 15.28 1.98452021163
39.016 8.033 16.78 1.98452021163
39.832 7.258 13.564 1.98452021163
41.52 7.24 13.739 1.98452021163
35.799 5.593 19.727 3.19656430018
34.524 6.779 19.802 3.11200838625
36.413 4.83 20.239 3.28331166428
35.599 3.784 21.003 3.19656430018
34.437 4.069 21.239 3.11200838625
36.185 2.758 21.307 3.11200838625
37.425 4.501 20.135 3.076638282
36.398 5.771 20.769 3.076638282
34.658 8.106 18.785 2.14243103283
37.015 11.097 16.566 2.32485688748
34.884 11.281 17.908 2.32485688748
36.519 9.946 18.308 1.84630452267
37.644 10.39 16.046 1.84630452267
37.632 11.731 17.186 1.84630452267
34.855 11.301 18.987 1.84630452267
31.307 6.748 16.56 2.85287250891
31.104 5.257 16.293 2.85287250891
30.643 4.132 18.633 2.78727419845
32.559 3.395 18.976 2.78727419845
31.361 3.445 19.537 2.7203848681
30.074 5.072 16.032 2.56861636439
31.735 4.943 15.484 2.56861636439
29.598 4.39 18.735 2.56861636439
33.419 2.923 19.435 2.56861636439
29.416 7.191 20.123 2.02565795104
27.498 8.497 19.335 1.79544509739
30.423 8.196 21.131 2.22693058289
29.017 7.116 22.923 2.22693058289
30.787 5.769 21.723 2.22693058289
31.448 8.407 20.868 1.68355989822
29.953 9.1 21.484 1.68355989822
31.135 7.446 23.014 1.68355989822
28.254 7.33 22.192 1.68355989822
28.835 6.14 23.35 1.68355989822
31.423 5.262 22.433 1.68355989822
29.898 5.175 21.558 1.68355989822
29.178 9.888 18.928 2.49687256947
28.28 10.926 18.406 2.65207782941
28.176 10.441 18.634 2.51571213812
26.307 10.16 17.307 2.37505611705
29.204 12.061 17.954 2.65207782941
30.663 11.598 18.184 2.65207782941
30.607 10.267 18.942 2.65207782941
27.599 11.253 19.182 2.31343329867
31.194 12.329 18.774 2.31343329867
30.949 10.423 19.948 2.31343329867
28.175 10.229 16.085 1.7
27.487 9.712 14.874 2.0
25.314 8.768 15.049 1.4
28.538 9.084 13.956 2.0
29.403 9.035 11.628 2.0
26.977 9.41 12.046 2.0
28.391 8.014 13.905 1.2
29.215 7.972 11.568 1.2
29.312 9.467 10.645 1.2
26.514 8.636 12.641 1.2
27.023 9.088 11.017 1.2
27.018 7.584 15.811 1.7
26.117 6.471 16.231 2.0
26.544 6.009 16.246 1.74
23.786 7.016 16.392 1.4
26.887 5.58 17.226 2.0
24.748 4.263 17.568 2.0
26.529 3.372 16.039 2.0
25.807 5.909 15.355 1.2
26.875 6.037 18.204 1.2
26.722 3.654 18.142 1.2
24.552 4.943 18.385 1.2
24.242 4.613 16.682 1.2
24.367 3.286 17.828 1.2
27.285 3.86 15.446 1.2
26.872 2.381 16.303 1.2
25.624 3.287 15.462 1.2
25.079 7.589 18.099 2.22402568616
23.942 8.187 18.855 2.41516305987
21.993 9.48 18.349 2.06703446881
24.523 8.951 20.052 2.41516305987
23.381 9.584 20.849 2.24769809506
22.779 8.875 21.764 2.28430885786
23.028 10.729 20.645 2.06703446881
25.975 7.566 18.497 1.98452021163
25.07 8.273 20.69 1.98452021163
25.188 9.728 19.703 1.98452021163
23.062 7.953 21.933 1.98452021163
22.043 9.266 22.281 1.98452021163
23.679 9.642 16.925 1.86000608385
22.921 10.605 16.068 2.11953941158
22.839 9.674 14.992 1.89360203896
20.53 10.525 16.061 1.62182580604
23.404 13.384 14.973 2.11953941158
23.949 12.329 12.773 2.11953941158
22.758 11.517 16.633 1.48123575012
24.782 11.053 15.067 1.48123575012
23.678 10.058 14.128 1.48123575012
22.147 12.013 13.887 1.48123575012
24.16 13.186 15.718 1.48123575012
23.719 14.219 14.363 1.48123575012
22.478 13.637 15.468 1.48123575012
23.789 11.467 12.142 1.48123575012
23.588 13.212 12.265 1.48123575012
20.319 8.484 14.275 2.11953941158
21.312 6.634 13.593 1.89360203896
19.525 6.237 14.496 1.62182580604
20.545 8.087 12.809 2.11953941158
19.269 8.344 12.005 2.11953941158
17.754 7.522 12.555 1.94464180074
16.61 8.854 12.118 2.11953941158
22.452 8.724 14.451 1.48123575012
19.538 9.233 14.349 1.48123575012
21.351 8.677 12.399 1.48123575012
20.809 7.044 12.746 1.48123575012
19.08 9.408 12.005 1.48123575012
19.45 8.045 10.984 1.48123575012
16.827 9.203 11.119 1.48123575012
15.593 8.485 12.157 1.48123575012
16.723 9.669 12.816 1.48123575012
19.938 7.333 16.371 1.86000608385
20.026 5.047 16.537 1.89360203896
19.68 6.522 18.664 2.11953941158
21.045 6.135 20.718 2.11953941158
20.414 4.199 19.268 2.11953941158
20.237 8.157 16.805 1.48123575012
19.919 7.571 18.755 1.48123575012
18.753 6.328 19.178 1.48123575012
21.14 7.21 20.755 1.48123575012
20.214 5.83 21.338 1.48123575012
21.952 5.685 21.095 1.48123575012
20.953 3.686 18.486 1.48123575012
20.662 3.754 20.22 1.48123575012
17.179 6.614 17.389 2.11633202144
15.728 6.343 17.174 2.32485688748
16.65 4.834 15.451 2.14243103283
15.988 4.182 18.169 1.94074133197
15.525 5.96 15.693 2.32485688748
14.255 6.588 15.099 2.32485688748
16.577 6.596 14.986 2.05369213118
17.459 7.403 17.898 1.84630452267
15.187 7.241 17.427 1.84630452267
15.568 4.886 15.551 1.84630452267
16.876 7.346 15.507 1.84630452267
14.153 7.611 15.428 1.84630452267
14.317 6.573 14.02 1.84630452267
13.389 6.023 15.407 1.84630452267
14.116 5.257 18.703 2.32219197539
13.636 4.161 19.568 2.49917816808
14.295 1.891 19.248 2.17953443166
12.198 4.556 19.946 2.49917816808
11.93 5.969 19.376 2.49917816808
13.191 6.413 18.623 2.49917816808
14.262 4.094 20.448 2.10577365931
11.5 3.849 19.521 2.10577365931
12.09 4.563 21.021 2.10577365931
11.086 5.941 18.703 2.10577365931
11.724 6.656 20.182 2.10577365931
12.955 6.637 17.595 2.10577365931
13.629 7.274 19.106 2.10577365931
12.856 2.745 17.786 2.85110369563
12.78 1.473 17.01 2.97245262608
14.757 0.076 14.417 2.8655882766
14.269 -0.388 17.162 2.75923199067
12.307 1.809 15.592 2.97245262608
11.854 0.526 14.891 2.8655882766
12.09 -0.519 15.471 2.75923199067
11.3 0.666 13.814 2.75923199067
12.328 3.52 17.509 2.7140117378
12.08 0.802 17.5 2.7140117378
11.481 2.504 15.634 2.7140117378
13.118 2.253 15.033 2.7140117378
18.296 -0.284 15.041 3.19656430018
17.449 2.062 15.926 3.28331166428
18.512 1.409 15.043 3.28331166428
17.963 1.244 13.624 3.19656430018
17.69 2.271 13.026 3.11200838625
17.853 0.098 13.218 3.11200838625
16.885 2.781 15.351 3.076638282
19.393 2.034 15.013 3.076638282
18.775 0.441 15.442 3.076638282
18.046 -0.399 18.626 2.14243103283
17.659 -1.1 21.111 1.94074133197
16.544 2.037 21.174 2.32485688748
17.241 1.933 22.53 2.32485688748
16.59 2.911 23.509 2.32485688748
17.197 2.712 24.857 2.11633202144
16.665 3.3 25.892 2.14243103283
16.411 4.579 25.83 2.18262886222
16.403 2.588 26.956 2.18262886222
16.63 3.044 20.797 1.84630452267
15.499 1.784 21.282 1.84630452267
17.146 0.925 22.908 1.84630452267
18.288 2.172 22.418 1.84630452267
16.761 3.928 23.185 1.84630452267
15.529 2.725 23.564 1.84630452267
17.986 2.144 24.964 1.84630452267
16.625 5.092 24.999 1.84630452267
16.001 5.046 26.613 1.84630452267
16.611 1.61 26.966 1.84630452267
15.996 3.022 27.759 1.84630452267
15.181 -2.105 20.738 2.97245262608
15.943 -3.321 18.553 2.8655882766
15.262 -4.257 19.707 2.75923199067
13.648 -2.149 20.751 2.97245262608
13.16 -2.117 22.202 2.97245262608
11.656 -1.836 22.226 2.8655882766
10.928 -2.753 21.882 2.75923199067
11.32 -0.72 22.588 2.75923199067
14.973 -0.103 19.966 2.7140117378
15.584 -2.352 21.715 2.7140117378
13.256 -1.296 20.218 2.7140117378
13.306 -3.055 20.274 2.7140117378
13.352 -3.07 22.673 2.7140117378
13.677 -1.34 22.745 2.7140117378
16.609 -2.686 18.893 2.11633202144
17.169 -3.601 17.86 2.32485688748
18.255 -4.906 16.142 2.14243103283
17.142 -2.875 16.509 2.32485688748
16.568 -4.501 17.818 1.84630452267
16.215 -2.33 16.408 1.84630452267
17.97 -2.187 16.448 1.84630452267
17.219 -3.595 15.709 1.84630452267
19.413 -3.048 18.579 1.86000608385
20.826 -3.402 18.884 2.11953941158
21.413 -4.287 17.911 1.89360203896
21.517 -2.23 19.607 2.11953941158
21.352 -2.549 22.116 2.11953941158
20.824 -0.338 21.088 2.11953941158
21.552 -1.377 18.944 1.48123575012
21.967 -3.386 21.821 1.48123575012
21.959 -1.847 22.67 1.48123575012
20.558 -2.906 22.755 1.48123575012
20.397 0.17 20.238 1.48123575012
20.276 -0.063 21.977 1.48123575012
21.855 -0.036 21.2 1.48123575012
20.258 -5.84 21.749 2.41516305987
20.371 -8.121 21.009 2.06703446881
19.679 -3.868 21.109 1.98452021163
21.274 -6.006 22.075 1.98452021163
19.633 -5.668 22.612 1.98452021163
18.645 -6.916 20.324 2.11633202144
18.097 -8.063 19.562 2.32485688748
18.889 -9.446 17.776 1.94074133197
16.754 -7.647 18.957 2.32485688748
16.048 -8.844 18.308 2.32485688748
15.935 -7.308 20.063 2.05369213118
18.18 -6.053 20.328 1.84630452267
17.981 -8.909 20.233 1.84630452267
16.859 -6.804 18.284 1.84630452267
15.198 -7.923 20.086 1.84630452267
16.457 -9.765 18.695 1.84630452267
14.991 -8.806 18.524 1.84630452267
16.192 -8.816 17.237 1.84630452267
20.065 -7.624 18.258 2.22402568616
21.066 -7.9 17.193 2.41516305987
22.367 -9.073 16.581 2.24769809506
22.048 -6.707 15.229 2.41516305987
20.843 -6.445 14.323 2.41516305987
20.631 -4.975 14.21 2.22402568616
20.165 -4.485 13.095 2.24769809506
18.873 -4.377 12.943 2.28430885786
21.003 -4.122 12.168 2.28430885786
20.587 -8.45 16.39 1.98452021163
22.832 -5.996 15.008 1.98452021163
22.419 -7.707 15.06 1.98452021163
21.025 -6.857 13.342 1.98452021163
19.96 -6.901 14.747 1.98452021163
20.84 -4.383 14.965 1.98452021163
18.258 -4.668 13.674 1.98452021163
18.501 -3.999 12.095 1.98452021163
21.987 -4.223 12.319 1.98452021163
24.096 -8.918 19.248 2.22693058289
24.598 -9.747 19.412 2.02565795104
24.62 -8.147 20.486 2.22693058289
23.602 -7.085 20.902 2.22693058289
24.854 -9.093 21.672 2.22693058289
24.876 -9.015 18.497 1.68355989822
23.833 -6.733 21.896 1.68355989822
25.483 -9.918 21.371 1.68355989822
25.346 -8.552 22.467 1.68355989822
23.911 -9.47 22.039 1.68355989822
22.33 -10.422 19.879 2.11633202144
21.767 -11.736 20.284 2.32485688748
20.257 -11.568 20.518 2.32485688748
19.909 -12.016 21.941 2.32485688748
18.389 -11.955 22.138 2.32485688748
17.891 -13.294 22.572 2.11633202144
16.736 -13.724 22.134 2.14243103283
16.468 -13.619 20.861 2.18262886222
15.891 -14.251 22.981 2.18262886222
19.713 -12.17 19.805 1.84630452267
20.254 -13.029 22.098 1.84630452267
20.391 -11.365 22.655 1.84630452267
18.147 -11.223 22.895 1.84630452267
17.909 -11.68 21.211 1.84630452267
18.423 -13.846 23.182 1.84630452267
17.139 -13.215 20.24 1.84630452267
15.59 -13.944 20.507 1.84630452267
16.133 -14.323 23.949 1.84630452267
15.003 -14.579 22.662 1.84630452267
22.248 -12.222 14.919 2.22693058289
20.035 -11.885 15.967 2.22693058289
21.659 -11.509 13.707 2.22693058289
20.704 -13.696 15.003 1.68355989822
22.986 -12.934 14.586 1.68355989822
19.397 -12.247 16.761 1.68355989822
19.437 -11.696 15.089 1.68355989822
20.897 -12.132 13.258 1.68355989822
21.216 -10.574 14.017 1.68355989822
22.435 -11.316 12.986 1.68355989822
26.705 -14.635 17.542 2.02565795104
26.265 -12.386 16.679 2.22693058289
27.696 -12.772 16.293 2.22693058289
25.731 -11.372 15.666 2.22693058289
25.508 -14.194 15.737 1.68355989822
26.261 -11.95 17.666 1.68355989822
27.744 -12.988 15.236 1.68355989822
28.366 -11.952 16.518 1.68355989822
25.404 -11.886 14.773 1.68355989822
26.509 -10.67 15.405 1.68355989822
25.819 -13.931 19.005 2.57572842164
26.183 -14.713 20.217 2.72232757201
26.837 -15.342 21.23 2.59344389372
26.063 -13.789 21.449 2.72232757201
24.742 -14.033 22.192 2.72232757201
24.543 -12.923 23.23 2.59344389372
25.064 -13.101 24.318 2.46178430194
23.882 -11.961 22.876 2.46178430194
25.631 -12.971 19.075 2.40458343712
27.207 -15.054 20.103 2.40458343712
26.888 -13.98 22.12 2.40458343712
26.108 -12.759 21.132 2.40458343712
24.774 -14.983 22.702 2.40458343712
24.138 -17.966 21.147 2.59344389372
23.978 -19.383 19.03 2.46178430194
21.264 -16.317 20.819 2.72232757201
19.82 -15.873 20.583 2.59344389372
19.569 -15.404 19.486 2.46178430194
19.048 -16.029 21.515 2.46178430194
21.271 -17.153 21.503 2.40458343712
21.823 -15.498 21.247 2.40458343712
24.001 -18.827 16.365 2.11953941158
25.497 -19.762 18.219 1.89360203896
25.247 -20.861 16.454 1.62182580604
24.381 -18.028 15.11 2.11953941158
23.471 -16.524 13.339 2.11953941158
22.44 -18.77 13.691 2.11953941158
24.956 -17.161 15.399 1.48123575012
24.982 -18.64 14.453 1.48123575012
23.984 -15.7 13.813 1.48123575012
24.117 -16.962 12.593 1.48123575012
22.575 -16.157 12.861 1.48123575012
23.035 -19.66 13.824 1.48123575012
22.342 -18.564 12.635 1.48123575012
28.83 -20.162 19.737 1.89360203896
27.233 -21.464 19.677 1.62182580604
29.977 -20.87 18.511 2.11953941158
29.649 -20.446 16.044 2.11953941158
27.408 -20.739 17.288 1.48123575012
30.661 -19.15 17.424 1.48123575012
29.902 -20.419 19.489 1.48123575012
30.952 -21.324 18.407 1.48123575012
28.932 -19.898 15.451 1.48123575012
30.605 -20.435 15.539 1.48123575012
29.317 -21.467 16.144 1.48123575012
27.876 -21.051 23.006 2.14243103283
25.204 -19.779 23.299 1.94074133197
27.567 -18.507 22.509 2.32485688748
28.722 -19.018 23.375 2.32485688748
29.395 -17.828 24.067 2.32485688748
30.425 -18.339 25.017 2.11633202144
30.943 -17.529 25.898 2.14243103283
30.17 -17.015 26.815 2.18262886222
32.218 -17.258 25.831 2.18262886222
26.803 -18.078 23.139 1.84630452267
28.344 -19.704 24.118 1.84630452267
29.442 -19.529 22.754 1.84630452267
29.868 -17.195 23.332 1.84630452267
28.66 -17.256 24.612 1.84630452267
30.709 -19.276 24.981 1.84630452267
29.197 -17.245 26.834 1.84630452267
30.549 -16.391 27.499 1.84630452267
32.779 -17.666 25.113 1.84630452267
32.634 -16.641 26.501 1.84630452267
23.238 -20.451 21.537 2.97245262608
23.047 -20.09 22.535 2.7140117378
23.662 -22.695 20.743 2.85110369563
23.363 -24.15 20.637 2.97245262608
27.547 -25.578 21.458 2.8655882766
23.874 -26.103 21.913 2.75923199067
24.135 -24.723 19.441 2.97245262608
25.636 -24.686 19.738 2.97245262608
26.41 -24.516 18.427 2.8655882766
25.884 -24.974 17.424 2.75923199067
27.483 -23.941 18.502 2.75923199067
22.294 -24.276 20.501 2.7140117378
23.825 -25.743 19.265 2.7140117378
23.925 -24.136 18.559 2.7140117378
25.938 -25.61 20.212 2.7140117378
24.469 -24.77 24.233 2.22693058289
26.829 -26.981 23.497 2.02565795104
23.853 -24.582 26.537 1.79544509739
25.923 -24.366 24.52 2.22693058289
26.839 -24.947 23.438 2.22693058289
27.393 -26.659 23.644 2.07047405937
28.361 -26.768 22.116 2.22693058289
26.006 -23.289 24.524 1.68355989822
26.22 -24.745 25.487 1.68355989822
27.719 -24.327 23.375 1.68355989822
28.906 -25.847 21.968 1.68355989822
27.698 -26.934 21.278 1.68355989822
22.573 -23.535 25.062 2.32219197539
21.672 -23.017 26.128 2.49917816808
23.932 -26.712 23.465 2.34393302806
20.156 -24.837 25.8 2.17953443166
20.873 -21.841 25.552 2.49917816808
21.599 -21.468 24.39 2.27055054127
22.272 -22.696 26.972 2.10577365931
20.841 -21.02 26.253 2.10577365931
21.432 -20.538 24.221 2.10577365931
20.476 -24.15 27.883 1.99639670258
19.551 -25.151 28.43 2.22693058289
22.728 -27.74 23.162 2.02565795104
17.173 -25.371 28.504 1.79544509739
20.047 -25.462 29.839 2.22693058289
18.939 -26.17 30.6 2.22693058289
19.541 -26.98 31.751 2.02565795104
20.781 -26.766 32.096 2.07047405937
18.888 -27.815 32.346 1.79544509739
20.937 -23.548 28.494 1.68355989822
19.567 -26.038 27.809 1.68355989822
20.921 -26.088 29.781 1.68355989822
20.301 -24.541 30.342 1.68355989822
18.253 -25.438 30.995 1.68355989822
18.412 -26.83 29.929 1.68355989822
21.312 -26.093 31.619 1.68355989822
21.182 -27.279 32.828 1.68355989822
17.993 -23.316 28.614 2.11633202144
16.628 -22.732 28.705 2.32485688748
19.638 -27.185 22.738 2.14243103283
14.777 -22.388 27.23 1.94074133197
16.748 -21.27 29.158 2.32485688748
15.699 -20.976 30.241 2.32485688748
15.395 -19.479 30.246 2.32485688748
14.563 -19.161 29.053 2.11633202144
13.335 -19.602 28.992 2.14243103283
12.596 -19.559 30.065 2.18262886222
12.888 -20.074 27.859 2.18262886222
18.782 -22.736 28.624 1.84630452267
16.052 -23.315 29.416 1.84630452267
17.737 -21.096 29.554 1.84630452267
14.792 -21.523 30.035 1.84630452267
16.08 -21.272 31.208 1.84630452267
14.851 -19.218 31.141 1.84630452267
16.314 -18.916 30.204 1.84630452267
14.937 -18.63 28.319 1.84630452267
12.971 -19.195 30.918 1.84630452267
11.652 -19.891 30.037 1.84630452267
11.948 -20.415 27.795 1.84630452267
16.624 -23.246 26.35 3.02722576985
18.904 -25.385 22.852 3.04008465649
14.342 -21.655 24.679 2.9461805266
14.846 -24.317 25.022 3.13558669588
15.34 -25.691 24.563 3.13558669588
14.291 -26.75 24.911 3.04008465649
13.222 -26.339 25.334 2.9461805266
14.618 -27.913 24.738 2.9461805266
14.449 -24.391 26.023 2.90663511069
14.064 -23.974 24.359 2.90663511069
16.269 -25.928 25.06 2.90663511069
19.398 -23.326 21.159 1.89360203896
15.258 -18.944 21.359 1.62182580604
17.045 -18.823 23.864 2.11953941158
15.995 -18.473 26.117 2.11953941158
17.442 -16.699 25.121 2.11953941158
17.315 -21.491 23.844 1.48123575012
17.86 -19.327 24.361 1.48123575012
17.424 -18.322 22.985 1.48123575012
15.55 -17.349 24.338 1.48123575012
16.579 -19.366 26.273 1.48123575012
16.152 -17.798 26.945 1.48123575012
14.948 -18.739 26.07 1.48123575012
17.951 -16.407 24.216 1.48123575012
16.941 -15.838 25.54 1.48123575012
18.164 -17.07 25.833 1.48123575012
16.385 -20.865 19.802 2.57789518755
17.713 -22.026 19.36 2.43285482807
16.327 -22.565 18.123 2.28148428923
17.685 -20.266 19.23 2.57789518755
18.91 -21.07 19.703 2.57789518755
20.124 -20.667 18.859 2.57789518755
20.149 -21.49 17.566 2.57789518755
20.673 -20.668 16.44 2.57789518755
15.524 -20.292 19.468 2.21447173442
17.639 -20.276 18.152 2.21447173442
17.781 -19.245 19.563 2.21447173442
19.104 -20.855 20.743 2.21447173442
20.785 -22.353 17.699 2.21447173442
19.151 -21.821 17.322 2.21447173442
21.374 -21.219 15.904 2.21447173442
19.888 -20.399 15.811 2.21447173442
16.013 -23.212 20.225 2.22402568616
15.856 -24.643 19.831 2.41516305987
13.935 -25.796 19.007 2.06703446881
16.645 -25.505 20.828 2.41516305987
17.928 -26.038 20.176 2.24769809506
18.964 -26.278 20.931 2.28430885786
17.997 -26.247 18.98 2.06703446881
16.231 -24.776 18.825 1.98452021163
16.038 -26.34 21.145 1.98452021163
19.793 -26.619 20.534 1.98452021163
13.689 -24.66 20.89 2.85110369563
12.258 -25.053 20.993 2.97245262608
14.307 -21.731 21.95 2.8655882766
11.177 -24.193 22.936 2.75923199067
12.172 -26.385 21.756 2.97245262608
12.725 -27.519 20.89 2.97245262608
12.216 -28.856 21.434 2.8655882766
12.052 -28.921 22.642 2.75923199067
12.023 -29.736 20.613 2.75923199067
11.844 -25.148 19.995 2.7140117378
11.141 -26.591 22.004 2.7140117378
12.393 -27.404 19.869 2.7140117378
13.805 -27.509 20.919 2.7140117378
11.103 -22.945 21.098 1.86000608385
10.314 -21.873 21.77 2.11953941158
8.065 -21.09 21.612 1.62182580604
11.141 -20.58 21.754 2.11953941158
11.42 -19.756 24.09 2.11953941158
10.685 -18.187 22.296 2.11953941158
11.363 -22.848 20.159 1.48123575012
10.097 -22.174 22.789 1.48123575012
9.558 -19.868 23.024 1.48123575012
11.648 -20.796 24.273 1.48123575012
12.342 -19.203 23.983 1.48123575012
10.865 -19.362 24.929 1.48123575012
10.488 -17.495 23.103 1.48123575012
8.936 -22.014 19.796 2.11633202144
7.677 -21.802 19.026 2.32485688748
12.243 -19.593 22.249 2.14243103283
7.257 -20.407 17.127 1.94074133197
9.711 -22.434 19.371 1.84630452267
7.533 -22.626 18.343 1.84630452267
6.843 -21.755 19.709 1.84630452267
8.377 -19.511 18.826 1.99639670258
8.508 -18.197 18.14 2.22693058289
12.304 -17.613 20.749 2.02565795104
10.226 -16.561 17.845 1.79544509739
7.57 -17.204 18.835 2.22693058289
8.749 -19.637 19.721 1.68355989822
8.248 -18.308 17.093 1.68355989822
6.829 -17.743 19.407 1.68355989822
8.138 -16.569 19.498 1.68355989822
7.073 -16.593 18.097 1.68355989822
10.812 -18.481 18.779 2.11633202144
12.231 -18.043 18.918 2.32485688748
13.629 -17.077 19.231 2.14243103283
13.52 -17.018 17.184 1.94074133197
10.538 -19.371 19.086 1.84630452267
12.255 -17.056 19.355 1.84630452267
12.755 -18.732 19.565 1.84630452267
12.817 -19.089 16.829 1.86000608385
13.459 -19.141 15.488 2.11953941158
14.571 -18.602 16.703 1.89360203896
12.686 -18.562 13.295 1.62182580604
13.464 -20.6 15.023 2.11953941158
14.251 -21.45 16.017 2.11953941158
14.159 -20.68 13.656 2.11953941158
14.006 -22.935 15.73 2.11953941158
12.32 -19.863 17.168 1.48123575012
12.441 -20.961 14.965 1.48123575012
15.305 -21.233 15.924 1.48123575012
13.932 -21.22 17.023 1.48123575012
14.804 -21.546 13.625 1.48123575012
13.417 -20.761 12.874 1.48123575012
13.452 -23.045 14.81 1.48123575012
14.952 -23.449 15.64 1.48123575012
13.441 -23.373 16.539 1.48123575012
12.014 -17.286 14.976 2.11633202144
11.224 -16.412 14.073 2.32485688748
12.457 -16.408 12.027 1.94074133197
10.589 -15.298 14.913 2.32485688748
10.458 -17.01 13.592 1.84630452267
11.338 -14.843 15.544 1.84630452267
10.167 -14.544 14.263 1.84630452267
9.805 -15.711 15.531 1.84630452267
12.407 -14.512 13.19 2.22402568616
13.247 -13.79 12.192 2.41516305987
15.414 -12.792 12.077 2.06703446881
12.576 -12.436 11.936 2.41516305987
12.306 -11.713 13.26 2.41516305987
13.549 -11.64 11.284 2.16754538317
11.687 -12.536 11.324 1.98452021163
12.826 -12.216 14.063 1.98452021163
12.652 -10.691 13.197 1.98452021163
11.246 -11.717 13.468 1.98452021163
16.454 -13.945 14.24 2.22693058289
18.318 -16.386 14.317 2.02565795104
18.517 -13.87 13.034 1.79544509739
16.668 -14.687 15.555 2.22693058289
15.368 -14.591 16.361 2.22693058289
16.881 -16.937 16.594 2.22693058289
16.592 -12.886 14.383 1.68355989822
17.491 -14.225 16.096 1.68355989822
14.991 -13.58 16.319 1.68355989822
17.331 -16.371 17.398 1.68355989822
17.39 -17.883 16.497 1.68355989822
17.987 -16.074 11.497 2.41516305987
17.268 -18.645 12.144 2.24769809506
18.215 -15.237 9.269 2.06703446881
19.176 -18.225 10.927 2.41516305987
18.28 -17.813 13.042 2.16754538317
16.221 -15.918 12.714 1.98452021163
18.983 -15.665 11.62 1.98452021163
18.713 -18.665 13.123 1.98452021163
19.188 -17.884 9.904 1.98452021163
20.102 -17.942 11.407 1.98452021163
19.085 -19.303 10.942 1.98452021163
16.254 -16.887 9.69 2.14243103283
16.623 -13.96 7.237 1.94074133197
14.144 -16.007 8.558 2.32485688748
13.582 -15.981 7.135 2.32485688748
12.288 -15.163 7.119 2.32485688748
11.348 -15.716 8.135 2.11633202144
10.2 -16.202 7.746 2.14243103283
10.149 -17.436 7.328 2.18262886222
9.142 -15.438 7.795 2.18262886222
15.67 -16.429 10.553 1.84630452267
13.965 -16.976 9.0 1.84630452267
14.303 -15.531 6.468 1.84630452267
13.379 -16.99 6.806 1.84630452267
12.503 -14.132 7.356 1.84630452267
11.829 -15.217 6.143 1.84630452267
11.589 -15.714 9.083 1.84630452267
10.98 -17.995 7.313 1.84630452267
9.28 -17.825 7.018 1.84630452267
9.22 -14.497 8.124 1.84630452267
8.255 -15.796 7.505 1.84630452267
15.19 -13.39 8.83 2.22402568616
15.344 -11.94 8.524 2.41516305987
17.101 -16.961 8.069 2.24769809506
13.303 -11.226 7.506 2.06703446881
15.053 -11.361 9.389 1.98452021163
16.375 -11.73 8.286 1.98452021163
14.248 -11.226 4.952 2.49917816808
17.861 -17.748 5.556 2.34393302806
13.704 -12.8 3.238 2.17953443166
14.61 -9.789 4.553 2.49917816808
15.986 -9.672 4.879 2.27055054127
15.97 -11.854 6.079 2.10577365931
13.189 -11.31 5.178 2.10577365931
14.462 -9.637 3.493 2.10577365931
14.028 -9.078 5.12 2.10577365931
15.838 -12.231 3.438 2.11633202144
16.232 -13.122 2.313 2.32485688748
19.664 -19.57 3.739 2.14243103283
18.615 -13.067 2.547 1.94074133197
16.281 -12.289 1.029 2.32485688748
16.719 -10.863 1.367 2.14243103283
17.992 -10.576 1.369 2.18262886222
15.907 -9.998 1.631 1.94074133197
16.513 -11.7 3.912 1.84630452267
15.501 -13.918 2.223 1.84630452267
16.986 -12.725 0.336 1.84630452267
15.302 -12.262 0.572 1.84630452267
18.652 -11.269 1.154 1.84630452267
18.289 -9.668 1.587 1.84630452267
17.614 -15.038 2.723 2.22402568616
18.898 -15.753 2.953 2.41516305987
21.741 -20.167 2.798 2.24769809506
18.091 -17.945 3.436 2.06703446881
19.314 -15.58 4.419 2.41516305987
20.488 -16.37 4.536 2.16754538317
16.772 -15.537 2.711 1.98452021163
19.652 -15.353 2.281 1.98452021163
19.536 -14.546 4.636 1.98452021163
18.545 -15.95 5.081 1.98452021163
20.93 -16.129 5.353 1.98452021163
19.251 -17.685 1.565 1.86000608385
19.109 -19.122 1.217 2.11953941158
23.508 -21.746 2.035 1.89360203896
20.389 -20.299 2.85 1.62182580604
18.992 -19.237 -0.31 2.11953941158
20.399 -18.704 -2.297 2.11953941158
19.025 -16.915 -1.232 2.11953941158
19.749 -17.081 0.977 1.48123575012
18.216 -19.509 1.696 1.48123575012
19.312 -20.216 -0.629 1.48123575012
17.964 -19.091 -0.606 1.48123575012
20.699 -17.922 -0.319 1.48123575012
19.642 -19.311 -2.772 1.48123575012
20.653 -17.88 -2.947 1.48123575012
21.279 -19.305 -2.122 1.48123575012
18.305 -16.784 -0.439 1.48123575012
19.664 -16.046 -1.277 1.48123575012
18.503 -17.021 -2.171 1.48123575012
22.435 -20.998 1.174 2.49917816808
25.651 -21.332 1.225 2.34393302806
24.727 -20.944 0.528 2.17953443166
22.379 -22.34 0.432 2.49917816808
21.169 -23.147 0.921 2.49917816808
20.468 -23.789 -0.28 2.49917816808
21.431 -24.757 -0.971 2.49917816808
21.787 -24.261 -2.329 2.49917816808
22.293 -22.162 -0.631 2.10577365931
23.285 -22.897 0.623 2.10577365931
21.501 -23.917 1.6 2.10577365931
20.482 -22.497 1.434 2.10577365931
19.594 -24.327 0.059 2.10577365931
20.159 -23.021 -0.976 2.10577365931
22.332 -24.853 -0.383 2.10577365931
20.965 -25.727 -1.061 2.10577365931
21.982 -23.24 -2.285 2.10577365931
22.633 -24.761 -2.671 2.10577365931
20.994 -24.434 -2.98 2.10577365931
23.709 -18.985 0.744 1.86000608385
24.945 -18.237 0.368 2.11953941158
26.24 -16.423 1.232 1.62182580604
24.736 -17.642 -1.03 2.11953941158
22.884 -18.501 0.96 1.48123575012
25.79 -18.915 0.373 1.48123575012
23.694 -17.709 -1.301 1.48123575012
25.038 -16.605 -1.034 1.48123575012
25.327 -18.188 -1.75 1.48123575012
24.344 -16.888 2.278 1.86000608385
24.565 -15.792 3.255 2.11953941158
26.269 -15.575 4.917 1.62182580604
23.202 -15.254 3.712 2.11953941158
23.546 -17.451 2.339 1.48123575012
25.131 -15.007 2.764 1.48123575012
22.412 -15.792 3.209 1.48123575012
23.099 -15.383 4.779 1.48123575012
23.127 -14.204 3.472 1.48123575012
25.018 -17.403 5.034 2.65003072421
25.728 -17.917 6.215 2.78912757715
24.868 -19.096 6.701 2.78912757715
23.742 -19.318 5.659 2.78912757715
23.92 -18.271 4.551 2.78912757715
25.806 -17.138 6.969 2.4893021431
23.818 -20.311 5.24 2.4893021431
22.777 -19.197 6.127 2.4893021431
32.554 -20.365 6.543 2.02565795104
30.714 -18.734 4.106 1.79544509739
28.356 -20.304 2.939 2.22693058289
29.516 -21.274 2.702 2.22693058289
27.037 -21.079 2.909 2.22693058289
28.352 -19.545 2.171 1.68355989822
30.456 -20.769 2.879 1.68355989822
29.433 -22.115 3.374 1.68355989822
29.491 -21.63 1.683 1.68355989822
26.91 -21.618 3.836 1.68355989822
27.045 -21.781 2.088 1.68355989822
29.915 -16.127 4.169 2.97245262608
34.019 -17.028 6.51 2.8655882766
31.135 -14.857 5.792 2.75923199067
29.21 -15.055 3.327 2.97245262608
29.219 -15.493 1.861 2.97245262608
28.347 -14.541 1.04 2.8655882766
27.453 -13.971 1.644 2.75923199067
28.626 -14.435 -0.143 2.75923199067
30.855 -16.422 3.716 2.7140117378
28.192 -14.94 3.666 2.7140117378
29.729 -14.112 3.429 2.7140117378
30.228 -15.472 1.479 2.7140117378
28.827 -16.496 1.779 2.7140117378
28.095 -15.555 8.577 2.32485688748
26.83 -15.148 10.695 2.32485688748
27.396 -14.877 8.11 1.84630452267
27.725 -16.565 8.473 1.84630452267
28.812 -15.962 10.576 1.84630452267
28.658 -13.431 11.199 1.84630452267
26.305 -16.074 10.51 1.84630452267
26.912 -14.993 11.762 1.84630452267
31.215 -18.454 9.312 2.32485688748
34.043 -18.966 11.771 2.14243103283
33.516 -18.219 9.898 1.94074133197
30.998 -19.853 8.74 2.32485688748
29.544 -20.274 8.973 2.32485688748
29.285 -21.626 8.305 2.32485688748
27.871 -21.662 7.846 2.11633202144
27.461 -22.649 7.098 2.14243103283
28.332 -23.522 6.667 2.18262886222
26.19 -22.73 6.808 2.18262886222
31.003 -18.429 10.377 1.84630452267
31.653 -20.542 9.227 1.84630452267
29.359 -20.352 10.034 1.84630452267
28.879 -19.533 8.556 1.84630452267
29.94 -21.754 7.455 1.84630452267
29.453 -22.424 9.011 1.84630452267
27.251 -20.947 8.102 1.84630452267
29.297 -23.43 6.914 1.84630452267
28.036 -24.28 6.087 1.84630452267
25.553 -22.043 7.159 1.84630452267
25.854 -23.479 6.238 1.84630452267
34.251 -16.983 7.585 2.32485688748
37.265 -17.46 10.65 2.14243103283
35.848 -16.465 9.282 1.94074133197
34.146 -16.143 6.314 2.32485688748
33.709 -17.025 5.145 2.32485688748
34.285 -16.458 3.844 2.14243103283
35.567 -16.22 3.771 2.18262886222
33.575 -16.227 2.886 1.94074133197
34.887 -17.846 7.431 1.84630452267
35.1 -15.7 6.095 1.84630452267
34.07 -18.032 5.284 1.84630452267
36.143 -16.405 4.541 1.84630452267
35.951 -15.856 2.947 1.84630452267
34.227 -14.992 8.935 2.11633202144
34.763 -14.095 9.998 2.32485688748
34.155 -12.693 9.877 2.32485688748
36.121 -11.57 10.966 2.22402143089
36.24 -10.776 12.013 2.11633202144
34.693 -9.857 13.773 2.22402143089
32.472 -10.642 13.486 2.22402143089
33.391 -9.897 14.175 2.22402143089
35.842 -14.047 9.897 1.84630452267
34.355 -12.251 8.917 1.84630452267
36.904 -12.023 10.391 1.84630452267
37.097 -10.388 12.285 1.84630452267
31.454 -10.69 13.829 1.84630452267
33.088 -9.326 15.008 1.84630452267
33.87 -16.192 14.818 1.79544509739
31.356 -15.915 12.78 2.22693058289
29.89 -14.196 13.864 2.22693058289
29.349 -16.615 14.066 2.22693058289
31.501 -16.975 12.695 1.68355989822
31.079 -15.662 14.897 1.68355989822
28.843 -14.267 13.604 1.68355989822
29.986 -13.672 14.805 1.68355989822
28.81 -16.616 13.131 1.68355989822
29.754 -17.6 14.248 1.68355989822
34.321 -17.01 12.816 2.41269401738
35.303 -17.972 13.38 2.57789518755
36.933 -17.608 15.097 2.28148428923
35.85 -18.806 12.215 2.57789518755
35.728 -20.294 12.531 2.57789518755
34.276 -20.734 12.337 2.43285482807
33.419 -19.945 12.698 2.28148428923
34.107 -21.834 11.835 2.28148428923
34.812 -18.597 14.115 2.21447173442
35.295 -18.584 11.322 2.21447173442
36.888 -18.557 12.051 2.21447173442
36.361 -20.857 11.86 2.21447173442
36.955 -16.237 13.356 2.41269401738
38.106 -15.454 13.882 2.57789518755
39.493 -15.558 17.265 2.43285482807
38.631 -14.468 15.987 2.28148428923
38.542 -14.489 12.774 2.57789518755
38.911 -15.299 11.53 2.57789518755
40.338 -14.949 11.103 2.43285482807
40.596 -13.76 11.004 2.28148428923
41.087 -15.889 10.899 2.28148428923
38.91 -16.14 14.117 2.21447173442
39.394 -13.915 13.103 2.21447173442
38.854 -16.355 11.751 2.21447173442
38.229 -15.067 10.726 2.21447173442
36.578 -14.144 15.244 1.99639670258
36.256 -13.337 16.461 2.22693058289
37.088 -13.371 19.167 2.02565795104
36.201 -13.901 18.779 1.79544509739
35.16 -12.327 16.102 2.22693058289
34.075 -13.013 15.275 2.22693058289
34.55 -11.765 17.387 2.22693058289
37.155 -12.807 16.752 1.68355989822
35.593 -11.522 15.529 1.68355989822
33.144 -12.477 15.377 1.68355989822
35.32 -11.642 18.133 1.68355989822
35.135 -15.873 21.219 1.74
35.698 -17.517 20.04 1.4
33.148 -16.569 18.313 2.0
32.048 -14.477 19.156 2.0
30.776 -16.626 19.1 2.0
32.849 -16.302 17.31 1.2
33.174 -17.645 18.399 1.2
32.486 -16.223 20.332 1.2
32.358 -14.2 18.161 1.2
31.027 -14.159 19.309 1.2
32.681 -13.981 19.877 1.2
30.844 -17.695 19.228 1.2
30.067 -16.227 19.81 1.2
36.074 -17.705 17.868 1.7
37.267 -18.935 21.491 1.74
39.165 -18.76 19.138 1.4
36.973 -19.753 16.865 2.0
35.709 -21.73 17.706 2.0
37.64 -22.049 16.159 2.0
36.72 -19.368 18.988 1.2
36.04 -19.613 16.339 1.2
37.791 -19.512 16.202 1.2
37.763 -21.279 18.161 1.2
35.145 -20.942 18.184 1.2
35.181 -22.06 16.824 1.2
38.72 -22.032 16.175 1.2
37.3 -23.069 16.256 1.2
40.196 -16.827 17.527 2.49917816808
40.072 -16.876 22.368 2.34393302806
41.855 -18.236 18.515 2.17953443166
40.316 -16.056 18.853 2.49917816808
41.618 -15.241 18.86 2.49917816808
41.466 -14.056 19.819 2.49917816808
40.801 -12.893 19.079 2.49917816808
39.988 -12.072 20.022 2.49917816808
40.362 -16.171 16.68 2.10577365931
42.435 -15.868 19.186 2.10577365931
41.829 -14.874 17.868 2.10577365931
40.86 -14.347 20.664 2.10577365931
42.44 -13.752 20.172 2.10577365931
41.559 -12.267 18.632 2.10577365931
40.16 -13.275 18.301 2.10577365931
40.507 -11.954 20.916 2.10577365931
39.806 -11.138 19.6 2.10577365931
39.084 -12.551 20.208 2.10577365931
41.429 -18.527 16.361 2.22402568616
42.43 -19.621 16.256 2.41516305987
41.337 -17.573 23.682 2.24769809506
41.634 -19.989 14.088 2.06703446881
41.92 -20.826 17.055 2.41516305987
42.758 -20.863 18.201 2.16754538317
40.912 -18.252 15.574 1.98452021163
43.378 -19.269 16.65 1.98452021163
40.89 -20.684 17.349 1.98452021163
42.027 -21.737 16.486 1.98452021163
42.666 -20.025 18.662 1.98452021163
