1hfxNoHeHR_shell
20.
0.010
14257
0.729
1.0
1.E-8
644
17.734 9.449 17.43 2.85110369563
17.168 8.415 16.528 2.97245262608
17.07 8.996 15.133 2.8655882766
15.759 8.014 17.001 2.97245262608
15.068 6.97 16.129 2.97245262608
15.501 5.556 16.491 2.97245262608
15.458 4.587 15.3 2.97245262608
16.712 4.632 14.455 2.97245262608
17.595 8.286 14.145 2.41269401738
17.506 8.716 12.757 2.57789518755
16.132 6.814 12.207 2.28148428923
18.728 8.237 11.978 2.57789518755
18.617 8.397 10.478 2.57789518755
18.652 9.838 10.023 2.43285482807
19.547 10.598 10.396 2.28148428923
17.705 10.21 9.179 2.46421089331
13.991 8.314 11.355 2.41516305987
13.967 8.278 9.841 2.24769809506
14.848 8.811 9.174 2.06703446881
11.693 10.282 13.815 2.41516305987
12.261 7.892 13.982 2.41516305987
12.973 7.598 9.294 2.65003072421
12.833 7.512 7.849 2.78912757715
12.627 6.044 7.361 2.78912757715
11.465 5.474 7.99 2.61066977765
13.855 5.182 7.671 2.78912757715
11.51 8.668 6.207 3.23418633453
10.446 9.581 4.22 3.32971220156
9.643 10.841 2.215 3.32971220156
9.575 9.617 1.345 3.32971220156
9.66 10.002 -0.087 3.32971220156
9.124 7.319 5.858 1.7
7.558 6.278 7.604 1.74
6.367 6.305 7.891 1.4
8.149 5.119 5.436 2.0
7.996 5.286 3.626 1.8
8.503 6.096 8.526 2.41269401738
8.143 5.952 9.948 2.57789518755
6.728 7.429 11.262 2.28148428923
9.339 5.434 10.759 2.57789518755
3.871 9.431 9.053 2.8655882766
2.793 9.991 9.226 2.75923199067
4.78 9.548 6.735 2.97245262608
4.931 8.146 6.692 2.81719981417
3.224 7.611 10.527 2.85287250891
3.112 8.355 11.854 2.73628278469
2.007 8.634 12.323 2.61895377264
3.63 6.144 10.775 2.85287250891
3.38 5.227 9.607 2.73628278469
3.892 5.452 8.344 2.66237033299
2.675 4.073 9.519 2.78727419845
3.515 4.482 7.532 2.78727419845
2.775 3.631 8.221 2.7203848681
4.262 8.737 12.411 3.32841402621
4.326 9.433 13.702 3.41882014206
3.542 11.422 14.77 3.26182836231
5.754 9.389 14.261 3.41882014206
6.197 7.991 14.63 3.41882014206
7.58 7.941 15.246 3.33906215107
8.003 8.955 15.837 3.26182836231
8.239 6.878 15.144 3.26182836231
3.209 12.821 12.382 2.72232757201
1.729 12.895 12.036 2.59344389372
1.224 13.967 11.71 2.46178430194
-0.384 11.703 11.811 2.57789518755
-1.26 12.755 12.509 2.43285482807
-2.196 13.268 11.896 2.28148428923
-0.95 10.275 12.004 2.57789518755
-1.08 9.858 13.482 2.43285482807
-2.19 9.801 14.025 2.28148428923
0.045 9.524 14.118 2.46421089331
-0.935 13.123 13.75 3.18494045613
-1.739 14.128 14.447 3.28331166428
-1.262 15.554 14.207 3.19656430018
-1.902 16.511 14.665 3.11200838625
-1.837 13.863 15.958 3.28331166428
-2.973 14.657 16.615 3.19656430018
-4.111 14.606 16.101 3.11200838625
-2.753 15.346 17.631 3.11200838625
-0.119 15.713 13.548 2.57572842164
-0.155 17.538 11.916 2.59344389372
-0.571 18.685 11.761 2.46178430194
-1.91 17.638 9.593 2.59344389372
-2.813 17.165 10.282 2.46178430194
-0.545 15.739 8.709 2.72232757201
-2.041 18.762 8.902 2.41269401738
-3.326 19.441 8.83 2.57789518755
-3.505 20.599 9.79 2.43285482807
-4.337 21.478 9.547 2.28148428923
-2.741 20.601 10.882 2.57572842164
-2.826 21.665 11.875 2.72232757201
-1.982 21.305 13.1 2.72232757201
-3.347 21.842 15.138 2.65002772709
-1.48 23.266 14.635 2.65002772709
-3.621 22.597 16.265 2.65002772709
-1.753 24.034 15.769 2.65002772709
-2.831 23.678 16.576 2.59344389372
-3.151 24.372 17.701 2.53400746709
-3.082 24.026 11.313 2.41269401738
-2.743 25.306 10.7 2.57789518755
-2.52 25.122 9.19 2.43285482807
-1.736 25.836 8.56 2.28148428923
-1.541 25.973 11.38 2.57789518755
-1.832 26.569 12.752 2.57789518755
-2.745 27.79 12.689 2.57789518755
-3.07 28.327 14.02 2.41269401738
-3.967 29.288 14.259 2.43285482807
-4.663 29.826 13.264 2.46421089331
-4.182 29.709 15.502 2.46421089331
-3.228 24.144 8.621 3.18494045613
-3.175 23.831 7.197 3.28331166428
-1.817 23.453 6.621 3.19656430018
-1.579 23.622 5.419 3.11200838625
-3.791 24.972 6.372 3.28331166428
-5.225 25.28 6.778 3.19656430018
-5.957 24.344 7.164 3.11200838625
-5.616 26.466 6.72 3.11200838625
0.391 22.502 6.979 2.57789518755
0.247 21.018 6.722 2.43285482807
1.418 24.159 8.545 2.57789518755
1.409 25.189 7.451 2.57789518755
0.436 20.635 5.471 2.65003072421
0.288 19.253 5.052 2.78912757715
0.082 19.182 3.527 2.78912757715
1.269 19.639 2.857 2.61066977765
-1.112 20.052 3.116 2.78912757715
1.151 17.027 5.399 2.22402568616
1.486 14.631 5.703 2.41516305987
2.075 13.4 6.416 2.24769809506
2.406 12.34 5.419 2.41516305987
3.272 13.738 7.275 2.41516305987
2.504 16.642 1.378 3.97461189274
2.038 16.05 2.662 3.97461189274
4.918 22.297 3.765 4.15863791428
3.937 23.442 3.695 4.10530006652
2.761 23.237 3.308 4.05475951182
4.368 24.557 4.024 4.05475951182
10.558 20.114 1.353 1.8
8.834 22.607 5.952 2.72232757201
10.224 22.461 8.051 2.72232757201
7.498 23.154 6.508 2.72232757201
16.517 17.633 6.461 1.4
15.243 15.425 4.349 1.74
15.801 14.31 4.958 1.86
15.87 15.969 3.222 1.86
16.966 13.739 4.473 1.86
17.052 15.404 2.713 1.86
17.597 14.286 3.35 1.86
15.779 20.116 5.514 2.85287250891
16.415 20.638 6.8 2.73628278469
17.588 20.983 6.817 2.61895377264
15.031 21.277 4.856 2.85287250891
14.988 21.209 3.359 2.73628278469
14.116 20.394 2.676 2.66237033299
15.673 21.907 2.425 2.78727419845
14.26 20.592 1.376 2.78727419845
15.193 21.506 1.202 2.7203848681
16.198 21.264 9.1 2.41516305987
16.851 20.29 10.077 2.24769809506
17.641 20.71 10.922 2.06703446881
15.16 22.126 9.847 2.41516305987
14.582 23.172 8.895 2.41516305987
13.101 21.967 11.353 2.41516305987
16.55 18.998 9.972 2.85110369563
17.126 18.044 10.918 2.97245262608
17.566 16.737 10.285 2.8655882766
18.134 15.876 10.962 2.75923199067
17.273 16.564 9.002 2.41269401738
17.63 15.327 8.338 2.57789518755
16.967 14.115 8.971 2.43285482807
17.483 13.012 8.85 2.28148428923
13.945 11.853 6.955 3.50233627526
13.116 12.187 5.88 3.50233627526
11.379 13.533 4.975 3.43758922265
18.799 13.536 13.163 3.97461189274
19.682 13.087 14.29 3.91610941646
19.226 12.317 15.163 3.86046154913
20.848 13.53 14.304 3.86046154913
15.715 11.328 17.801 3.43758922265
13.626 11.663 16.622 3.54436212661
19.51 15.522 17.597 2.43285482807
20.546 15.886 18.121 2.28148428923
19.714 13.256 18.634 2.57789518755
19.089 12.352 19.667 2.57789518755
19.847 11.07 19.863 2.43285482807
19.321 9.983 19.62 2.28148428923
21.083 11.18 20.299 2.46421089331
19.686 17.281 15.949 2.97245262608
19.07 17.658 14.595 2.97245262608
20.91 19.136 16.926 2.11633202144
21.944 21.289 16.84 2.14243103283
23.011 20.902 16.363 1.94074133197
21.853 20.138 19.038 2.32485688748
21.154 19.074 19.9 2.32485688748
21.947 21.477 19.784 2.32485688748
21.883 18.775 21.196 2.32485688748
22.147 23.468 15.804 2.57789518755
21.34 23.846 14.529 2.57789518755
22.007 25.01 13.803 2.57789518755
21.236 22.638 13.604 2.57789518755
23.581 25.136 16.751 2.85110369563
23.837 27.524 16.654 2.8655882766
24.342 27.528 15.528 2.75923199067
25.347 26.167 18.095 2.97245262608
25.698 27.195 19.141 2.97245262608
26.771 26.65 20.059 2.97245262608
27.093 27.633 21.17 2.97245262608
28.126 27.091 22.104 2.97245262608
22.929 29.762 16.403 2.57789518755
23.622 30.87 17.201 2.43285482807
24.279 30.598 18.209 2.28148428923
21.433 30.058 16.222 2.57789518755
20.612 28.795 15.969 2.43285482807
19.552 28.611 16.567 2.28148428923
21.093 27.926 15.091 2.46421089331
23.449 32.118 16.774 2.57572842164
24.097 33.243 17.441 2.72232757201
23.872 33.323 18.952 2.59344389372
24.808 33.175 19.741 2.46178430194
23.694 34.564 16.768 2.72232757201
22.288 34.673 16.614 2.53400746709
22.261 33.647 20.756 3.374854362
21.249 32.593 21.215 3.29292659605
20.28 32.92 21.905 3.21343256117
21.723 35.067 21.029 3.374854362
20.595 35.484 20.073 3.29292659605
20.469 34.932 18.96 3.21343256117
19.824 36.392 20.442 3.21343256117
21.474 31.331 20.843 2.65003072421
20.572 30.236 21.216 2.78912757715
20.865 28.963 20.437 2.66677603688
21.656 28.961 19.493 2.5427976846
19.117 30.632 20.96 2.78912757715
18.774 30.777 19.503 2.66677603688
19.033 31.921 18.787 2.58878484312
18.184 29.915 18.641 2.72038202399
18.62 31.761 17.537 2.72038202399
18.102 30.553 17.427 2.65003072421
20.217 27.879 20.846 3.23418633453
22.491 25.96 21.28 3.32971220156
23.41 24.772 21.276 3.32971220156
23.763 24.376 22.677 3.32971220156
23.904 25.558 23.606 3.32971220156
17.215 26.518 16.763 4.15863791428
17.152 26.975 15.361 4.10530006652
18.181 26.838 14.668 4.05475951182
16.078 27.453 14.95 4.05475951182
18.582 20.965 22.234 3.23418432231
19.569 21.531 23.011 3.23418432231
19.508 22.875 23.315 3.19656430018
20.502 23.384 24.089 3.15786376808
11.975 22.67 14.902 1.4
13.858 24.821 16.128 2.5427976846
15.133 22.961 14.428 2.78912757715
16.062 21.903 13.839 2.78912757715
17.365 21.817 14.61 2.66677603688
18.263 22.602 14.38 2.5427976846
15.149 28.361 19.454 3.54436212661
13.618 30.017 18.671 3.48587667591
15.994 29.318 25.426 4.23203245328
16.911 26.817 24.459 4.32767651728
19.23 27.077 24.749 4.23203245328
15.427 31.318 23.566 3.0287949135
13.712 32.277 24.992 2.8243183199
15.762 32.06 22.265 3.0287949135
15.879 33.565 22.386 3.0287949135
15.387 34.234 21.122 3.0287949135
15.578 35.736 21.17 3.0287949135
17.0 36.123 20.91 3.0287949135
10.973 31.995 22.237 3.97461189274
11.634 33.251 21.794 3.91610941646
11.753 34.198 22.597 3.86046154913
12.0 33.292 20.606 3.86046154913
9.566 29.94 19.371 1.86
8.254 30.342 19.602 1.86
14.368 25.623 28.604 3.41882014206
15.483 24.591 28.495 3.33906215107
15.252 23.395 28.685 3.26182836231
13.772 25.606 30.007 3.41882014206
14.758 25.987 31.08 3.41882014206
14.252 25.684 32.482 3.33906215107
13.852 24.523 32.739 3.26182836231
14.272 26.607 33.326 3.26182836231
16.674 25.037 28.125 2.22402568616
17.791 24.125 27.965 2.41516305987
18.528 24.001 29.267 2.24769809506
18.418 24.874 30.133 2.06703446881
18.726 24.615 26.864 2.41516305987
19.101 25.963 27.086 2.16754538317
19.279 22.914 29.409 2.22402568616
20.069 22.681 30.611 2.41516305987
21.37 23.429 30.408 2.24769809506
22.433 22.826 30.248 2.06703446881
20.327 21.191 30.79 2.41516305987
19.097 20.49 30.823 2.16754538317
21.241 24.752 30.347 2.11633202144
22.348 25.678 30.146 2.32485688748
22.067 26.916 30.999 2.14243103283
21.164 26.92 31.852 1.94074133197
22.404 26.177 28.697 2.32485688748
21.176 26.852 28.388 2.05369213118
22.619 25.039 27.736 2.32485688748
22.816 27.977 30.716 2.11633202144
22.69 29.246 31.413 2.32485688748
21.839 30.212 30.587 2.14243103283
21.879 31.425 30.814 1.94074133197
24.085 29.871 31.613 2.32485688748
24.826 29.776 30.386 2.05369213118
24.843 29.157 32.726 2.32485688748
21.097 29.679 29.614 2.11633202144
20.262 30.511 28.749 2.32485688748
18.944 30.791 29.433 2.14243103283
18.323 29.88 29.979 1.94074133197
20.003 29.833 27.372 2.32485688748
19.114 30.71 26.5 2.32485688748
21.325 29.583 26.665 2.32485688748
18.58 32.068 29.488 2.32219197539
17.32 32.49 30.094 2.49917816808
16.245 32.32 29.028 2.34393302806
16.176 33.103 28.075 2.17953443166
17.377 33.965 30.519 2.49917816808
18.38 34.294 31.618 2.49917816808
18.29 35.75 32.072 2.34393302806
18.166 36.034 33.264 2.17953443166
18.338 36.676 31.121 2.37766287277
15.42 31.292 29.174 2.65003072421
14.372 31.039 28.202 2.78912757715
13.0 31.531 28.665 2.66677603688
12.672 31.497 29.859 2.5427976846
14.312 29.535 27.873 2.78912757715
12.232 32.044 27.708 2.41269401738
10.855 32.483 27.942 2.57789518755
10.037 31.169 28.134 2.43285482807
8.984 31.142 28.774 2.28148428923
10.395 33.269 26.729 2.57789518755
8.95 33.657 26.707 2.57789518755
8.697 34.383 25.408 2.57789518755
9.368 35.685 25.385 2.41269401738
8.747 36.821 25.674 2.43285482807
7.46 36.792 25.994 2.46421089331
9.403 37.974 25.638 2.46421089331
8.476 28.654 27.435 2.66677603688
7.727 28.109 28.25 2.5427976846
10.379 28.216 29.052 2.78912757715
10.126 26.74 29.223 2.66677603688
10.024 26.259 30.34 2.5427976846
6.629 29.136 25.934 2.41516305987
4.9 27.538 26.421 2.06703446881
6.731 31.35 24.773 2.41516305987
5.013 29.638 24.05 2.41516305987
6.947 32.083 23.495 2.41516305987
5.766 23.652 27.051 1.4
6.978 24.998 29.176 3.374854362
7.513 23.582 29.157 3.29292659605
6.917 22.664 29.722 3.21343256117
5.613 25.047 29.86 3.374854362
5.709 24.909 31.36 3.29292659605
6.815 25.023 31.929 3.21343256117
4.66 24.689 31.977 3.21343256117
8.66 23.411 28.518 2.22402568616
9.252 22.094 28.39 2.41516305987
10.765 22.209 28.364 2.24769809506
8.736 21.413 27.074 2.41516305987
8.994 19.899 27.105 2.41516305987
8.403 19.135 25.915 2.41516305987
11.442 21.269 29.01 2.85110369563
12.896 21.264 29.001 2.97245262608
13.41 20.342 30.091 2.97245262608
12.949 20.797 31.346 2.81719981417
14.345 21.323 27.038 1.7
15.208 19.481 25.559 1.74
15.879 21.843 25.186 2.0
15.647 18.856 26.649 3.18494045613
16.096 17.469 26.555 3.28331166428
14.96 16.52 26.154 3.19656430018
15.189 15.476 25.546 3.11200838625
16.777 17.021 27.85 3.28331166428
15.81 16.856 28.974 3.19656430018
15.459 17.865 29.609 3.11200838625
15.382 15.71 29.213 3.11200838625
12.566 16.102 26.085 3.0287949135
11.489 15.405 24.037 2.8243183199
11.348 16.556 26.877 3.0287949135
11.489 16.268 28.358 3.0287949135
10.236 16.61 29.143 3.0287949135
9.052 15.733 28.736 3.0287949135
9.325 14.257 28.833 3.0287949135
15.627 13.46 21.909 2.24769809506
16.418 12.707 21.347 2.06703446881
17.162 15.345 22.564 2.41516305987
18.898 16.956 23.23 2.41516305987
17.832 17.16 20.976 2.41516305987
14.575 12.999 22.57 2.41269401738
14.302 11.563 22.618 2.57789518755
13.462 11.111 21.406 2.43285482807
13.655 11.169 23.964 2.57789518755
12.393 11.948 24.262 2.43285482807
11.666 12.259 23.309 2.28148428923
12.148 12.286 25.435 2.28148428923
13.072 9.838 21.381 2.41269401738
12.303 9.28 20.262 2.57789518755
10.771 9.368 20.401 2.43285482807
10.034 8.816 19.584 2.28148428923
12.736 7.835 19.975 2.57789518755
12.249 6.854 21.032 2.43285482807
12.58 7.052 22.226 2.28148428923
11.523 5.893 20.672 2.28148428923
10.306 10.02 21.464 2.41269401738
8.875 10.216 21.653 2.57789518755
8.943 12.607 21.813 2.28148428923
8.473 10.043 23.119 2.57789518755
6.987 10.206 23.322 2.43285482807
6.266 10.366 22.325 2.28148428923
6.526 10.173 24.469 2.28148428923
7.912 11.73 20.029 2.22402568616
7.602 13.02 19.457 2.41516305987
6.323 13.625 20.024 2.24769809506
7.482 12.866 17.948 2.41516305987
9.984 12.448 17.727 2.41516305987
5.667 12.921 20.937 2.41269401738
4.413 13.406 21.531 2.57789518755
4.492 14.832 22.086 2.43285482807
3.68 15.686 21.73 2.28148428923
3.907 12.398 22.624 2.57789518755
3.761 11.095 22.026 2.36497245057
2.568 12.823 23.203 2.57789518755
5.443 15.079 22.986 3.46048228099
5.605 16.415 23.553 3.54436212661
6.425 16.417 24.859 3.54436212661
7.688 15.586 24.78 3.47033660994
8.109 15.135 23.697 3.39902103994
8.276 15.36 25.849 3.39902103994
3.562 16.7 18.026 2.72232757201
2.159 17.095 17.497 2.72232757201
3.953 14.665 16.58 2.72232757201
3.342 18.643 20.662 2.11633202144
2.56 19.525 21.523 2.32485688748
2.426 21.925 21.231 1.94074133197
2.599 19.003 22.967 2.32485688748
1.958 19.899 24.025 2.32485688748
3.011 21.239 24.608 2.18262886222
4.465 20.311 25.143 2.32485688748
1.35 24.555 18.434 2.51571213812
0.347 22.227 18.334 2.65207782941
-0.952 20.116 17.963 2.65207782941
-1.239 19.043 16.953 2.65207782941
-2.285 18.086 17.416 2.65207782941
1.982 24.695 19.601 2.49687256947
2.005 25.994 20.274 2.65207782941
2.309 28.165 19.282 2.37505611705
2.722 25.927 21.623 2.65207782941
2.04 25.076 22.671 2.65207782941
2.624 25.335 24.067 2.65207782941
2.114 24.324 25.1 2.65207782941
2.713 24.548 26.45 2.65207782941
0.835 29.145 14.542 2.75923199067
2.768 25.779 12.294 2.97245262608
-0.45 29.103 16.975 3.374854362
0.115 30.494 17.194 3.29292659605
-0.552 31.5 16.952 3.21343256117
-1.067 28.617 18.27 3.374854362
-1.852 27.361 18.089 3.29292659605
-2.259 27.069 16.947 3.21343256117
-2.058 26.652 19.092 3.21343256117
2.013 31.79 17.961 2.41516305987
2.725 32.421 16.757 2.24769809506
2.383 33.53 16.331 2.06703446881
2.209 31.228 20.414 2.41516305987
3.874 32.795 19.346 2.41516305987
3.064 30.934 21.615 2.41516305987
4.524 32.13 15.094 2.97245262608
4.051 31.664 13.725 2.8655882766
4.326 32.308 12.705 2.75923199067
5.945 31.61 15.289 2.97245262608
6.718 32.293 16.369 2.97245262608
6.937 33.726 15.985 2.97245262608
7.798 34.451 16.98 2.97245262608
7.943 35.879 16.562 2.97245262608
3.392 30.515 13.683 2.85110369563
2.97 29.985 12.401 2.97245262608
3.865 28.623 10.603 2.41269401738
4.314 27.266 8.585 2.57789518755
5.268 26.214 8.012 2.57789518755
4.024 28.388 7.593 2.57789518755
6.949 30.997 9.407 3.374854362
8.168 30.744 10.305 3.29292659605
9.292 31.038 9.902 3.21343256117
6.378 32.388 9.603 3.374854362
5.153 32.624 8.737 3.29292659605
5.335 32.821 7.515 3.21343256117
4.014 32.577 9.265 3.21343256117
7.947 30.137 11.476 2.57572842164
9.044 29.795 12.394 2.72232757201
11.279 29.037 11.886 2.46178430194
10.205 29.379 15.481 2.65002772709
10.094 27.226 14.432 2.65002772709
11.241 28.924 16.3 2.65002772709
11.127 26.767 15.243 2.65002772709
11.698 27.621 16.171 2.59344389372
12.757 27.213 16.945 2.53400746709
10.476 27.028 10.21 2.78912757715
10.931 27.543 8.847 2.66677603688
12.109 27.459 8.511 2.5427976846
9.796 25.667 10.056 2.78912757715
10.484 24.164 11.983 2.72038202399
10.36 28.574 6.743 2.41516305987
11.302 29.771 6.761 2.24769809506
12.172 29.889 5.898 2.06703446881
9.098 28.869 5.942 2.41516305987
6.931 28.097 4.983 2.41516305987
8.899 26.559 4.969 2.41516305987
11.115 30.667 7.729 2.22402568616
11.954 31.847 7.871 2.41516305987
12.108 32.636 6.578 2.24769809506
13.209 33.026 6.211 2.06703446881
13.332 31.463 8.427 2.41516305987
10.993 32.871 5.887 2.65003072421
10.98 33.645 4.643 2.78912757715
11.816 33.056 3.516 2.66677603688
12.246 33.778 2.619 2.5427976846
11.415 35.096 4.897 2.78912757715
10.741 35.724 6.076 2.66677603688
9.412 36.08 6.07 2.58878484312
11.2 36.017 7.317 2.72038202399
9.077 36.565 7.252 2.72038202399
10.146 36.537 8.028 2.65003072421
12.054 31.751 3.555 2.7203848681
12.825 31.088 2.506 2.85287250891
11.854 30.352 1.601 2.73628278469
10.711 30.114 1.982 2.61895377264
13.816 30.096 3.097 2.85287250891
14.836 30.711 4.013 2.85287250891
15.859 29.667 4.407 2.85287250891
16.75 30.143 5.537 2.85287250891
17.807 29.126 5.832 2.85287250891
12.31 29.961 0.4 2.7203848681
11.462 29.25 -0.562 2.85287250891
11.459 27.726 -0.493 2.73628278469
10.89 27.062 -1.366 2.61895377264
12.022 29.733 -1.898 2.85287250891
13.483 29.802 -1.616 2.85287250891
13.549 30.435 -0.249 2.85287250891
12.1 27.153 0.512 2.22402568616
12.154 25.694 0.592 2.41516305987
9.859 25.653 1.302 2.06703446881
13.051 25.228 1.745 2.41516305987
13.242 24.295 4.033 2.41516305987
12.314 26.594 3.728 2.41516305987
10.639 23.85 0.213 1.7
9.405 23.087 0.324 2.0
8.169 23.769 -0.241 1.74
7.094 23.691 0.35 1.4
9.185 22.716 1.792 2.0
8.309 24.382 -1.413 2.65003072421
7.185 25.066 -2.046 2.78912757715
5.528 24.44 -3.646 2.5427976846
7.556 26.504 -2.403 2.78912757715
8.671 26.526 -3.271 2.61066977765
7.576 23.567 -3.919 3.18494045613
7.231 22.844 -5.141 3.28331166428
7.446 21.33 -5.056 3.19656430018
8.228 20.836 -4.239 3.11200838625
8.034 23.392 -6.333 3.28331166428
7.77 24.869 -6.595 3.19656430018
6.618 25.226 -6.939 3.11200838625
8.723 25.673 -6.46 3.11200838625
6.745 20.61 -5.931 2.7203848681
6.817 19.157 -6.028 2.85287250891
6.72 18.42 -4.695 2.73628278469
7.306 17.353 -4.502 2.61895377264
8.067 18.736 -6.802 2.85287250891
8.071 19.253 -8.236 2.85287250891
8.8 18.308 -9.165 2.85287250891
8.054 16.973 -9.286 2.85287250891
8.927 15.892 -9.855 2.85287250891
5.9 18.959 -3.805 2.11633202144
5.708 18.371 -2.497 2.32485688748
5.211 16.944 -2.518 2.14243103283
4.759 19.232 -1.673 2.32485688748
5.371 20.556 -1.23 2.14243103283
4.435 21.255 -0.277 2.32485688748
6.703 20.287 -0.549 2.32485688748
4.583 16.514 -3.615 3.18494045613
4.084 15.148 -3.683 3.28331166428
5.238 14.141 -3.699 3.19656430018
5.049 12.955 -3.414 3.11200838625
3.115 14.938 -4.854 3.28331166428
3.747 14.79 -6.227 3.28331166428
4.237 16.089 -6.834 3.19656430018
4.021 17.172 -6.255 3.11200838625
4.837 16.019 -7.923 3.11200838625
7.642 13.791 -3.954 2.57789518755
7.931 13.282 -2.521 2.43285482807
8.62 12.277 -2.332 2.28148428923
8.864 14.601 -4.42 2.57789518755
9.135 14.655 -5.931 2.57789518755
10.533 15.242 -6.255 2.43285482807
11.553 14.856 -5.656 2.28148428923
10.577 16.173 -7.197 2.46421089331
7.639 13.634 -0.132 2.49917816808
8.716 16.84 -0.573 2.41269040159
10.136 15.755 0.777 2.34393302806
9.953 17.42 -0.708 2.32219197539
10.843 16.779 0.107 2.34393302806
10.819 14.931 1.691 2.41269040159
12.21 17.008 0.315 2.41269040159
12.177 15.161 1.902 2.41269040159
12.857 16.196 1.215 2.41269040159
5.745 12.116 -0.172 2.57572842164
5.653 9.792 0.596 2.59344389372
6.57 9.493 -0.168 2.46178430194
3.691 10.842 -0.506 2.72232757201
2.213 12.647 -1.471 2.65002772709
0.937 13.004 0.974 2.65002772709
1.181 13.576 -1.357 2.65002772709
0.553 13.742 -0.139 2.59344389372
-0.51 14.59 -0.044 2.53400746709
5.95 7.743 1.855 2.0
5.58 6.771 0.755 1.74
6.443 6.093 0.186 1.4
5.577 7.172 3.222 2.0
5.988 5.409 3.371 1.8
4.293 6.7 0.454 3.18494045613
3.806 5.831 -0.613 3.28331166428
2.427 6.384 -0.897 3.19656430018
2.175 6.976 -1.95 3.11200838625
3.712 4.37 -0.152 3.28331166428
4.451 3.383 -1.047 3.28331166428
5.887 3.156 -0.606 3.19656430018
6.081 2.433 0.391 3.11200838625
6.818 3.694 -1.245 3.11200838625
1.544 6.199 0.079 2.22402568616
0.188 6.709 0.004 2.41516305987
0.352 8.099 0.589 2.24769809506
0.413 9.091 -0.141 2.06703446881
-0.756 5.863 0.871 2.41516305987
0.537 8.151 1.901 2.41269401738
1.902 9.169 3.586 2.43285482807
-0.58 9.801 3.342 2.57789518755
-1.251 11.125 2.857 2.57789518755
-2.561 10.979 2.024 2.43285482807
-3.032 9.879 1.697 2.28148428923
-3.133 12.12 1.671 2.46421089331
1.738 8.359 4.525 2.28148428923
