1.E-8
849
-8.655 5.77 8.371 1.99639670258
-7.542 5.187 9.163 2.22693058289
-6.21 5.619 8.561 2.02565795104
-6.156 6.468 7.693 1.79544509739
-7.641 3.666 9.159 2.22693058289
-7.75 3.179 10.602 2.22693058289
-9.158 3.466 11.126 2.22693058289
-9.145 4.744 11.965 2.22693058289
-9.497 4.416 13.375 2.22693058289
-8.409 6.745 8.105 1.68355989822
-9.523 5.775 8.942 1.68355989822
-7.604 5.545 10.18 1.68355989822
-8.516 3.361 8.603 1.68355989822
-6.756 3.246 8.705 1.68355989822
-7.558 2.117 10.64 1.68355989822
-7.025 3.703 11.212 1.68355989822
-9.833 3.592 10.29 1.68355989822
-9.491 2.64 11.735 1.68355989822
-8.16 5.186 11.934 1.68355989822
-9.866 5.442 11.568 1.68355989822
-9.394 3.393 13.53 1.68355989822
-8.864 4.932 14.019 1.68355989822
-10.481 4.694 13.559 1.68355989822
-5.128 5.066 9.028 1.99639670258
-3.04 3.218 8.757 1.79544509739
-3.138 6.383 9.534 2.22693058289
-1.624 6.134 9.604 2.22693058289
-0.967 7.224 10.453 2.22693058289
0.116 7.929 9.634 2.22693058289
1.057 8.63 10.551 2.22693058289
-5.18 4.399 9.744 1.68355989822
-3.311 7.411 9.268 1.68355989822
-3.58 6.18 10.499 1.68355989822
-1.438 5.168 10.051 1.68355989822
-1.716 7.942 10.757 1.68355989822
-0.521 6.777 11.329 1.68355989822
-0.343 8.648 8.971 1.68355989822
0.538 8.961 11.391 1.68355989822
1.809 7.974 10.844 1.68355989822
1.48 9.442 10.061 1.68355989822
-1.491 2.834 5.486 2.97245262608
-1.871 1.831 5.612 2.7140117378
3.842 1.667 6.535 1.94074133197
3.25 4.021 8.194 2.32485688748
4.617 4.709 8.122 2.32485688748
2.262 4.915 8.946 2.32485688748
3.351 3.078 8.712 1.84630452267
4.912 5.026 9.111 1.84630452267
1.514 4.3 9.425 1.84630452267
2.791 5.488 9.694 1.84630452267
5.117 2.213 4.245 2.72232757201
5.62 1.142 2.061 2.72232757201
4.92 1.205 4.58 2.40458343712
7.134 1.947 5.547 2.11633202144
8.545 2.232 5.905 2.32485688748
9.611 0.207 5.189 1.94074133197
8.759 1.859 7.37 2.32485688748
8.067 2.89 8.264 2.14243103283
7.534 3.869 7.782 1.94074133197
8.054 2.711 9.557 2.18262886222
6.628 1.287 6.062 1.84630452267
8.751 3.283 5.764 1.84630452267
8.338 0.881 7.556 1.84630452267
9.81 1.847 7.587 1.84630452267
8.484 1.922 9.947 1.84630452267
7.613 3.366 10.138 1.84630452267
10.078 2.017 4.035 2.22402568616
10.976 1.261 3.114 2.41516305987
12.182 0.718 3.879 2.24769809506
12.583 -0.414 3.694 2.06703446881
9.938 2.978 3.9 1.98452021163
12.767 1.509 4.735 2.85110369563
13.946 1.022 5.505 2.97245262608
13.659 -0.39 6.019 2.8655882766
14.559 -1.17 6.26 2.75923199067
14.207 1.95 6.696 2.97245262608
14.064 3.409 6.256 2.97245262608
14.66 4.324 7.328 2.8655882766
14.225 4.232 8.464 2.75923199067
15.54 5.1 6.994 2.75923199067
14.814 1.003 4.863 2.7140117378
13.494 1.739 7.479 2.7140117378
15.208 1.785 7.067 2.7140117378
14.587 3.557 5.322 2.7140117378
13.019 3.645 6.127 2.7140117378
12.051 -2.069 6.699 2.32485688748
11.745 -3.001 5.523 2.14243103283
12.213 -4.121 5.468 1.94074133197
10.811 -1.937 7.578 2.32485688748
11.027 -0.819 8.6 2.32485688748
11.79 -1.365 9.805 2.14243103283
12.979 -1.155 9.931 1.94074133197
11.151 -2.059 10.705 2.18262886222
12.865 -2.469 7.278 1.84630452267
9.964 -1.691 6.955 1.84630452267
10.628 -2.868 8.092 1.84630452267
11.597 -0.022 8.145 1.84630452267
10.071 -0.437 8.923 1.84630452267
10.19 -2.227 10.605 1.84630452267
11.631 -2.412 11.483 1.84630452267
10.952 -2.55 4.591 1.99639670258
10.597 -3.408 3.424 2.22693058289
12.893 -3.617 2.765 1.79544509739
8.683 -2.005 2.655 2.22693058289
7.689 -3.158 2.715 2.22693058289
9.838 -4.114 3.723 1.68355989822
8.735 -1.522 3.618 1.68355989822
8.005 -3.863 3.468 1.68355989822
6.713 -2.774 2.97 1.68355989822
12.794 -6.261 2.2 2.32485688748
13.251 -7.368 0.12 1.94074133197
13.035 -7.4 3.184 2.32485688748
13.677 -6.844 4.458 2.32485688748
15.105 -7.376 4.589 2.32485688748
15.489 -7.404 6.03 2.11633202144
16.544 -8.065 6.417 2.14243103283
16.881 -9.17 5.815 2.18262886222
17.261 -7.62 7.412 2.18262886222
13.684 -5.654 2.117 1.84630452267
12.092 -7.867 3.429 1.84630452267
13.687 -8.122 2.738 1.84630452267
13.698 -5.765 4.408 1.84630452267
13.1 -7.153 5.317 1.84630452267
15.156 -8.374 4.183 1.84630452267
15.781 -6.731 4.046 1.84630452267
14.946 -6.924 6.69 1.84630452267
16.331 -9.515 5.056 1.84630452267
17.69 -9.677 6.115 1.84630452267
17.0 -6.773 7.874 1.84630452267
18.069 -8.126 7.711 1.84630452267
10.732 -7.258 -0.86 2.57789518755
10.862 -8.781 -0.865 2.57789518755
11.282 -9.221 0.419 2.36497245057
11.348 -6.84 -1.643 2.21447173442
9.908 -9.225 -1.097 2.21447173442
11.585 -9.077 -1.613 2.21447173442
11.282 -10.182 0.418 2.21447173442
6.908 -7.37 -3.892 2.22693058289
5.57 -6.749 -4.313 2.22693058289
6.753 -8.888 -3.812 2.22693058289
5.564 -5.246 -4.01 2.22693058289
9.272 -7.656 -2.921 1.68355989822
5.423 -6.902 -5.372 1.68355989822
7.675 -9.325 -3.457 1.68355989822
5.953 -9.131 -3.129 1.68355989822
6.522 -9.279 -4.792 1.68355989822
4.976 -4.73 -4.755 1.68355989822
5.851 -9.332 -0.047 2.49917816808
5.859 -8.424 1.179 2.34393302806
4.837 -8.162 1.781 2.17953443166
6.453 -10.689 0.312 2.49917816808
5.481 -11.469 0.996 2.27055054127
7.381 -9.195 -1.556 2.10577365931
6.749 -11.201 -0.588 2.10577365931
7.32 -10.541 0.942 2.10577365931
5.314 -12.257 0.474 2.10577365931
7.009 -7.928 1.541 3.08160126066
7.097 -7.021 2.709 3.18635814682
5.47 -5.386 3.353 3.00350354728
8.536 -6.538 2.871 3.18635814682
9.056 -6.939 4.254 3.09401308242
8.483 -7.843 4.84 3.00350354728
10.015 -6.335 4.705 3.00350354728
7.814 -8.144 1.036 2.96548237867
6.789 -7.548 3.594 2.96548237867
1.874 -6.363 2.405 2.73628278469
0.786 -6.432 2.941 2.61895377264
1.715 -7.12 0.024 2.85287250891
2.895 -7.181 -2.324 2.78727419845
1.779 -5.586 -3.276 2.78727419845
2.756 -6.465 -3.51 2.7203848681
2.344 -7.958 0.291 2.56861636439
3.605 -7.98 -2.157 2.56861636439
1.419 -4.874 -4.003 2.56861636439
2.969 -6.639 3.055 2.11633202144
2.905 -7.047 4.475 2.32485688748
2.501 -5.844 5.322 2.14243103283
1.541 -5.888 6.067 1.94074133197
4.275 -7.553 4.927 2.32485688748
4.092 -8.654 5.975 2.32485688748
5.461 -9.139 6.452 2.14243103283
6.39 -8.363 6.557 1.94074133197
5.626 -10.399 6.749 2.18262886222
2.178 -7.83 4.584 1.84630452267
4.811 -7.948 4.076 1.84630452267
4.835 -6.737 5.359 1.84630452267
3.535 -8.262 6.814 1.84630452267
3.552 -9.48 5.538 1.84630452267
4.876 -11.024 6.665 1.84630452267
6.499 -10.719 7.056 1.84630452267
3.229 -4.764 5.217 2.32219197539
2.882 -3.573 6.019 2.49917816808
3.976 -2.492 5.86 2.49917816808
4.593 -2.276 7.121 2.27055054127
3.371 -1.165 5.396 2.49917816808
3.996 -4.744 4.62 2.10577365931
2.812 -3.861 7.05 2.10577365931
4.713 -2.82 5.143 2.10577365931
5.007 -1.41 7.104 2.10577365931
-3.123 -5.365 7.059 1.79544509739
-1.173 -7.088 5.035 2.22693058289
-2.174 -8.1 5.593 2.22693058289
-1.414 -9.229 6.292 2.22693058289
-2.407 -10.255 6.837 2.22693058289
-1.733 -11.101 7.86 2.22693058289
-2.827 -7.61 6.3 1.68355989822
-0.753 -9.708 5.583 1.68355989822
-0.834 -8.823 7.107 1.68355989822
-3.244 -9.744 7.288 1.68355989822
-2.759 -10.88 6.029 1.68355989822
-1.098 -10.512 8.434 1.68355989822
-2.45 -11.541 8.472 1.68355989822
-0.991 -4.98 7.317 1.99639670258
-1.204 -4.631 8.741 2.22693058289
-2.006 -3.335 8.817 2.02565795104
-3.074 -3.277 9.39 1.79544509739
0.142 -4.442 9.432 2.22693058289
0.148 -5.278 10.717 2.22693058289
1.553 -5.339 11.302 2.22693058289
1.494 -6.033 12.671 2.22693058289
2.827 -6.602 13.001 2.22693058289
-1.748 -5.423 9.22 1.68355989822
0.934 -4.768 8.773 1.68355989822
0.28 -3.398 9.674 1.68355989822
-0.521 -4.833 11.441 1.68355989822
-0.184 -6.279 10.493 1.68355989822
2.192 -5.897 10.635 1.68355989822
1.939 -4.336 11.421 1.68355989822
1.213 -5.318 13.432 1.68355989822
0.765 -6.828 12.64 1.68355989822
3.561 -5.886 12.835 1.68355989822
2.841 -6.89 14.002 1.68355989822
3.008 -7.429 12.4 1.68355989822
-1.495 -2.303 8.219 2.97082338406
-2.195 -1.004 8.212 3.08311555793
-3.621 -1.224 7.716 2.98417189675
-4.587 -1.066 8.436 2.88653560143
-1.45 -0.08 7.25 3.08311555793
-0.006 0.098 7.725 3.08311555793
0.032 1.057 8.914 2.98417189675
-1.026 1.364 9.438 2.88653560143
1.12 1.471 9.28 2.88653560143
-2.2 -0.582 9.202 2.84530335529
-1.94 0.879 7.216 2.84530335529
0.394 -0.86 8.022 2.84530335529
-3.737 -1.599 6.48 2.22402568616
-5.066 -1.859 5.871 2.41516305987
-5.767 -2.996 6.618 2.24769809506
-6.953 -3.209 6.467 2.06703446881
-5.669 -0.966 5.907 1.98452021163
-3.651 -0.499 4.362 1.98452021163
-5.667 -4.86 8.158 2.32485688748
-6.369 -5.796 7.17 2.14243103283
-7.501 -6.191 7.366 1.94074133197
-6.67 -4.292 9.152 2.32485688748
-4.904 -5.408 8.688 1.84630452267
-6.275 -3.373 9.558 1.84630452267
-7.603 -4.092 8.649 1.84630452267
-6.831 -5.002 9.949 1.84630452267
-6.438 -8.468 5.69 2.8655882766
-5.795 -8.792 6.669 2.75923199067
-7.526 -10.643 5.529 2.65207782941
-6.221 -11.438 5.555 2.51571213812
-8.489 -11.23 4.49 2.65207782941
-8.88 -10.091 3.514 2.65207782941
-8.054 -8.852 3.89 2.65207782941
-7.991 -10.646 6.502 2.31343329867
-9.371 -11.607 4.977 2.31343329867
-8.658 -10.387 2.499 2.31343329867
-9.931 -9.869 3.611 2.31343329867
-7.393 -8.587 3.079 2.31343329867
-6.289 -12.685 5.931 2.85110369563
-5.058 -13.519 5.972 2.97245262608
-4.729 -13.997 4.558 2.8655882766
-3.622 -14.407 4.273 2.75923199067
-5.295 -14.732 6.871 2.97245262608
-5.557 -14.268 8.305 2.97245262608
-5.237 -15.405 9.276 2.8655882766
-4.38 -16.21 8.953 2.75923199067
-5.856 -15.452 10.327 2.75923199067
-7.153 -13.074 6.182 2.7140117378
-6.151 -15.284 6.509 2.7140117378
-4.423 -15.368 6.854 2.7140117378
-4.931 -13.416 8.527 2.7140117378
-6.595 -13.989 8.41 2.7140117378
-5.686 -13.952 3.671 1.99639670258
-5.426 -14.409 2.279 2.22693058289
-5.02 -13.218 1.409 2.02565795104
-4.999 -13.312 0.198 1.79544509739
-6.686 -15.061 1.704 2.22693058289
-7.9 -14.25 2.087 2.02565795104
-8.3 -13.171 1.29 2.11632732207
-8.627 -14.579 3.237 2.11632732207
-9.428 -12.421 1.643 2.11632732207
-9.756 -13.829 3.59 2.11632732207
-10.156 -12.75 2.793 2.02565795104
-11.268 -12.011 3.14 1.9255854327
-4.624 -15.133 2.287 1.68355989822
-6.608 -15.105 0.628 1.68355989822
-6.785 -16.061 2.099 1.68355989822
-7.739 -12.917 0.403 1.68355989822
-8.318 -15.411 3.852 1.68355989822
-9.737 -11.588 1.029 1.68355989822
-10.317 -14.083 4.476 1.68355989822
-11.944 -12.619 3.447 1.68355989822
-4.694 -12.103 2.017 1.99639670258
-2.281 -11.759 0.193 1.79544509739
-3.462 -9.958 2.121 2.22693058289
-1.832 -8.068 1.715 2.11632732207
-5.152 -10.39 0.855 1.68355989822
-2.597 -10.483 2.499 1.68355989822
-4.655 -8.797 -0.044 1.68355989822
-1.267 -8.413 2.564 1.68355989822
-3.974 -11.339 -1.151 2.22402568616
-3.215 -11.796 -2.357 2.41516305987
-1.214 -11.146 -3.495 2.06703446881
-4.899 -11.032 -1.247 1.98452021163
-2.876 -12.809 -2.201 1.98452021163
-3.865 -11.766 -3.219 1.98452021163
-0.533 -8.42 -3.47 3.09401308242
0.377 -7.671 -3.76 3.00350354728
0.582 -9.491 -1.474 3.18635814682
0.741 -10.947 -1.915 3.18635814682
2.052 -11.506 -1.358 3.09401308242
3.044 -10.799 -1.41 3.00350354728
2.04 -12.632 -0.89 3.00350354728
0.576 -9.447 -0.394 2.96548237867
-0.084 -11.532 -1.539 2.96548237867
0.764 -10.998 -2.992 2.96548237867
-1.203 -8.335 -5.792 2.41516305987
-1.891 -6.977 -5.927 2.24769809506
-1.811 -9.321 -6.806 2.41516305987
-2.42 -10.533 -6.096 2.24769809506
-1.721 -11.465 -5.752 2.06703446881
-3.703 -10.559 -5.864 2.28430885786
-0.148 -8.216 -5.997 1.98452021163
-2.581 -8.817 -7.372 1.98452021163
-1.037 -9.657 -7.481 1.98452021163
-4.267 -9.808 -6.143 1.98452021163
-4.104 -11.33 -5.41 1.98452021163
-1.918 -6.429 -7.107 1.86000608385
-4.108 -5.392 -7.331 1.89360203896
-4.911 -4.621 -6.852 1.62182580604
-2.204 -4.539 -8.65 2.11953941158
-0.358 -3.503 -9.971 2.11953941158
-0.59 -2.986 -7.539 2.11953941158
-1.505 -6.886 -7.869 1.48123575012
-2.317 -5.3 -9.409 1.48123575012
-2.846 -3.706 -8.881 1.48123575012
-0.109 -4.909 -8.369 1.48123575012
-1.059 -3.846 -10.718 1.48123575012
0.636 -3.838 -10.229 1.48123575012
0.191 -3.271 -6.85 1.48123575012
-4.469 -6.494 -7.911 2.85110369563
-5.897 -6.886 -8.018 2.97245262608
-6.467 -7.173 -6.632 2.8655882766
-7.614 -6.894 -6.351 2.75923199067
-5.975 -8.167 -8.833 2.97245262608
-5.683 -7.865 -10.303 2.8655882766
-6.344 -7.0 -10.853 2.75923199067
-4.803 -8.506 -10.856 2.75923199067
-3.784 -7.073 -8.292 2.7140117378
-6.465 -6.108 -8.502 2.7140117378
-5.242 -8.865 -8.451 2.7140117378
-6.958 -8.593 -8.738 2.7140117378
-5.676 -7.742 -5.769 2.11633202144
-6.18 -8.058 -4.401 2.32485688748
-7.111 -6.353 -3.016 1.94074133197
-5.31 -9.125 -3.749 2.32485688748
-7.199 -8.406 -4.462 1.84630452267
-5.531 -9.163 -2.692 1.84630452267
-5.518 -10.085 -4.196 1.84630452267
-7.315 -3.093 -6.341 2.32485688748
-8.456 -2.267 -6.801 2.14243103283
-9.708 -2.718 -6.963 2.22402143089
-8.476 -0.86 -7.128 2.14243103283
-10.508 -1.672 -7.389 2.11633202144
-9.785 -0.502 -7.508 2.14243103283
-7.487 0.125 -7.138 2.22402143089
-10.099 0.802 -7.885 2.22402143089
-7.785 1.43 -7.507 2.22402143089
-9.093 1.778 -7.885 2.22402143089
-6.396 -2.715 -6.747 1.84630452267
-7.458 -4.113 -6.665 1.84630452267
-10.026 -3.729 -6.788 1.84630452267
-11.467 -1.733 -7.585 1.84630452267
-11.106 1.051 -8.177 1.84630452267
-9.322 2.794 -8.171 1.84630452267
-10.061 -5.5 -4.13 3.18635814682
-10.283 -5.117 -2.672 3.09401308242
-11.394 -5.091 -2.182 3.00350354728
-9.927 -7.017 -4.254 3.18635814682
-10.613 -7.488 -5.537 3.09401308242
-10.045 -7.286 -6.598 3.00350354728
-11.695 -8.044 -5.438 3.00350354728
-10.891 -5.158 -4.728 2.96548237867
-10.396 -7.486 -3.406 2.96548237867
-9.354 -4.412 -0.556 2.0
-7.334 -6.221 -0.239 1.8
-10.085 -5.042 -0.071 1.2
-7.716 -6.844 0.383 1.2
-11.729 0.247 -0.908 3.39902103994
-12.65 -0.794 -3.226 2.41516305987
-13.665 -1.664 -2.479 2.24769809506
-14.826 -1.704 -2.836 2.06703446881
-12.649 -1.174 -4.708 2.41516305987
-11.87 -2.347 -4.894 2.16754538317
-12.054 -0.026 -5.525 2.41516305987
-12.926 0.237 -3.135 1.98452021163
-13.661 -1.357 -5.035 1.98452021163
-12.408 -2.989 -5.363 1.98452021163
-12.646 0.865 -5.377 1.98452021163
-12.056 -0.29 -6.572 1.98452021163
-13.262 -2.363 -1.452 2.22402568616
-14.258 -3.21 -0.729 2.41516305987
-13.627 -3.9 0.484 2.24769809506
-13.61 -5.112 0.574 2.06703446881
-15.075 -2.588 -0.396 1.98452021163
-14.638 -3.963 -1.404 1.98452021163
-13.125 -3.148 1.425 1.99639670258
-12.519 -3.775 2.63 2.22693058289
-11.944 -2.689 3.54 2.02565795104
-12.415 -2.466 4.637 1.79544509739
-11.402 -4.721 2.201 2.22693058289
-10.808 -5.362 3.411 2.02565795104
-9.735 -4.894 4.085 2.11632732207
-11.233 -6.571 4.106 2.02565795104
-9.47 -5.739 5.146 1.99639670258
-10.366 -6.788 5.202 2.02565795104
-12.274 -7.493 3.891 2.11632732207
-10.527 -7.879 6.058 2.11632732207
-12.439 -8.592 4.75 2.11632732207
-11.567 -8.785 5.831 2.11632732207
-13.153 -2.176 1.345 1.68355989822
-13.275 -4.33 3.166 1.68355989822
-11.804 -5.478 1.549 1.68355989822
-8.741 -5.624 5.79 1.68355989822
-12.952 -7.353 3.062 1.68355989822
-9.852 -8.022 6.888 1.68355989822
-13.242 -9.293 4.577 1.68355989822
-11.698 -9.632 6.488 1.68355989822
-10.304 -0.949 3.912 2.32485688748
-11.35 0.112 4.253 2.14243103283
-12.264 0.362 3.493 1.94074133197
-8.436 0.706 4.017 2.32485688748
-9.915 -1.38 4.817 1.84630452267
-9.571 0.213 2.264 1.84630452267
-8.204 0.244 4.965 1.84630452267
-12.197 1.808 5.755 2.97245262608
-11.566 3.177 5.505 2.8655882766
-10.44 3.435 5.88 2.75923199067
-12.6 1.688 7.231 2.97245262608
-11.576 0.848 7.993 2.97245262608
-12.107 0.545 9.395 2.8655882766
-13.089 -0.173 9.493 2.75923199067
-11.524 1.036 10.347 2.75923199067
-10.463 0.544 5.976 2.7140117378
-13.077 1.706 5.136 2.7140117378
-12.65 2.674 7.668 2.7140117378
-13.57 1.217 7.3 2.7140117378
-11.404 -0.077 7.463 2.7140117378
-10.651 1.397 8.071 2.7140117378
-12.285 4.047 4.861 2.41269401738
-11.744 5.402 4.559 2.57789518755
-12.564 6.446 5.329 2.43285482807
-13.586 6.11 5.892 2.28148428923
-11.851 5.623 3.045 2.57789518755
-10.868 4.72 2.323 2.43285482807
-10.994 4.52 0.945 2.49686919338
-10.094 3.692 0.272 2.49686919338
-13.186 3.805 4.566 2.21447173442
-12.851 5.384 2.72 2.21447173442
-11.776 5.012 0.397 2.21447173442
-12.102 7.682 5.359 2.41269401738
-10.858 8.134 4.685 2.57789518755
-9.62 7.409 5.219 2.43285482807
-9.455 7.234 6.406 2.28148428923
-10.761 9.631 5.01 2.57789518755
-11.97 10.004 5.902 2.57789518755
-12.815 8.738 6.097 2.57789518755
-9.838 9.831 5.537 2.21447173442
-11.62 10.365 6.859 2.21447173442
-12.563 10.764 5.417 2.21447173442
-12.878 8.489 7.148 2.21447173442
-13.802 8.877 5.683 2.21447173442
-8.744 7.0 4.338 2.11633202144
-7.502 6.298 4.775 2.32485688748
-6.301 7.182 4.462 2.14243103283
-6.335 7.998 3.567 1.94074133197
-5.35 4.066 5.209 2.32485688748
-7.908 4.198 4.504 1.84630452267
-5.171 3.003 5.158 1.84630452267
-5.222 6.985 5.157 2.11633202144
-3.555 8.555 6.114 2.32485688748
-2.135 8.158 6.542 2.32485688748
-3.567 10.051 5.802 2.32485688748
-4.241 8.353 6.923 1.84630452267
-1.749 8.892 7.235 1.84630452267
-4.513 10.319 5.357 1.84630452267
-3.426 10.609 6.716 1.84630452267
3.642 8.508 6.256 3.54436212661
3.65 9.471 7.444 3.47033660994
2.717 9.42 8.229 3.39902103994
4.588 10.244 7.55 3.39902103994
1.512 8.798 6.299 3.36945124096
4.271 7.658 6.477 3.36945124096
4.017 9.017 5.381 3.36945124096
8.346 6.446 4.849 2.41516305987
8.545 7.825 5.481 2.41516305987
8.772 7.667 6.985 2.41516305987
10.009 8.396 7.382 2.22402568616
10.254 8.632 8.637 2.24769809506
10.719 7.683 9.399 2.28430885786
10.035 9.816 9.133 2.28430885786
9.257 5.874 4.943 1.98452021163
9.402 8.307 5.032 1.98452021163
7.664 8.426 5.313 1.98452021163
7.929 8.074 7.521 1.98452021163
8.876 6.618 7.224 1.98452021163
10.641 8.699 6.697 1.98452021163
10.887 6.774 9.016 1.98452021163
10.91 7.862 10.362 1.98452021163
9.68 10.544 8.547 1.98452021163
10.226 9.998 10.097 1.98452021163
11.05 5.709 1.264 2.41516305987
13.251 4.974 2.186 2.41516305987
13.542 5.75 3.472 2.24769809506
12.71 5.822 4.354 2.06703446881
14.698 6.338 3.616 2.28430885786
10.215 7.377 2.347 1.98452021163
11.776 6.406 0.87 1.98452021163
11.34 4.644 3.107 1.98452021163
13.82 4.055 2.181 1.98452021163
13.53 5.575 1.335 1.98452021163
15.369 6.28 2.904 1.98452021163
14.895 6.838 4.435 1.98452021163
9.791 5.807 -0.801 1.7
8.267 6.356 -2.637 2.0
7.213 5.805 -3.572 1.74
6.938 4.43 -3.629 1.86
6.504 6.69 -4.386 1.86
5.953 3.951 -4.507 1.86
5.522 6.212 -5.26 1.86
5.249 4.842 -5.323 1.86
9.889 6.779 -0.725 1.2
7.788 6.966 -1.886 1.2
8.959 6.965 -3.2 1.2
6.705 7.752 -4.327 1.2
4.978 6.9 -5.89 1.2
4.493 4.472 -5.998 1.2
10.824 5.355 -3.595 2.85110369563
11.784 4.768 -4.576 2.97245262608
12.637 3.708 -3.882 2.8655882766
13.002 2.709 -4.467 2.75923199067
12.703 5.861 -5.118 2.97245262608
11.991 6.634 -6.229 2.97245262608
12.794 7.891 -6.571 2.8655882766
13.812 8.11 -5.935 2.75923199067
12.378 8.612 -7.462 2.75923199067
10.81 6.322 -3.44 2.7140117378
12.966 6.536 -4.317 2.7140117378
13.597 5.405 -5.514 2.7140117378
11.908 6.009 -7.106 2.7140117378
11.004 6.919 -5.896 2.7140117378
12.961 3.924 -2.638 2.11633202144
13.786 2.942 -1.899 2.32485688748
12.982 1.655 -1.731 2.14243103283
13.524 0.569 -1.73 1.94074133197
14.158 3.516 -0.53 2.32485688748
15.064 4.735 -0.723 2.32485688748
16.526 4.322 -0.542 2.14243103283
16.81 3.268 -0.008 1.94074133197
17.472 5.114 -0.966 2.18262886222
12.664 4.732 -2.195 1.84630452267
14.68 2.741 -2.46 1.84630452267
14.682 2.768 0.046 1.84630452267
14.923 5.132 -1.718 1.84630452267
14.813 5.49 0.004 1.84630452267
17.243 5.964 -1.397 1.84630452267
18.412 4.859 -0.855 1.84630452267
11.614 -0.52 -5.922 2.43285482807
11.326 -1.436 -6.666 2.28148428923
10.356 1.636 -6.062 2.57789518755
9.518 1.361 -7.311 2.57789518755
9.317 2.665 -8.084 2.57789518755
9.529 2.412 -9.575 2.57789518755
10.507 3.397 -10.112 2.57789518755
9.855 2.369 -5.448 2.21447173442
11.324 2.012 -6.356 2.21447173442
10.029 0.643 -7.938 2.21447173442
8.313 3.027 -7.92 2.21447173442
10.027 3.403 -7.741 2.21447173442
9.908 1.412 -9.721 2.21447173442
10.227 4.356 -9.825 2.21447173442
11.453 3.188 -9.737 2.21447173442
13.963 -1.02 -6.264 2.32485688748
14.01 -2.425 -5.651 2.14243103283
13.841 -3.416 -6.332 1.94074133197
15.297 -0.315 -6.006 2.32485688748
15.326 1.021 -6.751 2.32485688748
16.704 1.221 -7.385 2.14243103283
17.499 0.303 -7.44 1.94074133197
17.024 2.39 -7.868 2.18262886222
13.798 -1.092 -7.32 1.84630452267
15.41 -0.139 -4.945 1.84630452267
16.106 -0.938 -6.356 1.84630452267
14.571 1.019 -7.523 1.84630452267
15.131 1.825 -6.057 1.84630452267
16.383 3.131 -7.822 1.84630452267
17.904 2.528 -8.276 1.84630452267
14.264 -2.497 -4.372 1.99639670258
14.358 -3.82 -3.661 2.22693058289
13.391 -4.833 -4.276 2.02565795104
13.653 -6.019 -4.302 1.79544509739
13.995 -3.678 -2.17 2.22693058289
13.367 -2.146 -0.31 2.22693058289
14.415 -1.673 -3.879 1.68355989822
15.366 -4.197 -3.745 1.68355989822
14.843 -3.97 -1.571 1.68355989822
14.411 -1.572 -2.092 1.68355989822
14.306 -2.252 0.212 1.68355989822
12.93 -1.187 -0.076 1.68355989822
11.298 -5.309 -5.376 2.57789518755
10.933 -4.785 -6.761 2.43285482807
9.802 -4.445 -7.03 2.28148428923
10.042 -5.45 -4.482 2.57789518755
8.893 -5.599 -5.3 2.36497245057
11.761 -6.276 -5.486 2.21447173442
10.15 -6.332 -3.87 2.21447173442
9.001 -6.4 -5.817 2.21447173442
11.921 -4.721 -7.629 2.85110369563
11.731 -4.227 -9.035 2.97245262608
9.57 -5.108 -9.578 2.75923199067
12.403 -5.214 -9.993 2.97245262608
12.903 -4.472 -11.231 2.97245262608
14.052 -5.257 -11.865 2.8655882766
14.291 -6.373 -11.432 2.75923199067
14.675 -4.73 -12.771 2.75923199067
12.817 -5.003 -7.344 2.7140117378
12.197 -3.26 -9.14 2.7140117378
13.237 -5.686 -9.495 2.7140117378
11.689 -5.968 -10.291 2.7140117378
12.095 -4.376 -11.943 2.7140117378
13.252 -3.491 -10.947 2.7140117378
9.732 -2.92 -9.47 2.11633202144
8.289 -2.761 -9.802 2.32485688748
7.456 -3.157 -8.582 2.14243103283
6.375 -3.697 -8.706 1.94074133197
7.944 -3.685 -10.974 2.32485688748
6.828 -3.063 -11.814 2.14243103283
6.854 -1.884 -12.103 1.94074133197
5.844 -3.815 -12.224 2.18262886222
10.29 -2.131 -9.307 1.84630452267
8.085 -1.736 -10.071 1.84630452267
8.821 -3.829 -11.589 1.84630452267
7.613 -4.64 -10.593 1.84630452267
5.826 -4.768 -11.993 1.84630452267
5.124 -3.429 -12.766 1.84630452267
7.225 -3.33 -6.177 2.72232757201
5.073 -2.381 -5.677 2.46178430194
6.652 -4.22 -6.387 2.40458343712
5.129 1.851 -7.769 3.13558669588
2.884 2.021 -8.617 2.9461805266
6.069 2.02 -8.971 3.13558669588
5.274 2.02 -10.258 3.13558669588
6.148 2.521 -11.41 3.04008465649
6.989 3.37 -11.165 2.9461805266
5.961 2.047 -12.518 2.9461805266
4.997 2.803 -7.289 2.90663511069
6.607 2.952 -8.879 2.90663511069
4.95 1.011 -10.449 2.90663511069
4.418 2.664 -10.144 2.90663511069
3.544 0.011 -8.034 2.32219197539
2.227 -0.585 -8.417 2.49917816808
2.405 -2.082 -8.669 2.49917816808
2.127 -2.366 -10.033 2.27055054127
4.256 -0.563 -7.679 2.10577365931
1.871 -0.112 -9.32 2.10577365931
3.42 -2.368 -8.447 2.10577365931
1.73 -2.635 -8.029 2.10577365931
2.943 -2.269 -10.529 2.10577365931
1.504 -2.565 -3.687 2.97245262608
2.432 -2.747 -4.209 2.7140117378
1.897 3.996 -5.229 2.41516305987
2.605 6.29 -5.924 2.41516305987
2.355 3.708 -6.157 1.98452021163
0.588 5.549 -5.916 1.98452021163
3.189 5.665 -6.584 1.98452021163
2.185 7.111 -6.485 1.98452021163
-0.083 2.914 -7.289 2.11633202144
-1.027 3.138 -8.419 2.32485688748
-3.408 3.314 -8.334 1.94074133197
-0.583 2.279 -9.617 2.32485688748
-1.789 1.868 -10.473 2.32485688748
-1.304 1.317 -11.813 2.14243103283
-1.069 2.064 -12.742 1.94074133197
-1.144 0.029 -11.955 2.18262886222
-1.035 4.183 -8.688 1.84630452267
0.102 2.839 -10.221 1.84630452267
-2.354 1.107 -9.953 1.84630452267
-2.419 2.728 -10.645 1.84630452267
-1.334 -0.574 -11.206 1.84630452267
-0.834 -0.334 -12.811 1.84630452267
-3.258 -1.151 -7.468 2.72232757201
-4.479 1.151 -7.604 2.40458343712
-3.68 -0.717 -8.366 2.40458343712
-4.271 6.61 -6.018 2.32485688748
-5.453 6.341 -6.929 2.14243103283
-6.368 7.124 -7.03 1.94074133197
-3.119 7.15 -6.851 2.32485688748
-1.995 7.625 -5.93 2.32485688748
-1.79 9.13 -6.107 2.32485688748
-1.186 9.394 -7.445 2.11633202144
-1.177 10.604 -7.93 2.14243103283
-1.31 11.627 -7.134 2.18262886222
-1.032 10.79 -9.212 2.18262886222
-2.755 6.364 -7.492 1.84630452267
-3.466 7.973 -7.453 1.84630452267
-1.081 7.107 -6.179 1.84630452267
-2.741 9.634 -6.035 1.84630452267
-1.13 9.496 -5.334 1.84630452267
-0.793 8.66 -7.96 1.84630452267
-1.419 11.483 -6.15 1.84630452267
-1.301 12.554 -7.505 1.84630452267
-0.928 10.004 -9.821 1.84630452267
-1.023 11.717 -9.585 1.84630452267
-5.429 5.219 -7.581 2.97082338406
-6.544 4.838 -8.482 3.08311555793
-8.839 5.219 -7.917 2.88653560143
-6.206 3.501 -9.129 3.08311555793
-5.555 3.723 -10.494 3.08311555793
-6.631 4.058 -11.527 2.98417189675
-7.781 3.734 -11.282 2.88653560143
-6.286 4.632 -12.547 2.88653560143
-6.696 5.595 -9.236 2.84530335529
-7.101 2.911 -9.243 2.84530335529
-4.85 4.539 -10.427 2.84530335529
-5.037 2.822 -10.793 2.84530335529
-9.99 9.016 -5.336 2.46178430194
-7.038 8.187 -4.372 2.72232757201
-7.173 10.619 -3.855 2.72232757201
-7.216 11.663 -2.738 2.72232757201
-6.353 12.821 -3.109 2.72232757201
-6.847 8.688 -5.31 2.40458343712
-6.31 10.797 -4.479 2.40458343712
-8.071 10.693 -4.451 2.40458343712
-8.234 12.0 -2.596 2.40458343712
-6.853 11.223 -1.821 2.40458343712
-5.937 12.657 -4.047 2.40458343712
-5.592 12.925 -2.409 2.40458343712
-9.69 8.204 -7.933 2.32485688748
-11.11 7.645 -7.972 2.14243103283
-12.027 8.262 -8.477 1.94074133197
-8.92 7.757 -9.173 2.32485688748
-9.71 9.274 -7.882 1.84630452267
-7.858 7.825 -8.973 1.84630452267
-9.174 6.731 -9.402 1.84630452267
-9.174 8.391 -10.008 1.84630452267
-11.285 6.472 -7.44 2.97082338406
-12.62 5.829 -7.425 3.08311555793
-13.585 6.626 -6.544 2.98417189675
-14.762 6.332 -6.476 2.88653560143
-12.466 4.417 -6.865 3.08311555793
-12.076 3.469 -7.995 3.08311555793
-13.336 2.876 -8.627 2.98417189675
-13.927 3.543 -9.46 2.88653560143
-13.688 1.764 -8.269 2.88653560143
-13.0 5.776 -8.429 2.84530335529
-13.393 4.092 -6.425 2.84530335529
-11.518 4.013 -8.744 2.84530335529
-13.098 7.621 -5.858 2.22402568616
-13.987 8.421 -4.973 2.41516305987
-13.572 8.186 -3.522 2.24769809506
-13.963 8.908 -2.626 2.06703446881
-12.145 7.837 -5.915 1.98452021163
-15.011 8.108 -5.108 1.98452021163
-12.776 7.179 -3.288 1.7
-12.322 6.888 -1.905 2.0
-11.476 8.057 -1.395 1.74
-10.977 8.854 -2.164 1.4
-12.566 4.168 -1.82 1.8
-13.178 6.749 -1.262 1.2
-12.734 3.862 -2.714 1.2
-11.316 8.173 -0.105 2.91219395265
-10.51 9.298 0.444 3.0287949135
-9.188 8.769 1.009 2.92608152912
-8.935 8.844 2.195 2.8243183199
-11.305 9.984 1.553 3.0287949135
-10.709 11.364 1.834 2.92608152912
-9.782 11.437 2.624 2.8243183199
-11.191 12.324 1.255 2.8243183199
-11.732 7.528 0.503 2.78120700753
-10.306 10.009 -0.342 2.78120700753
-12.334 10.089 1.243 2.78120700753
-5.813 9.657 1.49 2.22402568616
-4.796 10.748 1.4 2.41516305987
-4.702 11.468 2.749 2.41516305987
-5.862 12.265 2.94 2.16754538317
-3.458 12.361 2.773 2.41516305987
-6.367 9.572 2.289 1.98452021163
-5.092 11.452 0.637 1.98452021163
-6.135 12.177 3.857 1.98452021163
-3.146 12.57 1.76 1.98452021163
-3.689 13.287 3.277 1.98452021163
-3.051 10.211 -0.2 1.86000608385
-0.489 11.706 -0.564 1.62182580604
-1.665 9.54 -2.126 2.11953941158
-2.821 8.668 -2.62 2.11953941158
-0.331 8.915 -2.54 2.11953941158
-3.635 10.62 -0.872 1.48123575012
-1.746 10.525 -2.561 1.48123575012
-0.102 9.2 -3.556 1.48123575012
1.322 10.982 1.287 2.11953941158
0.091 11.995 3.208 2.11953941158
2.556 11.64 3.362 2.11953941158
-0.237 11.8 4.689 2.11953941158
1.23 11.971 0.862 1.48123575012
0.376 13.023 3.034 1.48123575012
3.038 12.233 2.599 1.48123575012
2.346 12.26 4.221 1.48123575012
3.206 10.829 3.653 1.48123575012
0.679 11.687 5.249 1.48123575012
-0.779 12.66 5.054 1.48123575012
3.259 10.902 -0.17 1.86000608385
4.552 10.348 -0.662 2.11953941158
5.728 11.146 -0.093 1.89360203896
5.984 12.263 -0.495 1.62182580604
4.558 10.413 -2.173 2.11953941158
2.691 9.851 -3.697 2.11953941158
4.496 8.193 -3.286 2.11953941158
2.85 11.663 -0.631 1.48123575012
4.181 11.371 -2.501 1.48123575012
5.559 10.262 -2.546 1.48123575012
3.141 10.7 -4.183 1.48123575012
2.466 9.089 -4.426 1.48123575012
1.788 10.157 -3.198 1.48123575012
5.534 8.356 -3.037 1.48123575012
4.375 8.2 -4.359 1.48123575012
6.445 10.581 0.841 2.22402568616
7.604 11.308 1.435 2.41516305987
8.908 10.659 0.968 2.24769809506
8.935 9.445 0.852 2.06703446881
7.52 11.241 2.961 2.41516305987
7.246 12.538 3.473 2.16754538317
9.859 11.388 0.735 2.06703446881
7.582 12.34 1.118 1.98452021163
6.729 10.57 3.251 1.98452021163
8.461 10.879 3.356 1.98452021163
6.663 12.44 4.229 1.98452021163
