1e8lNoHeHR_shell
20.
0.010
14306.8
0.716
1.0
1.E-8
1209
-6.865 -10.768 2.452 2.22402568616
-6.176 -10.984 1.152 2.41516305987
-5.099 -9.93 0.918 2.24769809506
-5.204 -9.114 0.005 2.06703446881
-7.22 -10.934 0.034 2.41516305987
-7.632 -12.304 -0.475 2.41516305987
-9.02 -12.272 -1.097 2.41516305987
-8.962 -11.892 -2.568 2.41516305987
-9.141 -10.427 -2.77 2.41516305987
-6.582 -9.854 2.859 1.98452021163
-7.896 -10.77 2.314 1.98452021163
-6.615 -11.525 3.119 1.98452021163
-5.717 -11.961 1.166 1.98452021163
-8.101 -10.429 0.402 1.98452021163
-6.814 -10.373 -0.794 1.98452021163
-6.922 -12.63 -1.221 1.98452021163
-7.634 -13.0 0.351 1.98452021163
-9.467 -13.251 -1.006 1.98452021163
-9.623 -11.548 -0.57 1.98452021163
-8.003 -12.186 -2.966 1.98452021163
-9.746 -12.418 -3.093 1.98452021163
-8.31 -10.029 -3.251 1.98452021163
-9.984 -10.248 -3.352 1.98452021163
-4.066 -9.954 1.755 1.99639670258
-1.748 -9.64 0.986 2.02565795104
-1.433 -10.802 1.246 1.79544509739
-2.558 -8.469 3.04 2.22693058289
-1.268 -7.669 2.967 2.22693058289
-3.665 -7.619 3.639 2.22693058289
-4.043 -10.626 2.466 1.68355989822
-2.393 -9.314 3.691 1.68355989822
-0.636 -7.918 3.805 1.68355989822
-3.886 -7.965 4.636 1.68355989822
-1.041 -8.869 0.159 1.7
0.162 -9.358 -0.496 2.0
1.294 -9.468 0.514 1.74
1.223 -8.904 1.605 1.4
-0.309 -9.6 -3.604 1.86
-1.066 -9.633 -4.758 1.86
-1.754 -8.506 -5.163 1.86
-0.044 -10.33 -0.917 1.2
0.227 -10.482 -3.286 1.2
-1.118 -10.537 -5.342 1.2
-2.344 -8.527 -6.067 1.2
2.346 -10.172 0.133 2.22402568616
3.493 -10.316 1.006 2.41516305987
4.48 -9.183 0.808 2.24769809506
2.353 -10.586 -0.751 1.98452021163
3.985 -11.253 0.792 1.98452021163
3.158 -10.318 2.033 1.98452021163
6.769 -8.399 0.984 2.32485688748
7.417 -8.498 -0.385 2.14243103283
7.381 -7.546 -1.166 1.94074133197
7.827 -8.523 2.081 2.32485688748
7.31 -8.169 3.466 2.32485688748
7.326 -9.374 4.392 2.32485688748
8.622 -9.549 5.041 2.11633202144
8.769 -9.804 6.338 2.14243103283
7.704 -9.913 7.121 2.18262886222
9.983 -9.949 6.853 2.18262886222
5.987 -10.3 1.501 1.84630452267
8.188 -9.541 2.105 1.84630452267
8.649 -7.863 1.848 1.84630452267
7.936 -7.397 3.887 1.84630452267
6.296 -7.805 3.379 1.84630452267
6.57 -9.24 5.151 1.84630452267
7.101 -10.259 3.814 1.84630452267
9.424 -9.473 4.483 1.84630452267
6.788 -9.804 6.737 1.84630452267
7.818 -10.105 8.097 1.84630452267
10.788 -9.868 6.267 1.84630452267
10.092 -10.141 7.829 1.84630452267
7.643 -10.257 -3.021 1.74
7.738 -9.835 -4.164 1.4
9.765 -10.869 -1.878 2.0
10.886 -10.636 -0.462 1.8
8.008 -10.376 -0.026 1.2
9.08 -8.892 -2.26 1.2
9.334 -11.856 -1.802 1.2
10.353 -10.804 -2.78 1.2
6.668 -11.075 -2.634 2.78727690768
5.644 -11.51 -3.576 2.91388939885
5.149 -10.302 -4.358 2.80242708673
5.139 -10.293 -5.593 2.69092106381
4.482 -12.179 -2.839 2.91388939885
4.388 -13.676 -3.083 2.91388939885
4.159 -14.461 -1.806 2.80242708673
3.174 -14.168 -1.097 2.69092106381
4.966 -15.369 -1.515 2.69092106381
6.633 -11.373 -1.701 2.64331341772
6.092 -12.216 -4.26 2.64331341772
4.602 -12.015 -1.778 2.64331341772
3.557 -11.724 -3.161 2.64331341772
3.565 -13.866 -3.756 2.64331341772
5.308 -14.013 -3.536 2.64331341772
4.309 -8.028 -4.206 2.72232757201
3.499 -8.262 -4.879 2.40458343712
2.046 -6.822 -4.989 2.40458343712
9.03 -6.798 -4.232 2.11953941158
9.158 -7.792 -3.835 1.48123575012
8.912 -6.094 -3.421 1.48123575012
8.217 -8.737 -6.462 1.86000608385
8.476 -9.466 -7.691 2.11953941158
7.803 -8.922 -9.926 1.62182580604
8.413 -10.967 -7.445 2.11953941158
8.134 -9.232 -5.629 1.48123575012
9.47 -9.216 -8.031 1.48123575012
8.366 -11.485 -8.391 1.48123575012
9.294 -11.281 -6.906 1.48123575012
7.533 -11.2 -6.863 1.48123575012
6.23 -8.83 -8.312 1.86000608385
5.179 -8.407 -9.22 2.11953941158
5.215 -6.725 -10.929 1.62182580604
3.824 -8.432 -8.528 2.11953941158
5.161 -9.09 -10.03 1.48123575012
3.787 -9.264 -7.84 1.48123575012
3.045 -8.54 -9.267 1.48123575012
8.976 -6.097 -12.57 2.34393302806
9.294 -5.447 -13.567 2.17953443166
10.564 -6.881 -10.807 2.49917816808
11.889 -6.805 -11.547 2.49917816808
12.73 -8.049 -11.31 2.49917816808
14.214 -7.722 -11.29 2.49917816808
14.973 -8.522 -12.291 2.49917816808
10.118 -7.844 -11.009 2.10577365931
11.696 -6.71 -12.605 2.10577365931
12.435 -5.941 -11.199 2.10577365931
12.455 -8.483 -10.36 2.10577365931
12.537 -8.758 -12.102 2.10577365931
14.343 -6.672 -11.51 2.10577365931
14.603 -7.931 -10.305 2.10577365931
14.606 -9.494 -12.325 2.10577365931
14.88 -8.095 -13.235 2.10577365931
15.981 -8.553 -12.034 2.10577365931
8.096 -7.09 -12.601 2.11633202144
7.439 -7.484 -13.834 2.32485688748
6.593 -6.336 -14.364 2.14243103283
6.479 -6.143 -15.575 1.94074133197
6.563 -8.718 -13.603 2.32485688748
7.358 -9.986 -13.338 2.32485688748
6.693 -10.848 -12.277 2.32485688748
5.369 -11.304 -12.692 2.11633202144
4.693 -12.269 -12.076 2.14243103283
5.216 -12.878 -11.02 2.18262886222
3.495 -12.627 -12.515 2.18262886222
8.202 -7.722 -14.559 1.84630452267
5.922 -8.536 -12.754 1.84630452267
5.951 -8.879 -14.478 1.84630452267
7.429 -10.553 -14.254 1.84630452267
8.347 -9.715 -13.001 1.84630452267
7.316 -11.709 -12.089 1.84630452267
4.963 -10.869 -13.471 1.84630452267
6.12 -12.612 -10.685 1.84630452267
4.706 -13.604 -10.558 1.84630452267
3.097 -12.17 -13.31 1.84630452267
2.988 -13.352 -12.05 1.84630452267
5.11 -4.482 -13.826 2.65207782941
5.909 -3.256 -14.257 2.51571213812
5.328 -2.267 -14.705 2.37505611705
4.195 -4.112 -12.657 2.65207782941
2.909 -4.878 -12.634 2.51571213812
2.134 -5.344 -13.642 2.57572524911
1.167 -5.903 -11.756 2.57572524911
1.059 -5.976 -13.069 2.49687256947
4.5 -4.806 -14.654 2.31343329867
3.957 -3.06 -12.715 2.31343329867
2.327 -5.237 -14.7 2.31343329867
0.467 -6.31 -11.041 2.31343329867
0.284 -6.333 -13.553 2.31343329867
7.236 -3.328 -14.177 2.22402568616
8.063 -2.223 -14.626 2.41516305987
8.111 -1.023 -13.697 2.24769809506
8.374 0.086 -14.162 2.06703446881
7.695 -1.896 -15.588 1.98452021163
9.07 -2.586 -14.755 1.98452021163
10.217 -0.72 -11.394 2.97082338406
11.611 -0.657 -10.975 3.08311555793
12.331 0.502 -11.658 2.98417189675
12.876 0.363 -12.754 2.88653560143
12.316 -1.988 -11.259 3.08311555793
13.806 -1.829 -11.504 2.98417189675
14.513 -1.37 -10.583 2.88653560143
14.263 -2.164 -12.617 2.88653560143
9.925 -1.424 -12.007 2.84530335529
11.872 -2.445 -12.126 2.84530335529
12.282 3.367 -12.742 2.24769809506
12.927 3.925 -13.63 2.06703446881
14.449 2.628 -11.737 2.41516305987
15.309 3.762 -11.213 2.24769809506
16.169 3.559 -10.355 2.06703446881
15.079 4.965 -11.727 2.28430885786
14.752 1.716 -11.246 1.98452021163
14.618 2.534 -12.8 1.98452021163
14.378 5.053 -12.406 1.98452021163
15.62 5.716 -11.405 1.98452021163
10.206 3.681 -13.926 2.49917816808
10.273 5.193 -13.909 2.34393302806
10.77 5.755 -12.934 2.17953443166
8.155 2.853 -16.263 2.41269040159
7.399 3.135 -17.387 2.41269040159
6.158 4.755 -16.138 2.41269040159
6.403 4.086 -17.318 2.34393302806
5.65 4.37 -18.434 2.27055054127
10.66 3.309 -14.832 2.10577365931
8.934 2.108 -16.314 2.10577365931
7.591 2.611 -18.311 2.10577365931
5.379 5.5 -16.084 2.10577365931
5.791 5.283 -18.693 2.10577365931
9.814 5.846 -14.977 2.11633202144
9.85 7.304 -15.057 2.32485688748
9.861 7.909 -13.656 2.14243103283
10.567 8.88 -13.384 1.94074133197
8.647 7.826 -15.845 2.32485688748
8.881 7.884 -17.345 2.32485688748
9.233 9.292 -17.799 2.32485688748
10.567 9.359 -18.389 2.11633202144
11.203 10.497 -18.648 2.14243103283
10.629 11.66 -18.368 2.18262886222
12.415 10.474 -19.186 2.18262886222
9.476 5.337 -15.735 1.84630452267
10.756 7.583 -15.569 1.84630452267
8.41 8.821 -15.5 1.84630452267
9.695 7.221 -17.599 1.84630452267
7.983 7.565 -17.853 1.84630452267
8.509 9.61 -18.533 1.84630452267
9.194 9.952 -16.946 1.84630452267
11.011 8.512 -18.606 1.84630452267
9.716 11.682 -17.962 1.84630452267
11.111 12.515 -18.563 1.84630452267
12.851 9.601 -19.397 1.84630452267
12.892 11.332 -19.379 1.84630452267
9.072 7.304 -12.773 2.41269401738
8.988 7.758 -11.402 2.57789518755
11.24 7.858 -10.61 2.28148428923
8.969 8.836 -11.393 2.21447173442
10.979 5.742 -8.867 2.57789518755
10.288 8.622 -7.638 2.49686919338
12.105 7.885 -6.28 2.49686919338
10.604 9.936 -7.356 2.49686919338
12.426 9.198 -5.993 2.49686919338
11.673 10.22 -6.534 2.43285482807
11.991 11.528 -6.25 2.36497245057
11.893 6.215 -9.171 2.21447173442
12.693 7.084 -5.86 2.21447173442
10.012 10.735 -7.78 2.21447173442
13.263 9.42 -5.35 2.21447173442
12.016 12.035 -7.065 2.21447173442
12.143 3.759 -8.15 2.57572842164
13.914 2.189 -7.526 2.72232757201
13.938 2.502 -6.144 2.53400746709
12.629 4.385 -7.577 2.40458343712
14.238 1.169 -7.657 2.40458343712
14.591 2.852 -8.045 2.40458343712
11.196 -2.142 -6.977 2.41516305987
11.027 -4.292 -8.253 2.41516305987
12.198 -0.123 -8.149 1.98452021163
12.263 -2.138 -6.81 1.98452021163
11.693 -2.44 -9.037 1.98452021163
11.985 -4.57 -7.836 1.98452021163
11.708 0.054 -3.217 2.72232757201
12.556 -0.389 -5.104 2.40458343712
12.702 0.369 -2.935 2.40458343712
11.632 5.85 -3.507 3.00350354728
12.209 4.408 -5.128 3.11352764288
13.132 4.735 -5.106 2.96548237867
7.887 -3.281 -0.546 2.72232757201
8.015 -4.306 -0.859 2.40458343712
8.604 -3.05 0.23 2.40458343712
7.635 1.083 0.928 2.0
9.112 2.799 2.599 1.8
7.672 0.405 1.767 1.2
1.776 -1.082 4.22 2.37505611705
4.93 -2.49 4.161 2.65207782941
6.379 -2.822 4.479 2.65207782941
6.491 -3.707 5.709 2.65207782941
7.642 -4.647 5.615 2.65207782941
4.522 -1.898 4.968 2.31343329867
4.371 -3.409 4.069 2.31343329867
6.813 -3.337 3.636 2.31343329867
6.621 -3.08 6.579 2.31343329867
5.578 -4.277 5.811 2.31343329867
8.376 -4.252 4.993 2.31343329867
8.051 -4.808 6.556 2.31343329867
7.328 -5.559 5.225 2.31343329867
2.584 1.469 4.801 2.0
1.233 2.037 4.4 1.74
0.452 2.457 5.254 1.4
4.479 2.237 6.287 1.74
4.031 2.222 7.598 1.86
5.803 1.924 6.031 1.86
4.889 1.902 8.633 1.86
6.666 1.604 7.061 1.86
6.208 1.592 8.364 1.86
2.446 0.858 5.656 1.2
2.984 3.463 5.448 1.2
3.0 2.463 7.809 1.2
4.528 1.895 9.652 1.2
7.697 1.362 6.848 1.2
-0.294 2.58 2.596 3.87583860819
-1.48 1.71 2.994 3.81424376621
-2.466 2.197 3.547 3.75551382604
-0.23 4.069 0.524 3.87583860819
-0.432 3.573 2.991 3.7313463391
-2.49 -0.502 2.91 2.97245262608
-2.012 -1.786 3.58 2.8655882766
-2.775 -2.744 3.698 2.75923199067
-3.205 -0.014 3.552 2.7140117378
-0.752 -1.818 3.991 2.11633202144
-0.197 -3.015 4.613 2.32485688748
-0.28 -4.169 3.623 2.14243103283
-0.353 -5.332 4.008 1.94074133197
-0.95 -3.359 5.901 2.32485688748
-0.088 -4.122 6.887 2.14243103283
-0.071 -5.353 6.893 1.94074133197
0.634 -3.392 7.73 2.18262886222
0.841 -2.823 4.843 1.84630452267
-1.281 -2.446 6.371 1.84630452267
-1.809 -3.966 5.657 1.84630452267
0.571 -2.416 7.668 1.84630452267
1.201 -3.86 8.379 1.84630452267
3.164 -5.548 2.001 1.86
4.431 -5.037 1.799 1.86
0.723 -6.256 2.318 1.2
2.966 -6.175 2.857 1.2
5.221 -5.261 2.498 1.2
-4.922 -4.625 2.739 2.72232757201
-6.299 -5.26 2.806 2.59344389372
-7.249 -4.657 3.306 2.46178430194
-6.414 -6.485 2.305 2.62109821036
-4.409 -4.827 3.668 2.40458343712
-7.294 -6.916 2.335 2.40458343712
-7.419 -4.426 -2.789 2.5427976846
-6.591 -7.484 -2.696 2.61066977765
-4.212 -7.639 -2.367 2.78912757715
-6.744 -7.975 -3.506 2.4893021431
-4.238 -8.564 -2.923 2.4893021431
-8.841 -4.929 -0.442 2.32485688748
-8.947 -3.756 0.533 2.14243103283
-10.042 -3.396 0.965 1.94074133197
-9.55 -6.151 0.127 2.32485688748
-10.229 -7.013 -0.925 2.32485688748
-11.667 -6.605 -1.173 2.14243103283
-11.972 -5.423 -1.33 1.94074133197
-12.562 -7.586 -1.211 2.18262886222
-9.305 -4.657 -1.377 1.84630452267
-8.821 -6.763 0.639 1.84630452267
-10.282 -5.828 0.833 1.84630452267
-10.213 -8.042 -0.594 1.84630452267
-12.248 -8.505 -1.078 1.84630452267
-13.5 -7.35 -1.371 1.84630452267
-7.805 -3.176 0.89 2.22402568616
-7.77 -2.06 1.831 2.41516305987
-8.112 -0.341 0.181 2.06703446881
-6.338 -1.749 2.229 2.41516305987
-8.299 -2.366 2.721 1.98452021163
-6.212 -1.925 3.287 1.98452021163
-9.335 -0.244 2.076 2.22402568616
-9.811 2.031 2.804 2.24769809506
-9.9 1.728 3.994 2.06703446881
-12.2 0.863 2.85 2.16754538317
-11.831 -0.652 1.006 2.41516305987
-9.523 -0.66 2.942 1.98452021163
-13.131 1.056 2.72 1.98452021163
-10.896 -1.12 0.733 1.98452021163
-12.331 -1.255 1.75 1.98452021163
-12.458 -0.563 0.133 1.98452021163
-9.254 4.328 3.368 2.49917816808
-10.122 5.549 3.08 2.34393302806
-7.776 4.725 3.349 2.49917816808
-7.034 4.244 4.581 2.34393302806
-7.107 4.86 5.645 2.17953443166
-6.313 3.138 4.443 2.37766287277
-9.502 3.951 4.348 2.10577365931
-7.699 5.801 3.301 2.10577365931
-5.823 2.805 5.224 2.10577365931
-11.181 5.712 3.866 2.11633202144
-11.57 8.077 4.42 2.14243103283
-11.186 8.012 5.589 1.94074133197
-13.483 6.477 4.223 2.32485688748
-14.591 7.356 3.666 2.32485688748
-15.89 6.583 3.506 2.32485688748
-16.328 6.532 2.115 2.11633202144
-17.162 7.414 1.571 2.14243103283
-17.646 8.411 2.301 2.18262886222
-17.513 7.299 0.298 2.18262886222
-11.353 5.06 4.576 1.84630452267
-13.699 5.453 3.96 1.84630452267
-13.485 6.572 5.299 1.84630452267
-14.756 8.182 4.342 1.84630452267
-14.286 7.735 2.702 1.84630452267
-15.738 5.575 3.862 1.84630452267
-16.655 7.062 4.099 1.84630452267
-15.984 5.804 1.556 1.84630452267
-17.384 8.501 3.261 1.84630452267
-18.273 9.072 1.889 1.84630452267
-17.151 6.549 -0.255 1.84630452267
-18.142 7.963 -0.109 1.84630452267
-11.086 10.46 4.287 2.41516305987
-12.234 11.447 4.459 2.24769809506
-13.367 11.176 4.058 2.06703446881
-10.003 11.074 3.399 2.41516305987
-9.102 10.027 2.774 2.24769809506
-9.407 9.485 1.711 2.06703446881
-7.987 9.736 3.433 2.28430885786
-10.665 10.246 5.257 1.98452021163
-9.393 11.739 3.994 1.98452021163
-7.81 10.208 4.274 1.98452021163
-7.386 9.062 3.052 1.98452021163
-11.932 12.593 5.059 2.11633202144
-12.935 13.626 5.287 2.32485688748
-13.178 14.445 4.026 2.14243103283
-14.173 15.164 3.922 1.94074133197
-12.516 14.572 6.427 2.32485688748
-11.235 15.147 6.142 2.05369213118
-12.459 13.831 7.754 2.32485688748
-11.01 12.746 5.354 1.84630452267
-13.856 13.139 5.572 1.84630452267
-13.247 15.364 6.505 1.84630452267
-11.192 16.033 6.51 1.84630452267
-13.177 13.024 7.746 1.84630452267
-11.468 13.428 7.9 1.84630452267
-12.693 14.513 8.558 1.84630452267
-12.263 14.334 3.067 2.91219395265
-12.378 15.066 1.81 3.0287949135
-13.48 14.476 0.934 2.92608152912
-13.904 15.092 -0.043 2.8243183199
-11.047 15.047 1.06 3.0287949135
-10.446 13.658 0.974 2.92608152912
-9.205 13.552 0.883 2.8243183199
-11.492 13.745 3.208 2.78120700753
-12.632 16.087 2.045 2.78120700753
-11.202 15.415 0.058 2.78120700753
-10.345 15.692 1.57 2.78120700753
-13.938 13.281 1.294 2.22402568616
-14.988 12.629 0.532 2.41516305987
-14.472 11.473 -0.302 2.24769809506
-15.207 10.526 -0.583 2.06703446881
-15.445 13.354 -0.124 1.98452021163
-15.736 12.258 1.217 1.98452021163
-13.204 11.547 -0.697 2.41269401738
-12.205 9.398 0.597 2.28148428923
-11.403 11.042 -2.292 2.57789518755
-10.779 12.11 -1.601 2.36497245057
-12.67 12.327 -0.439 2.21447173442
-10.68 10.252 -2.438 2.21447173442
-11.743 11.399 -3.253 2.21447173442
-10.682 12.861 -2.192 2.21447173442
-11.727 8.248 -1.278 2.65003072421
-11.284 7.055 -0.568 2.78912757715
-10.077 6.418 -1.251 2.66677603688
-9.755 6.742 -2.393 2.5427976846
-12.212 5.089 0.711 2.78912757715
-6.687 6.515 -0.04 4.27849626329
-6.617 7.202 -1.081 4.23203245328
-6.482 6.978 1.102 4.23203245328
-9.44 1.544 -2.567 2.49917816808
-8.339 0.835 -3.345 2.34393302806
-10.75 1.422 -3.351 2.49917816808
-11.939 2.103 -2.711 2.34393302806
-12.467 1.645 -1.512 2.41269040159
-12.547 3.193 -3.321 2.41269040159
-13.564 2.255 -0.935 2.41269040159
-13.644 3.81 -2.75 2.41269040159
-14.149 3.337 -1.558 2.34393302806
-15.242 3.946 -0.987 2.27055054127
-10.615 1.853 -4.33 2.10577365931
-10.99 0.374 -3.457 2.10577365931
-12.004 0.799 -1.025 2.10577365931
-13.959 1.884 -0.001 2.10577365931
-7.261 0.45 -2.678 2.85110369563
-6.192 -0.23 -3.386 2.97245262608
-2.282 4.059 -3.966 2.75923199067
-1.561 2.549 -5.825 2.7140117378
-5.234 5.164 -4.527 2.28148428923
-4.238 4.741 -2.032 2.57789518755
-3.437 5.538 0.228 2.43285482807
-2.928 6.589 -0.164 2.28148428923
-3.868 5.373 1.473 2.46421089331
-3.489 5.231 -2.638 2.21447173442
-3.774 6.122 2.098 2.21447173442
-9.301 3.885 -5.301 1.79544509739
-7.42 2.377 -6.757 2.22693058289
-7.782 2.807 -8.17 2.22693058289
-4.95 1.896 -7.184 2.22693058289
-6.324 4.2 -6.496 1.68355989822
-8.299 1.939 -6.306 1.68355989822
-6.889 2.837 -8.777 1.68355989822
-4.67 2.688 -6.505 1.68355989822
-5.009 2.289 -8.188 1.68355989822
-8.672 8.077 -5.246 2.57789518755
-9.763 9.053 -4.847 2.43285482807
-9.409 10.33 -4.757 2.46421089331
-7.207 6.123 -5.873 2.21447173442
-7.887 8.126 -4.508 2.21447173442
-8.479 10.568 -4.951 2.21447173442
-10.094 10.983 -4.501 2.21447173442
-13.287 4.438 -6.637 3.54436212661
-12.727 3.652 -6.152 3.36945124096
-12.822 11.327 -7.258 2.06703446881
-15.289 10.492 -5.482 2.41516305987
-15.509 11.295 -4.21 2.41516305987
-16.589 12.268 -4.357 2.22402568616
-16.453 13.564 -4.098 2.24769809506
-15.288 14.043 -3.681 2.28430885786
-17.482 14.385 -4.257 2.28430885786
-13.254 10.22 -4.94 1.98452021163
-15.179 11.174 -6.312 1.98452021163
-15.758 10.614 -3.409 1.98452021163
-14.596 11.817 -3.967 1.98452021163
-17.458 11.937 -4.665 1.98452021163
-14.509 13.429 -3.561 1.98452021163
-15.19 15.02 -3.488 1.98452021163
-18.362 14.028 -4.571 1.98452021163
-17.379 15.36 -4.061 1.98452021163
-9.394 12.522 -7.97 1.89360203896
-10.307 13.536 -8.029 1.99639142161
-8.109 13.128 -8.143 1.89360203896
-9.667 14.735 -8.229 1.86000608385
-8.318 14.512 -8.302 1.89360203896
-6.8 12.637 -8.178 1.99639142161
-7.267 15.406 -8.493 1.99639142161
-5.759 13.526 -8.368 1.99639142161
-5.998 14.897 -8.524 1.99639142161
-11.222 11.305 -9.218 1.48123575012
-11.374 13.4 -7.933 1.48123575012
-10.105 15.609 -8.306 1.48123575012
-6.597 11.583 -8.06 1.48123575012
-7.434 16.467 -8.614 1.48123575012
-4.743 13.163 -8.399 1.48123575012
-5.154 15.555 -8.671 1.48123575012
-6.401 7.96 -8.644 1.99639142161
-6.388 8.959 -10.641 1.89360203896
-5.463 8.968 -8.605 1.86000608385
-6.568 9.407 -11.943 1.99639142161
-4.674 10.669 -10.277 1.99639142161
-5.818 10.465 -12.395 1.99639142161
-4.878 11.092 -11.566 1.99639142161
-6.644 7.293 -7.828 1.48123575012
-4.906 9.198 -7.833 1.48123575012
-3.945 11.158 -9.647 1.48123575012
-5.967 10.825 -13.403 1.48123575012
-4.309 11.92 -11.961 1.48123575012
-11.667 2.778 -9.352 1.8
-15.702 1.991 -11.809 2.17953443166
-15.674 4.361 -13.452 2.49917816808
-17.162 4.651 -13.412 2.34393302806
-17.59 5.693 -12.916 2.17953443166
-17.958 3.727 -13.937 2.37766287277
-13.206 3.649 -12.872 2.10577365931
-15.523 3.416 -13.954 2.10577365931
-17.548 2.921 -14.315 2.10577365931
-18.925 3.889 -13.925 2.10577365931
-16.603 2.303 -9.206 3.374854362
-18.128 2.341 -9.227 3.29292659605
-18.787 1.355 -8.896 3.21343256117
-16.093 2.443 -7.771 3.374854362
-16.9 3.582 -5.845 3.21343256117
-16.276 1.352 -9.6 3.18029501852
-16.371 1.563 -7.21 3.18029501852
-18.684 3.482 -9.623 2.11633202144
-20.127 3.623 -9.686 2.32485688748
-20.766 3.781 -8.318 2.14243103283
-21.925 4.184 -8.213 1.94074133197
-18.11 4.234 -9.881 1.84630452267
-20.542 2.748 -10.165 1.84630452267
-20.366 4.492 -10.282 1.84630452267
-20.521 3.571 -5.906 2.32485688748
-20.371 4.994 -5.379 2.14243103283
-20.809 5.307 -4.273 1.94074133197
-19.786 2.594 -4.986 2.32485688748
-20.123 1.137 -5.253 2.32485688748
-20.458 0.398 -3.967 2.32485688748
-20.507 -1.049 -4.164 2.11633202144
-21.477 -1.825 -3.69 2.14243103283
-22.475 -1.296 -2.995 2.18262886222
-21.45 -3.132 -3.912 2.18262886222
-21.57 3.315 -5.921 1.84630452267
-18.722 2.726 -5.118 1.84630452267
-20.044 2.819 -3.961 1.84630452267
-20.973 1.089 -5.915 1.84630452267
-19.273 0.661 -5.72 1.84630452267
-19.704 0.625 -3.229 1.84630452267
-21.421 0.737 -3.613 1.84630452267
-19.78 -1.462 -4.675 1.84630452267
-22.5 -0.311 -2.826 1.84630452267
-23.203 -1.882 -2.64 1.84630452267
-20.699 -3.535 -4.435 1.84630452267
-22.18 -3.715 -3.555 1.84630452267
-19.752 5.853 -6.182 2.22402568616
-19.544 7.244 -5.799 2.41516305987
-19.811 8.184 -6.973 2.24769809506
-19.13 8.117 -7.997 2.06703446881
-17.607 6.284 -4.675 2.16754538317
-18.075 8.621 -4.281 2.41516305987
-20.232 7.476 -5.0 1.98452021163
-17.947 6.215 -3.78 1.98452021163
-19.078 8.825 -3.934 1.98452021163
-17.453 8.343 -3.444 1.98452021163
-20.81 9.076 -6.841 2.32219197539
-21.16 10.029 -7.899 2.49917816808
-20.093 11.102 -8.088 2.34393302806
-19.527 11.604 -7.118 2.17953443166
-22.464 10.654 -7.399 2.49917816808
-22.409 10.51 -5.918 2.49917816808
-21.674 9.225 -5.654 2.49917816808
-21.336 9.527 -8.84 2.10577365931
-22.505 11.692 -7.695 2.10577365931
-23.305 10.121 -7.815 2.10577365931
-21.874 11.344 -5.488 2.10577365931
-23.41 10.458 -5.516 2.10577365931
-21.082 9.307 -4.755 2.10577365931
-22.368 8.401 -5.577 2.10577365931
-19.825 11.445 -9.344 2.22402568616
-18.826 12.457 -9.639 2.41516305987
-17.492 11.856 -10.037 2.24769809506
-16.476 12.551 -10.067 2.06703446881
-20.309 11.01 -10.076 1.98452021163
-18.684 13.073 -8.763 1.98452021163
-17.496 10.563 -10.342 2.32219197539
-15.692 10.476 -12.01 2.34393302806
-16.362 10.554 -13.039 2.17953443166
-16.564 8.379 -10.961 2.49917816808
-18.337 10.063 -10.299 2.10577365931
-15.56 9.971 -9.941 2.10577365931
-16.818 7.92 -10.017 2.10577365931
-17.391 8.273 -11.647 2.10577365931
-15.487 7.722 -12.46 2.10577365931
-14.438 10.906 -11.928 2.11633202144
-13.759 11.509 -13.068 2.32485688748
-13.367 10.448 -14.09 2.14243103283
-13.521 10.648 -15.296 1.94074133197
-12.517 12.272 -12.605 2.32485688748
-12.549 13.752 -12.948 2.32485688748
-12.22 14.611 -11.738 2.32485688748
-10.867 15.157 -11.805 2.11633202144
-10.546 16.387 -11.414 2.14243103283
-11.479 17.195 -10.928 2.18262886222
-9.293 16.809 -11.507 2.18262886222
-13.957 10.815 -11.079 1.84630452267
-14.444 12.204 -13.532 1.84630452267
-12.427 12.175 -11.533 1.84630452267
-11.823 13.948 -13.723 1.84630452267
-13.536 14.008 -13.303 1.84630452267
-12.924 15.428 -11.689 1.84630452267
-12.309 14.005 -10.848 1.84630452267
-10.161 14.577 -12.161 1.84630452267
-12.426 16.881 -10.855 1.84630452267
-11.236 18.12 -10.634 1.84630452267
-8.588 16.202 -11.873 1.84630452267
-9.054 17.734 -11.213 1.84630452267
-11.231 8.656 -15.298 2.34393302806
-11.047 8.204 -16.429 2.17953443166
-13.578 7.778 -15.374 2.49917816808
-13.056 5.486 -14.923 2.17953443166
-13.933 5.963 -16.934 2.37766287277
-14.517 7.959 -14.872 2.10577365931
-13.547 8.351 -16.288 2.10577365931
-14.275 6.67 -17.521 2.10577365931
-13.895 5.018 -17.189 2.10577365931
-9.207 10.013 -15.346 2.11953941158
-8.362 8.873 -15.836 1.89360203896
-7.909 8.82 -16.979 1.62182580604
-8.418 10.772 -14.301 2.11953941158
-7.89 12.923 -13.122 2.11953941158
-8.332 12.926 -15.584 2.11953941158
-9.47 10.67 -16.16 1.48123575012
-7.369 10.576 -14.462 1.48123575012
-9.73 12.439 -14.06 1.48123575012
-6.833 12.78 -13.29 1.48123575012
-8.109 13.981 -13.09 1.48123575012
-8.065 12.162 -16.298 1.48123575012
-9.188 13.476 -15.948 1.48123575012
-7.5 13.602 -15.451 1.48123575012
-7.403 6.783 -15.124 2.0
-8.192 5.803 -15.982 1.74
-7.623 5.024 -16.747 1.4
-7.113 6.21 -13.759 2.0
-5.418 5.599 -13.52 1.8
-6.48 7.044 -15.612 1.2
-10.412 4.989 -16.58 2.41516305987
-9.982 3.543 -16.41 2.24769809506
-9.74 2.831 -17.385 2.06703446881
-10.421 5.368 -18.063 2.41516305987
-11.714 4.979 -18.751 2.24769809506
-12.172 3.842 -18.64 2.06703446881
-12.31 5.924 -19.468 2.28430885786
-10.293 6.436 -18.155 1.98452021163
-9.603 4.868 -18.56 1.98452021163
-11.888 6.807 -19.513 1.98452021163
-13.148 5.7 -19.925 1.98452021163
-9.871 3.123 -15.158 1.99639670258
-9.448 1.77 -14.85 2.22693058289
-10.534 0.996 -14.11 2.02565795104
-11.332 1.578 -13.378 1.79544509739
-8.152 1.767 -14.012 2.22693058289
-7.418 3.08 -14.213 2.22693058289
-9.238 1.284 -15.782 1.68355989822
-7.518 0.973 -14.379 1.68355989822
-7.404 3.325 -15.265 1.68355989822
-10.567 -0.336 -14.273 2.41269401738
-11.544 -1.175 -13.59 2.57789518755
-11.472 -2.492 -14.36 2.57789518755
-10.074 -2.55 -14.877 2.57789518755
-9.645 -1.124 -15.113 2.57789518755
-12.541 -0.761 -13.649 2.21447173442
-11.682 -3.314 -13.693 2.21447173442
-12.19 -2.481 -15.166 2.21447173442
-10.049 -3.106 -15.803 2.21447173442
-8.622 -0.983 -14.798 2.21447173442
-9.758 -0.866 -16.155 2.21447173442
-11.953 -0.824 -11.225 1.7
-12.671 -0.081 -9.009 2.0
-13.147 1.473 -9.84 1.8
-12.75 -0.334 -11.518 1.2
-13.571 -0.658 -8.85 1.2
-12.241 0.175 -8.051 1.2
-12.826 -3.04 -9.469 2.22402568616
-12.965 -4.429 -9.034 2.41516305987
-11.912 -5.34 -9.671 2.24769809506
-11.559 -6.374 -9.104 2.06703446881
-14.365 -4.947 -9.367 2.41516305987
-14.758 -4.555 -10.671 2.16754538317
-13.602 -2.586 -9.861 1.98452021163
-12.834 -4.45 -7.962 1.98452021163
-14.37 -6.026 -9.313 1.98452021163
-15.073 -4.548 -8.655 1.98452021163
-15.716 -4.507 -10.715 1.98452021163
-11.416 -4.961 -10.847 2.11633202144
-10.409 -5.763 -11.543 2.32485688748
-8.118 -6.392 -11.181 1.94074133197
-10.33 -5.361 -13.007 2.32485688748
-10.719 -6.797 -11.496 1.84630452267
-11.328 -5.215 -13.394 1.84630452267
-9.837 -6.142 -13.568 1.84630452267
-9.064 -0.434 -7.568 1.68355989822
-9.526 -7.509 -6.269 2.02565795104
-10.397 -8.016 -5.561 1.79544509739
-10.318 -5.266 -5.469 2.22693058289
-11.828 -3.294 -5.824 2.22693058289
-9.52 -2.957 -4.914 2.22693058289
-11.257 -5.734 -5.729 1.68355989822
-12.492 -4.128 -5.659 1.68355989822
-11.949 -2.573 -5.029 1.68355989822
-9.834 -3.112 -3.892 1.68355989822
-9.618 -1.911 -5.166 1.68355989822
-9.008 -9.63 -7.346 2.22693058289
-7.686 -10.364 -7.222 2.02565795104
-7.42 -11.34 -7.924 1.79544509739
-9.657 -9.911 -8.703 2.22693058289
-8.8 -9.532 -9.766 1.9255854327
-9.654 -9.974 -6.56 1.68355989822
-9.867 -10.968 -8.787 1.68355989822
-10.577 -9.353 -8.782 1.68355989822
-8.017 -10.088 -9.76 1.68355989822
-5.535 -10.38 -6.056 2.22693058289
-4.621 -9.987 -7.194 2.02565795104
-3.573 -10.591 -7.423 1.79544509739
-5.567 -11.903 -5.894 2.22693058289
-4.365 -12.382 -5.317 1.9255854327
-5.172 -9.93 -5.143 1.68355989822
-6.392 -12.177 -5.254 1.68355989822
-5.696 -12.364 -6.863 1.68355989822
-3.975 -11.693 -4.773 1.68355989822
-4.364 -8.472 -9.078 3.374854362
-5.265 -8.67 -10.285 3.374854362
-4.531 -8.521 -11.602 3.29292659605
-3.511 -9.216 -11.795 3.21343256117
-4.976 -7.71 -12.441 3.21343256117
-3.457 -9.036 -9.211 3.18029501852
-5.697 -9.66 -10.233 3.18029501852
-0.122 -6.415 -8.18 2.41516305987
1.362 -6.148 -8.06 2.41516305987
-2.062 -7.373 -8.965 1.98452021163
-0.386 -7.158 -7.442 1.98452021163
-0.31 -6.812 -9.168 1.98452021163
1.802 -6.864 -7.382 1.98452021163
-2.125 -4.87 -12.515 2.41516305987
-2.912 -3.577 -12.704 2.24769809506
-2.353 -2.554 -13.096 2.06703446881
-2.587 -5.894 -13.569 2.41516305987
-2.174 -7.211 -13.188 2.16754538317
-2.015 -5.555 -14.938 2.41516305987
-1.076 -4.667 -12.679 1.98452021163
-3.664 -5.866 -13.63 1.98452021163
-1.555 -7.153 -12.456 1.98452021163
-1.142 -4.931 -14.819 1.98452021163
-1.739 -6.467 -15.449 1.98452021163
-2.758 -5.029 -15.519 1.98452021163
-4.214 -3.632 -12.441 2.11633202144
-5.075 -2.475 -12.598 2.32485688748
-6.524 -2.86 -12.351 2.32485688748
-4.609 -4.47 -12.152 1.84630452267
-4.989 -2.158 -13.616 1.84630452267
-6.568 -3.865 -11.957 1.84630452267
-7.072 -2.815 -13.281 1.84630452267
-2.428 1.208 -9.632 4.23203245328
0.585 -1.364 -11.085 2.57789518755
1.823 -0.747 -11.733 2.57789518755
0.168 -2.089 -11.769 2.21447173442
1.739 -0.805 -12.809 2.21447173442
-1.23 0.03 -13.114 2.22402568616
-1.41 0.761 -14.342 2.41516305987
-1.3 3.146 -14.631 2.06703446881
-2.444 0.066 -15.209 2.41516305987
-3.609 0.961 -15.587 2.24769809506
-3.5 1.795 -16.487 2.06703446881
-4.732 0.793 -14.899 2.28430885786
-0.478 0.756 -14.849 1.98452021163
-1.968 -0.28 -16.108 1.98452021163
-2.818 -0.777 -14.668 1.98452021163
-5.501 1.359 -15.123 1.98452021163
-1.872 5.619 -12.493 1.4
-4.313 3.508 -11.641 2.0
-5.431 4.941 -11.6 1.8
-3.593 4.138 -13.554 1.2
-3.871 3.405 -10.661 1.2
-1.289 3.871 -11.2 2.57572842164
0.332 3.882 -9.356 2.72232757201
-0.297 4.15 -8.519 2.40458343712
2.018 5.251 -14.152 2.02565795104
2.955 5.964 -14.516 1.79544509739
2.126 2.767 -14.472 2.22693058289
3.475 2.252 -14.946 2.22693058289
3.398 0.791 -15.361 2.22693058289
3.638 0.623 -16.853 2.22693058289
2.541 1.221 -17.663 2.22693058289
1.574 3.114 -15.335 1.68355989822
3.798 2.839 -15.791 1.68355989822
2.417 0.409 -15.118 1.68355989822
4.568 1.106 -17.111 1.68355989822
3.705 -0.431 -17.077 1.68355989822
1.796 1.59 -17.039 1.68355989822
2.91 2.002 -18.243 1.68355989822
0.298 6.841 -14.844 2.22693058289
0.396 7.953 -13.805 2.02565795104
0.754 9.087 -14.126 1.79544509739
-1.136 6.726 -15.364 2.22693058289
-1.239 6.767 -16.879 2.22693058289
-1.357 5.37 -17.468 2.22693058289
-1.892 5.408 -18.89 2.22693058289
-0.912 6.01 -19.835 2.22693058289
0.958 7.074 -15.664 1.68355989822
-1.719 7.541 -14.963 1.68355989822
-2.113 7.337 -17.156 1.68355989822
-0.355 7.242 -17.278 1.68355989822
-0.381 4.908 -17.473 1.68355989822
-2.03 4.787 -16.854 1.68355989822
-2.109 4.398 -19.206 1.68355989822
-2.8 5.992 -18.903 1.68355989822
-0.049 6.29 -19.327 1.68355989822
-0.658 5.322 -20.574 1.68355989822
-1.323 6.852 -20.287 1.68355989822
0.09 7.615 -12.553 1.99639670258
0.158 8.582 -11.466 2.22693058289
-1.792 7.621 -10.186 2.22693058289
-0.04 8.955 -8.985 2.22693058289
-2.268 6.788 -9.015 2.22693058289
-0.506 9.383 -11.707 1.68355989822
-1.986 7.063 -11.091 1.68355989822
-0.565 9.88 -9.178 1.68355989822
-0.39 8.529 -8.057 1.68355989822
-1.62 6.957 -8.168 1.68355989822
-3.277 7.072 -8.757 1.68355989822
-2.245 5.743 -9.283 1.68355989822
5.428 9.977 -12.421 2.75923199067
6.329 8.834 -10.265 2.7140117378
4.309 9.311 -14.857 2.57789518755
3.668 10.673 -15.099 2.43285482807
3.994 11.369 -16.061 2.28148428923
3.924 8.343 -15.976 2.57789518755
4.401 8.797 -17.231 2.36497245057
5.383 9.427 -14.838 2.21447173442
2.848 8.26 -16.023 2.21447173442
3.715 9.305 -17.671 2.21447173442
2.751 11.041 -14.207 2.91219395265
2.05 12.316 -14.301 3.0287949135
2.72 13.377 -13.43 2.92608152912
2.312 14.539 -13.432 2.8243183199
0.587 12.148 -13.885 3.0287949135
-0.337 13.09 -14.631 2.92608152912
-0.322 14.301 -14.328 2.8243183199
-1.077 12.616 -15.518 2.8243183199
2.086 12.638 -15.33 2.78120700753
0.275 11.134 -14.084 2.78120700753
0.496 12.347 -12.827 2.78120700753
3.749 12.974 -12.689 2.11633202144
4.454 13.911 -11.832 2.32485688748
4.658 13.384 -10.423 2.14243103283
5.769 13.426 -9.894 1.94074133197
4.036 12.038 -12.728 1.84630452267
3.888 14.829 -11.78 1.84630452267
5.42 14.121 -12.267 1.84630452267
3.584 12.893 -9.813 2.22402568616
3.644 12.36 -8.454 2.41516305987
2.261 11.882 -8.016 2.41516305987
1.219 12.98 -8.09 2.24769809506
1.154 13.849 -7.221 2.06703446881
0.395 12.946 -9.131 2.28430885786
2.726 12.891 -10.287 1.98452021163
3.963 13.157 -7.799 1.98452021163
0.505 12.223 -9.784 1.98452021163
-0.288 13.644 -9.204 1.98452021163
6.912 10.528 -7.849 2.57789518755
8.071 10.165 -5.793 2.28148428923
6.083 12.473 -7.772 2.21447173442
7.856 10.964 -8.14 2.21447173442
7.312 8.059 -4.27 2.72232757201
7.894 7.17 -5.36 2.72232757201
8.022 8.845 -4.061 2.40458343712
3.375 12.128 -3.082 2.24769809506
2.899 12.608 -2.052 2.06703446881
5.385 13.347 -3.925 2.41516305987
6.765 13.747 -3.44 2.24769809506
7.758 13.085 -3.744 2.06703446881
6.833 14.834 -2.682 2.28430885786
5.431 13.209 -4.995 1.98452021163
4.695 14.137 -3.705 1.98452021163
6.002 15.311 -2.48 1.98452021163
7.713 15.115 -2.353 1.98452021163
2.626 11.65 -4.07 2.11633202144
1.167 11.662 -3.996 2.32485688748
0.677 10.838 -2.815 2.14243103283
-0.306 11.189 -2.162 1.94074133197
0.565 11.137 -5.289 2.32485688748
0.848 12.686 -3.866 1.84630452267
-0.269 10.49 -5.06 1.84630452267
0.223 11.966 -5.89 1.84630452267
1.011 8.853 -1.452 2.49917816808
1.613 9.351 -0.139 2.34393302806
2.823 9.555 -0.032 2.17953443166
1.467 7.43 -1.77 2.49917816808
-0.267 6.31 -3.292 2.41269040159
-0.418 6.012 -4.625 2.32219197539
0.686 6.45 -5.306 2.34393302806
-0.065 8.861 -1.361 2.10577365931
-1.192 5.561 -5.024 2.10577365931
0.746 9.574 0.844 1.86000608385
1.156 10.086 2.15 2.11953941158
1.86 9.047 3.013 1.89360203896
2.634 9.399 3.903 1.62182580604
-0.036 10.616 2.939 2.11953941158
0.334 11.89 3.682 2.11953941158
-1.243 10.842 2.039 2.11953941158
-0.206 9.412 0.677 1.48123575012
1.822 10.903 1.994 1.48123575012
-0.284 9.87 3.657 1.48123575012
1.407 12.013 3.675 1.48123575012
-0.129 12.738 3.197 1.48123575012
-0.015 11.827 4.702 1.48123575012
-0.91 11.142 1.056 1.48123575012
-1.812 9.926 1.963 1.48123575012
-1.866 11.618 2.459 1.48123575012
1.601 7.773 2.758 2.11633202144
2.232 6.709 3.534 2.32485688748
1.568 5.372 3.245 2.32485688748
0.989 7.537 2.033 1.84630452267
2.097 6.938 4.581 1.84630452267
1.349 4.872 4.177 1.84630452267
0.651 5.536 2.699 1.84630452267
9.12 6.416 -0.975 2.32219197539
9.178 7.784 -0.918 2.34393302806
10.23 8.649 -1.208 2.41269040159
8.764 10.48 -0.637 2.41269040159
10.005 9.991 -1.062 2.41269040159
9.854 5.825 -1.243 2.10577365931
11.194 8.289 -1.538 2.10577365931
8.626 11.545 -0.534 2.10577365931
10.793 10.698 -1.275 2.10577365931
5.636 10.925 4.27 2.24769809506
5.212 11.994 4.71 2.06703446881
5.423 11.948 2.015 2.41516305987
6.399 12.549 1.016 2.41516305987
5.841 13.813 0.385 2.41516305987
5.522 14.83 1.384 2.22402568616
5.371 16.121 1.103 2.24769809506
5.513 16.552 -0.144 2.28430885786
5.08 16.982 2.068 2.28430885786
4.548 11.615 1.482 1.98452021163
5.139 12.715 2.718 1.98452021163
6.576 14.214 -0.298 1.98452021163
4.943 13.563 -0.16 1.98452021163
5.413 14.535 2.313 1.98452021163
5.399 17.523 -0.353 1.98452021163
4.973 16.661 3.009 1.98452021163
4.968 17.953 1.854 1.98452021163
5.526 9.881 6.455 2.41516305987
6.345 8.838 7.2 2.24769809506
7.153 9.169 8.068 2.06703446881
4.034 9.638 6.692 2.41516305987
3.503 10.421 7.875 2.24769809506
3.729 11.626 7.99 2.06703446881
2.789 9.739 8.764 2.28430885786
5.784 10.859 6.83 1.98452021163
3.872 8.585 6.878 1.98452021163
2.648 8.782 8.608 1.98452021163
2.432 10.222 9.539 1.98452021163
6.829 6.477 7.5 2.32485688748
7.953 5.95 6.615 2.14243103283
8.671 5.027 6.998 1.94074133197
5.852 5.349 7.818 2.32485688748
5.227 5.454 9.199 2.32485688748
3.941 6.264 9.169 2.32485688748
3.436 6.541 10.512 2.11633202144
2.542 5.779 11.135 2.14243103283
2.055 4.7 10.539 2.18262886222
2.134 6.097 12.356 2.18262886222
7.253 6.844 8.422 1.84630452267
5.057 5.363 7.087 1.84630452267
6.374 4.412 7.749 1.84630452267
5.005 4.461 9.561 1.84630452267
5.929 5.934 9.866 1.84630452267
3.194 5.71 8.622 1.84630452267
3.782 7.334 10.973 1.84630452267
2.36 4.455 9.619 1.84630452267
1.382 4.128 11.01 1.84630452267
2.499 6.911 12.81 1.84630452267
1.461 5.524 12.824 1.84630452267
8.09 6.527 5.427 1.7
9.121 6.091 4.493 2.0
10.175 7.166 4.261 1.74
11.372 6.88 4.285 1.4
8.492 5.697 3.161 2.0
9.589 4.705 2.104 1.8
9.601 5.224 4.918 1.2
9.732 8.395 4.02 2.32219197539
10.647 9.501 3.768 2.49917816808
11.667 9.643 4.894 2.34393302806
11.397 10.282 5.912 2.17953443166
9.869 10.808 3.603 2.49917816808
10.614 11.861 2.799 2.49917816808
9.753 13.091 2.56 2.49917816808
10.461 14.102 1.673 2.49917816808
10.64 15.413 2.357 2.49917816808
11.174 9.289 2.849 2.10577365931
9.659 11.214 4.581 2.10577365931
11.501 12.154 3.341 2.10577365931
10.895 11.439 1.845 2.10577365931
9.531 13.553 3.511 2.10577365931
11.432 13.711 1.407 2.10577365931
9.876 14.249 0.778 2.10577365931
10.92 15.265 3.348 2.10577365931
9.75 15.95 2.337 2.10577365931
12.84 9.048 4.701 2.22402568616
13.882 9.126 5.706 2.41516305987
14.43 7.768 6.102 2.24769809506
15.216 7.665 7.043 2.06703446881
13.0 8.556 3.869 1.98452021163
13.48 9.608 6.586 1.98452021163
14.021 6.722 5.387 2.11633202144
14.486 5.37 5.682 2.32485688748
15.274 4.797 4.505 2.14243103283
15.924 5.537 3.766 1.94074133197
13.308 4.433 6.011 2.32485688748
12.407 4.368 4.9 2.05369213118
12.563 4.916 7.247 2.32485688748
13.394 6.849 4.645 1.84630452267
15.134 5.42 6.545 1.84630452267
13.698 3.445 6.208 1.84630452267
12.592 3.581 4.383 1.84630452267
12.783 5.96 7.415 1.84630452267
11.501 4.792 7.098 1.84630452267
12.876 4.339 8.104 1.84630452267
15.218 3.477 4.333 2.91219395265
15.932 2.821 3.244 3.0287949135
14.836 0.691 3.063 2.8243183199
17.194 2.174 3.76 3.0287949135
18.295 2.131 2.72 2.92608152912
18.697 3.21 2.235 2.8243183199
18.755 1.018 2.387 2.8243183199
14.687 2.934 4.952 2.78120700753
16.213 3.564 2.541 2.78120700753
17.548 2.727 4.611 2.78120700753
16.961 1.179 4.049 2.78120700753
14.599 2.129 1.347 2.11633202144
12.017 2.977 0.053 2.32485688748
13.999 2.737 -1.457 2.32485688748
14.822 3.005 0.989 1.84630452267
12.367 3.99 -0.087 1.84630452267
14.965 2.257 -1.402 1.84630452267
14.087 3.764 -1.137 1.84630452267
16.775 -0.492 -0.982 2.32485688748
16.931 -1.683 -0.049 2.14243103283
17.256 -2.791 -0.475 1.94074133197
18.137 0.152 -1.249 2.32485688748
19.031 -0.674 -2.16 2.32485688748
18.572 -0.652 -3.605 2.14243103283
18.249 0.404 -4.151 1.94074133197
18.537 -1.822 -4.232 2.18262886222
16.179 1.379 -0.198 1.84630452267
16.349 -0.829 -1.916 1.84630452267
17.982 1.117 -1.71 1.84630452267
18.648 0.29 -0.308 1.84630452267
20.035 -0.277 -2.113 1.84630452267
19.032 -1.696 -1.813 1.84630452267
18.807 -2.622 -3.735 1.84630452267
18.243 -1.837 -5.167 1.84630452267
16.675 -1.438 1.232 2.11633202144
16.76 -2.475 2.247 2.32485688748
15.416 -3.173 2.406 2.14243103283
15.347 -4.302 2.89 1.94074133197
17.215 -1.883 3.573 2.32485688748
16.474 -2.089 4.332 1.84630452267
18.157 -2.326 3.861 1.84630452267
14.347 -2.495 1.985 1.99639670258
13.005 -3.065 2.076 2.22693058289
12.885 -4.315 1.209 2.02565795104
11.975 -5.123 1.391 1.79544509739
11.952 -2.038 1.65 2.22693058289
11.434 -1.204 2.783 2.02565795104
11.245 0.146 2.78 2.11632732207
11.034 -1.661 4.083 2.02565795104
10.757 0.555 3.997 1.99639670258
10.62 -0.54 4.81 2.02565795104
10.986 -2.908 4.703 2.11632732207
10.168 -0.637 6.117 2.11632732207
10.537 -3.001 6.001 2.11632732207
10.131 -1.869 6.698 2.11632732207
12.83 -3.339 3.104 1.68355989822
11.114 -2.556 1.207 1.68355989822
10.541 1.478 4.243 1.68355989822
11.29 -3.782 4.188 1.68355989822
9.856 0.216 6.663 1.68355989822
10.496 -3.964 6.49 1.68355989822
9.786 -1.981 7.715 1.68355989822
13.817 -5.62 -0.624 2.22693058289
15.149 -6.36 -0.558 2.02565795104
15.433 -7.224 -1.387 1.79544509739
14.479 -4.065 -2.495 2.22693058289
14.898 -4.124 -3.949 2.22693058289
13.029 -6.288 -0.311 1.68355989822
13.98 -3.122 -2.333 1.68355989822
15.372 -4.103 -1.89 1.68355989822
11.47 -5.378 -1.591 1.68355989822
14.587 -3.219 -4.45 1.68355989822
15.972 -4.219 -4.01 1.68355989822
15.959 -6.012 0.436 2.11633202144
17.264 -6.64 0.616 2.32485688748
17.114 -8.106 1.01 2.14243103283
16.835 -8.423 2.166 1.94074133197
18.068 -5.894 1.683 2.32485688748
19.54 -5.736 1.336 2.32485688748
20.341 -6.964 1.739 2.32485688748
20.6 -7.0 3.176 2.11633202144
21.394 -7.893 3.76 2.14243103283
22.005 -8.819 3.032 2.18262886222
21.578 -7.859 5.072 2.18262886222
17.791 -6.583 -0.324 1.84630452267
17.997 -6.433 2.615 1.84630452267
19.635 -5.592 0.269 1.84630452267
19.932 -4.874 1.854 1.84630452267
19.787 -7.847 1.46 1.84630452267
21.284 -6.951 1.213 1.84630452267
20.16 -6.325 3.733 1.84630452267
21.869 -8.848 2.043 1.84630452267
22.601 -9.489 3.475 1.84630452267
21.12 -7.161 5.624 1.84630452267
22.175 -8.531 5.511 1.84630452267
17.301 -8.995 0.039 2.22402568616
17.184 -10.418 0.303 2.41516305987
15.975 -11.037 -0.372 2.24769809506
15.783 -12.252 -0.321 2.06703446881
17.522 -8.683 -0.863 1.98452021163
17.105 -10.57 1.369 1.98452021163
15.157 -10.2 -1.002 1.7
13.96 -10.667 -1.686 2.0
14.306 -11.559 -2.875 1.74
15.452 -11.98 -3.035 1.4
13.129 -9.484 -2.141 2.0
11.888 -8.934 -0.926 1.8
13.386 -11.225 -0.987 1.2
13.79 -8.669 -2.317 1.2
13.309 -11.842 -3.706 2.11633202144
13.507 -12.684 -4.88 2.32485688748
13.048 -11.969 -6.146 2.14243103283
12.02 -12.313 -6.729 1.94074133197
12.75 -14.004 -4.72 2.32485688748
13.463 -15.01 -3.832 2.32485688748
12.522 -16.112 -3.373 2.32485688748
12.696 -17.338 -4.146 2.11633202144
13.531 -18.315 -3.804 2.14243103283
14.266 -18.209 -2.705 2.18262886222
13.631 -19.4 -4.561 2.18262886222
12.417 -11.476 -3.527 1.84630452267
14.563 -12.893 -4.963 1.84630452267
11.781 -13.801 -4.29 1.84630452267
12.616 -14.449 -5.696 1.84630452267
14.277 -15.454 -4.387 1.84630452267
13.854 -14.498 -2.965 1.84630452267
12.718 -16.325 -2.332 1.84630452267
11.504 -15.768 -3.483 1.84630452267
12.163 -17.439 -4.962 1.84630452267
14.194 -17.394 -2.131 1.84630452267
14.893 -18.945 -2.45 1.84630452267
13.078 -19.483 -5.39 1.84630452267
14.259 -20.133 -4.303 1.84630452267
13.817 -10.969 -6.566 1.86000608385
13.49 -10.202 -7.761 2.11953941158
14.447 -10.537 -8.902 1.89360203896
15.671 -10.568 -8.656 1.62182580604
13.543 -8.703 -7.459 2.11953941158
13.411 -7.388 -5.329 2.11953941158
13.963 -10.766 -10.03 1.62182580604
14.623 -10.741 -6.057 1.48123575012
12.487 -10.465 -8.06 1.48123575012
14.561 -8.445 -7.207 1.48123575012
13.264 -8.168 -8.353 1.48123575012
12.258 -9.107 -5.794 1.48123575012
14.415 -7.772 -5.235 1.48123575012
13.447 -6.369 -5.682 1.48123575012
